!Experiment Random Multi Start
n d i ls_name move_strg rmr_duration number_of_runs fo_max fo_mean fo_sd n_moves_mean n_moves_sd mean2_round_time
1000 1 1 bs_array best_move 1.345000 10 208930 207954.200000 520.413259 764.700000 18.793882 0.000000
1000 1 1 bs_array first_move 0.037000 10 209224 208515.500000 384.468269 1082.500000 33.269355 0.000000
1000 1 1 tree best_move 0.214000 10 209254 208133.600000 667.361701 768.600000 17.962182 0.000000
1000 1 1 tree first_move 0.109000 10 209953 208755.700000 752.327994 1085.000000 23.664319 0.000000
1000 1 1 basic first_move 1.126000 10 209202 208546.600000 524.515624 1067.400000 36.014442 0.000000
1000 1 2 bs_array best_move 1.188000 10 205501 204441.700000 451.144556 753.700000 14.933519 0.000000
1000 1 2 bs_array first_move 0.034000 10 205440 204553.400000 490.666730 1050.000000 28.611187 0.000000
1000 1 2 tree best_move 0.211000 10 204990 204380.700000 369.203480 750.700000 13.777155 0.000000
1000 1 2 tree first_move 0.103000 10 205655 204576.600000 778.658616 1048.300000 26.472816 0.000000
1000 1 2 basic first_move 1.094000 10 205960 204444.000000 647.333299 1054.400000 18.336848 0.000000
1000 1 3 bs_array best_move 1.171000 10 203564 203096.100000 350.199786 745.800000 18.142767 0.000000
1000 1 3 bs_array first_move 0.041000 10 203880 203044.600000 452.029911 1036.000000 27.059194 0.000000
1000 1 3 tree best_move 0.197000 10 203515 202994.200000 372.833689 743.100000 19.294818 0.000000
1000 1 3 tree first_move 0.105000 10 203545 203156.200000 394.150682 1052.200000 29.734828 0.000000
1000 1 3 basic first_move 1.262000 10 203834 203127.900000 351.830769 1046.700000 30.724746 0.000000
1000 1 4 bs_array best_move 1.200000 10 212487 211798.000000 567.211601 762.200000 20.908372 0.000000
1000 1 4 bs_array first_move 0.036000 10 212895 211816.400000 515.540532 1079.400000 28.803472 0.000000
1000 1 4 tree best_move 0.207000 10 212539 211725.200000 487.303150 759.500000 17.258331 0.000000
1000 1 4 tree first_move 0.133000 10 212596 211407.300000 691.500260 1074.400000 23.495531 0.000000
1000 1 4 basic first_move 1.214000 10 212586 211459.900000 682.861252 1060.700000 26.922296 0.000000
1000 1 5 bs_array best_move 1.222000 10 210275 209341.700000 534.219627 751.400000 9.499474 0.000000
1000 1 5 bs_array first_move 0.037000 10 210668 209857.900000 508.992033 1063.100000 24.861416 0.000000
1000 1 5 tree best_move 0.203000 10 210279 209283.900000 589.127058 751.400000 12.281694 0.000000
1000 1 5 tree first_move 0.104000 10 210454 209670.500000 713.207999 1050.400000 32.549040 0.000000
1000 1 5 basic first_move 1.256000 10 210419 209831.400000 503.685854 1064.300000 23.473602 0.000000
1000 5 1 bs_array best_move 3.907000 10 854720 852218.100000 1346.266203 1137.200000 39.524170 0.000000
1000 5 1 bs_array first_move 0.227000 10 856282 853726.100000 1465.989253 1776.300000 45.672858 0.000000
1000 5 1 tree best_move 1.108000 10 854121 852620.200000 1180.188104 1150.300000 37.172705 0.000000
1000 5 1 tree first_move 1.312000 10 856484 853968.500000 1540.733024 1778.900000 76.141250 0.000000
1000 5 1 basic first_move 1.797000 10 856790 853638.900000 1883.091471 1769.000000 52.598479 0.000000
1000 5 2 bs_array best_move 3.931000 10 861396 858195.000000 1662.583652 1147.900000 31.478405 0.000000
1000 5 2 bs_array first_move 0.234000 10 860698 858658.200000 1436.335532 1763.800000 51.820459 0.000000
1000 5 2 tree best_move 1.124000 10 860372 858267.600000 1311.813569 1183.100000 37.254396 0.000000
1000 5 2 tree first_move 1.271000 10 861714 859354.100000 1349.222031 1779.700000 52.063519 0.000000
1000 5 2 basic first_move 1.952000 10 860282 858444.200000 1211.221268 1787.100000 49.086556 0.000000
1000 5 3 bs_array best_move 3.953000 10 864292 863392.100000 616.750914 1159.100000 24.246443 0.000000
1000 5 3 bs_array first_move 0.226000 10 867334 863710.000000 1438.101596 1800.200000 31.140970 0.000000
1000 5 3 tree best_move 1.114000 10 866601 863372.500000 1323.333764 1173.000000 51.180074 0.000000
1000 5 3 tree first_move 1.276000 10 864680 862861.400000 749.742516 1753.400000 55.407942 0.000000
1000 5 3 basic first_move 1.787000 10 866225 863841.400000 1359.364572 1767.700000 66.155952 0.000000
1000 5 4 bs_array best_move 3.951000 10 863567 861892.900000 1070.468631 1156.500000 48.384398 0.000000
1000 5 4 bs_array first_move 0.222000 10 865700 862705.000000 1423.627971 1762.700000 39.545038 0.000000
1000 5 4 tree best_move 1.172000 10 864276 861329.300000 1512.011379 1140.200000 47.061237 0.000000
1000 5 4 tree first_move 1.343000 10 864732 863141.100000 1330.867420 1788.000000 44.463468 0.000000
1000 5 4 basic first_move 1.988000 10 865221 863327.400000 1409.559165 1781.900000 59.034651 0.000000
1000 5 5 bs_array best_move 3.911000 10 858414 856943.000000 1030.668618 1149.000000 40.102369 0.000000
1000 5 5 bs_array first_move 0.237000 10 860408 858788.700000 784.643875 1800.900000 35.903900 0.000000
1000 5 5 tree best_move 1.146000 10 858432 856508.000000 1317.807801 1144.700000 53.730904 0.000000
1000 5 5 tree first_move 1.364000 10 859416 857448.400000 1063.954247 1784.000000 49.416596 0.000000
1000 5 5 basic first_move 1.756000 10 857471 856472.300000 936.125958 1775.400000 36.401099 0.000000
1000 10 1 bs_array best_move 7.133000 10 1607593 1602015.100000 2775.367812 1321.500000 60.816527 0.000000
1000 10 1 bs_array first_move 0.617000 10 1604786 1602551.400000 1280.924526 2079.800000 55.758049 0.000000
1000 10 1 tree best_move 2.898000 10 1605329 1602306.500000 2214.913825 1304.300000 53.069860 0.000000
1000 10 1 tree first_move 3.982000 10 1606076 1603459.800000 1711.934099 2089.400000 71.131146 0.000000
1000 10 1 basic first_move 2.198000 10 1606921 1605013.100000 1628.840720 2136.400000 75.478739 0.000000
1000 10 2 bs_array best_move 7.160000 10 1624475 1622105.400000 2328.926886 1322.400000 66.077530 0.000000
1000 10 2 bs_array first_move 0.633000 10 1628088 1623481.700000 2386.422639 2112.800000 64.214952 0.000000
1000 10 2 tree best_move 3.068000 10 1627054 1623490.900000 2591.586481 1328.400000 52.922963 0.000000
1000 10 2 tree first_move 4.073000 10 1626304 1623832.500000 1611.183494 2098.900000 77.706435 0.000000
1000 10 2 basic first_move 2.171000 10 1625430 1622542.000000 1848.200909 2082.900000 62.013628 0.000000
1000 10 3 bs_array best_move 7.186000 10 1626240 1621205.700000 2561.146933 1334.700000 54.083362 0.000000
1000 10 3 bs_array first_move 0.647000 10 1625683 1622812.100000 1784.710254 2104.500000 57.166861 0.000000
1000 10 3 tree best_move 3.054000 10 1623792 1621421.600000 1950.903903 1330.500000 56.262332 0.000000
1000 10 3 tree first_move 4.231000 10 1626694 1622772.100000 2599.698461 2165.800000 102.745122 0.000000
1000 10 3 basic first_move 2.216000 10 1625725 1622812.900000 1841.994596 2088.000000 50.002000 0.000000
1000 10 4 bs_array best_move 7.272000 10 1621349 1617328.900000 2801.464812 1341.300000 53.005754 0.000000
1000 10 4 bs_array first_move 0.647000 10 1621676 1619201.500000 1341.935710 2117.400000 73.284651 0.000000
1000 10 4 tree best_move 2.986000 10 1619113 1616791.200000 1421.448121 1313.700000 48.742281 0.000000
1000 10 4 tree first_move 4.028000 10 1621641 1618561.900000 1956.089592 2122.200000 59.962989 0.000000
1000 10 4 basic first_move 2.431000 10 1623665 1618981.900000 2780.233316 2157.100000 89.606306 0.000000
1000 10 5 bs_array best_move 7.114000 10 1619872 1615477.200000 2176.204255 1316.800000 67.725623 0.000000
1000 10 5 bs_array first_move 0.641000 10 1619965 1616270.800000 1545.201398 2117.000000 47.778656 0.000000
1000 10 5 tree best_move 2.986000 10 1618489 1615901.200000 1771.667057 1338.900000 61.330987 0.000000
1000 10 5 tree first_move 4.016000 10 1621900 1617696.100000 1848.237942 2099.500000 83.599342 0.000000
1000 10 5 basic first_move 2.443000 10 1620580 1617739.000000 1524.058923 2096.900000 69.328854 0.000000
1000 50 1 bs_array best_move 44.410000 10 8076680 8070266.500000 5123.152687 1699.900000 100.347845 2.000000
1000 50 1 bs_array first_move 10.594000 10 8072814 8070183.300000 2079.737341 3030.600000 71.900209 0.000000
1000 50 1 tree best_move 32.783000 10 8076532 8070024.000000 3406.049354 1698.800000 67.712333 1.000000
1000 50 1 tree first_move 54.017000 10 8076050 8066809.100000 4312.134100 2949.800000 114.359783 1.000000
1000 50 1 basic first_move 3.308000 10 8075019 8067402.400000 4032.624386 2953.100000 99.199244 0.000000
1000 50 2 bs_array best_move 44.470000 10 8070039 8063948.900000 3881.244604 1687.800000 61.530155 2.000000
1000 50 2 bs_array first_move 10.746000 10 8078837 8070618.300000 5841.815643 3020.200000 132.838850 0.000000
1000 50 2 tree best_move 33.030000 10 8074761 8068109.200000 3356.900171 1710.600000 75.892292 1.000000
1000 50 2 tree first_move 53.973000 10 8075726 8066740.800000 5631.755762 2954.000000 147.497797 1.000000
1000 50 2 basic first_move 3.725000 10 8080999 8070713.700000 4745.545870 3068.300000 121.307090 0.000000
1000 50 3 bs_array best_move 44.497000 10 8067062 8061548.800000 3517.814487 1693.100000 84.469462 2.000000
1000 50 3 bs_array first_move 10.608000 10 8072643 8066575.300000 5489.712653 3045.500000 75.498675 0.000000
1000 50 3 tree best_move 33.323000 10 8076276 8065658.700000 5679.497443 1736.300000 96.581624 1.000000
1000 50 3 tree first_move 55.956000 10 8074852 8066671.100000 3952.693650 3016.400000 153.989091 1.000000
1000 50 3 basic first_move 5.536000 10 8072283 8066187.500000 3757.552189 2987.900000 114.823734 0.000000
1000 50 4 bs_array best_move 45.304000 10 8075450 8068902.900000 5440.818991 1695.300000 64.513642 2.000000
1000 50 4 bs_array first_move 10.690000 10 8076165 8067588.900000 4543.595941 2994.100000 61.737266 0.000000
1000 50 4 tree best_move 32.276000 10 8074094 8066117.500000 5995.348735 1671.300000 126.970902 1.000000
1000 50 4 tree first_move 53.884000 10 8071778 8067663.100000 2456.411305 2937.900000 91.617084 1.000000
1000 50 4 basic first_move 3.073000 10 8072101 8068719.800000 2541.283605 2963.800000 85.789044 0.000000
1000 50 5 bs_array best_move 45.475000 10 8070474 8060576.300000 6005.232786 1679.100000 71.367289 2.000000
1000 50 5 bs_array first_move 10.969000 10 8079233 8067228.200000 6257.360159 2992.800000 125.731301 0.000000
1000 50 5 tree best_move 33.069000 10 8068985 8063332.400000 4457.570464 1682.200000 42.506000 1.000000
1000 50 5 tree first_move 56.616000 10 8073412 8066064.400000 4096.804442 2994.200000 124.578329 1.000000
1000 50 5 basic first_move 3.572000 10 8074079 8067256.400000 5716.597627 3046.600000 95.491570 0.000000
1000 100 1 bs_array best_move 101.837000 10 25762473 25757059.400000 3352.496085 1815.500000 92.600486 5.000000
1000 100 1 bs_array first_move 38.269000 10 25765521 25760222.200000 3768.160111 3464.400000 193.792260 0.000000
1000 100 1 tree best_move 84.874000 10 25759236 25755600.200000 2924.873331 1847.400000 99.286656 3.000000
1000 100 1 tree first_move 146.820000 10 25766253 25759363.500000 5585.454726 3402.100000 122.443824 3.000000
1000 100 1 basic first_move 4.949000 10 25766812 25761097.500000 3869.565043 3497.100000 147.617377 0.000000
1000 100 2 bs_array best_move 103.758000 10 25764864 25759956.900000 4033.822086 1791.200000 83.348425 5.000000
1000 100 2 bs_array first_move 37.997000 10 25766915 25759595.400000 4502.119667 3362.500000 152.046868 0.000000
1000 100 2 tree best_move 83.010000 10 25774864 25759643.200000 5752.198884 1794.400000 79.073637 3.200000
1000 100 2 tree first_move 153.839000 10 25769169 25759110.900000 5869.782226 3380.500000 137.437440 3.100000
1000 100 2 basic first_move 4.191000 10 25765917 25758852.400000 4416.935434 3372.700000 149.782542 0.000000
1000 100 3 bs_array best_move 102.013000 10 25799377 25793223.300000 3603.828797 1777.300000 56.105347 5.000000
1000 100 3 bs_array first_move 38.389000 10 25800585 25793655.900000 3169.503510 3420.400000 142.870011 0.000000
1000 100 3 tree best_move 82.071000 10 25798744 25790425.400000 4234.391913 1745.600000 73.931319 3.400000
1000 100 3 tree first_move 151.026000 10 25801647 25794970.700000 3394.802406 3396.900000 106.695314 3.000000
1000 100 3 basic first_move 4.174000 10 25798897 25794202.000000 2514.912598 3349.100000 165.930980 0.000000
1000 100 4 bs_array best_move 106.366000 10 25813259 25807599.400000 4216.648551 1850.300000 79.280578 5.000000
1000 100 4 bs_array first_move 37.687000 10 25817146 25808559.300000 5339.243486 3448.100000 102.779813 0.000000
1000 100 4 tree best_move 86.009000 10 25818041 25808447.100000 4397.029722 1855.200000 96.361611 3.200000
1000 100 4 tree first_move 153.490000 10 25814973 25806364.900000 5387.687781 3473.500000 129.198491 3.000000
1000 100 4 basic first_move 4.389000 10 25818191 25807161.000000 5176.598594 3461.100000 113.046406 0.000000
1000 100 5 bs_array best_move 101.792000 10 25768359 25761709.700000 4246.975733 1808.300000 95.111566 5.000000
1000 100 5 bs_array first_move 38.095000 10 25775649 25765098.100000 4424.271155 3423.500000 171.794790 0.000000
1000 100 5 tree best_move 88.068000 10 25769463 25762209.300000 4416.695852 1805.300000 89.526588 3.800000
1000 100 5 tree first_move 153.475000 10 25768931 25763856.300000 5062.669651 3428.500000 213.864092 3.100000
1000 100 5 basic first_move 4.731000 10 25772379 25763495.300000 5450.478660 3459.200000 203.227360 0.000000
