fo time ls_time n_ls_moves
110 864381 110 1194
221 862327 97 1136
331 863781 95 1231
447 863555 101 1089
629 863416 156 1213
770 863169 109 1150
897 862971 112 1149
1016 862215 102 1127
1149 863254 114 1131
1257 859111 92 1039
1381 860983 109 1105
1488 860622 89 1121
1603 860819 100 1136
1711 864282 91 1151
1834 863011 101 1158
1951 864916 100 1172
2090 865099 121 1218
2234 862986 125 1160
2358 862082 108 1191
2475 862295 91 1118
2598 864411 108 1173
2707 864302 93 1192
2849 863888 125 1124
2954 861488 88 1110
3070 860350 101 1114
3172 859804 87 1107
3294 865193 106 1186
3422 860857 110 1106
3559 863541 115 1132
3690 862951 113 1142
3812 861955 102 1169
3935 861677 106 1123
4068 864551 116 1179
4194 863537 109 1177
4326 867263 116 1237
4441 860908 97 1165
4571 863726 113 1167
4685 863483 96 1171
4827 862959 121 1146
4963 863149 119 1097
5088 863363 106 1154
5221 862677 116 1169
5326 863536 89 1122
5450 863514 104 1184
5559 863300 92 1143
5683 862281 101 1108
5811 864714 113 1174
5926 864008 98 1159
6061 864513 118 1218
6172 861868 93 1099
6316 861153 124 1148
6448 865241 114 1117
6566 862681 102 1158
6690 862012 107 1167
6791 863509 86 1109
6913 862218 106 1127
7027 863076 99 1147
7143 863842 100 1108
7267 861221 110 1137
7387 861865 95 1089
7513 864712 111 1218
7622 861791 93 1103
7750 861800 112 1153
7861 863487 94 1181
7995 864390 116 1256
8101 863633 90 1136
8224 862540 107 1089
8380 863532 141 1082
8499 862146 101 1145
8635 860518 118 1118
8757 864171 107 1216
8883 863142 103 1174
9005 862452 107 1103
9124 862622 95 1169
9237 861957 99 1132
9344 863805 91 1158
9460 861021 101 1148
9570 863823 94 1214
9689 863619 104 1182
9793 864994 89 1145
9907 862226 99 1151
10015 862302 94 1177
10135 862280 105 1197
10238 861061 88 1149
10354 861384 101 1085
10460 863789 91 1156
10592 862396 115 1118
10693 860588 86 1110
10837 863384 129 1152
10958 861568 106 1152
11076 864201 101 1196
11194 860651 101 1144
11308 864731 93 1133
11425 865016 103 1156
11529 859691 89 1143
11651 862242 107 1122
11757 864086 91 1196
11874 859725 102 1131
11977 862990 89 1159
12096 863580 105 1148
12201 860851 89 1128
12334 862243 114 1143
12457 860304 106 1204
12588 865322 111 1234
12713 860600 108 1175
12823 862101 92 1117
12953 866318 115 1167
13059 863915 91 1194
13174 860720 97 1143
13285 862487 96 1169
13411 866319 104 1234
13534 862733 107 1142
13643 863587 92 1117
13766 864095 106 1169
13868 861041 87 1103
13986 862647 103 1161
14093 863519 91 1181
14216 863016 108 1151
14323 861936 91 1172
14439 863341 101 1136
14545 863725 91 1179
14665 864308 104 1172
14768 861472 88 1144
14890 864828 107 1209
14998 865639 92 1179
15115 861926 98 1149
15219 861794 90 1123
15344 864793 103 1288
15465 864823 107 1221
15571 862819 90 1149
15705 861084 117 1148
15822 864112 100 1207
15950 864038 113 1203
16059 866495 93 1188
16184 862291 106 1176
16311 862518 107 1145
16421 861260 91 1087
16537 863959 102 1174
16648 862633 94 1181
16762 863823 99 1116
16865 862564 88 1142
16983 862125 104 1092
17083 859633 84 1090
17204 865525 107 1216
17306 859975 86 1100
17426 864690 105 1188
17528 863463 87 1124
17649 862104 106 1194
17752 860996 88 1122
17876 862565 108 1166
18003 862293 111 1174
18119 862530 98 1161
18244 864125 109 1116
18357 862331 96 1125
18475 862701 101 1140
18595 864347 103 1214
18719 861097 108 1139
18838 862687 102 1166
18961 860301 101 1121
19084 861294 107 1153
19199 862375 98 1137
19331 865067 115 1215
19435 861622 88 1066
19567 866029 116 1156
19677 861006 95 1141
19807 864505 107 1204
19925 863265 101 1118
20050 864136 105 1167
20167 862427 102 1105
20288 862299 100 1163
20412 862889 109 1168
20524 862319 95 1107
20663 864460 122 1266
20779 863109 99 1175
20901 864381 98 1176
21023 862025 105 1166
21133 864289 95 1111
21253 863312 104 1190
21363 861025 93 1125
21487 864300 109 1181
21596 862818 92 1121
21716 860899 104 1143
21824 862567 92 1113
21954 862216 112 1226
22062 862281 92 1089
22182 864194 96 1203
22298 862177 101 1158
22407 862604 93 1154
22525 859459 102 1086
22634 859604 92 1086
22751 862772 103 1139
22860 862749 92 1192
23028 862667 152 1105
23168 860604 116 1103
23289 864699 104 1105
23421 862585 115 1141
23533 862293 97 1127
23654 862251 106 1119
23764 863786 93 1128
23880 862838 97 1120
24005 863286 109 1101
24174 864341 139 1164
24303 862953 110 1182
24422 863159 101 1177
24539 863176 96 1187
24670 863092 109 1132
24786 866481 100 1217
24907 862590 104 1104
25031 863418 106 1204
25155 861493 107 1144
25264 860364 93 1076
25388 861105 104 1104
25521 865115 116 1193
25628 864226 92 1163
25755 864049 112 1168
25859 862627 89 1134
25987 863842 113 1176
26101 862943 98 1158
26222 864379 104 1138
26327 862579 90 1071
26451 863408 106 1154
26564 863726 97 1115
26678 862109 91 1136
26841 861464 148 1198
26948 862985 91 1159
27070 864315 105 1137
27176 860763 90 1094
27309 861211 110 1145
27431 862507 106 1095
27558 864223 107 1169
27685 861782 112 1199
27793 861694 93 1134
27923 864251 113 1154
28046 865088 106 1162
28165 860986 101 1103
28280 860957 100 1151
28386 863125 90 1151
28508 864445 107 1181
28609 859746 85 1102
28726 861937 103 1187
28836 863980 94 1205
28951 863698 101 1147
29056 865489 90 1164
29175 864545 104 1168
29276 862740 86 1125
29390 863220 99 1127
29491 862677 86 1100
29613 861404 104 1156
29716 860748 88 1111
29855 864429 117 1172
29973 862674 102 1083
30076 860193 87 1100
30189 862511 97 1092
30305 862957 101 1179
30437 860861 116 1190
30545 862604 90 1127
30663 862918 103 1149
30772 862953 93 1148
30902 862227 114 1166
31036 862562 117 1135
31178 862837 113 1169
31292 861014 99 1112
31397 861334 90 1148
31515 862821 104 1179
31625 860836 95 1152
31753 862212 112 1171
31856 865124 88 1119
31973 863967 99 1148
32095 864059 104 1180
32216 860720 98 1146
32341 862425 108 1146
32448 862554 92 1149
32566 862579 103 1150
32679 866985 97 1235
32798 864698 103 1139
32903 860560 90 1156
33016 861874 98 1121
33122 863155 92 1169
33236 861016 98 1107
33339 861833 88 1131
33452 861187 98 1117
33553 860640 86 1107
33675 865250 106 1221
33774 861197 84 1091
33895 862353 104 1132
34017 861392 101 1136
34129 863289 95 1193
34248 862583 104 1193
34353 861672 89 1125
34478 864559 110 1239
34597 863990 102 1183
34724 862076 110 1110
34836 861454 96 1163
34951 862938 89 1099
35055 861408 88 1111
35195 860183 115 1095
35315 862685 104 1111
35425 861364 87 1108
35541 859780 101 1128
35655 866084 99 1269
35768 861279 99 1143
35874 864841 91 1188
35989 864752 100 1145
36087 861010 82 1063
36206 863385 104 1155
36309 858174 89 1148
36431 860437 108 1120
36533 862354 86 1126
36650 863115 102 1137
36753 862479 88 1135
36873 863202 105 1184
36978 862547 89 1082
37101 861103 107 1152
37206 864792 90 1139
37323 861994 102 1172
37424 860024 86 1118
37535 858814 96 1077
37635 863512 85 1082
37758 866240 105 1219
37873 864390 101 1251
37994 863961 99 1188
38111 861930 102 1178
38221 864217 93 1143
38343 864636 106 1219
38458 863381 97 1144
38582 862881 108 1210
38692 861873 94 1181
38827 861198 119 1113
38958 861625 115 1135
39066 862688 91 1119
39192 863450 111 1151
39308 861788 99 1131
39431 864903 107 1221
39534 860830 88 1146
39663 863036 114 1176
39822 865655 144 1206
39973 863834 132 1135
40138 864885 146 1140
40289 861691 135 1159
40427 861764 117 1187
40580 864584 130 1191
40743 863580 144 1179
40873 863169 112 1196
40988 862784 92 1116
41098 862614 92 1152
41210 862337 90 1163
41331 861408 106 1116
41436 861834 89 1120
41552 861324 101 1168
41662 863718 94 1188
41785 863680 108 1118
41889 860759 89 1147
42006 861183 102 1153
42113 862588 92 1135
42255 861350 126 1168
42379 864460 107 1174
42487 863635 90 1141
42622 862513 119 1098
42754 864276 109 1177
42878 861466 109 1156
42990 863321 97 1198
43109 865048 95 1196
43227 860861 102 1042
43329 861968 87 1099
43441 864319 97 1114
43544 866160 87 1130
43663 863050 105 1188
43781 863129 103 1160
43900 862105 103 1122
44004 865286 89 1107
44131 860926 109 1137
44252 863616 106 1162
44386 865178 112 1170
44504 864936 102 1194
44609 862696 90 1112
44718 862123 94 1112
44834 863817 99 1208
44960 865073 112 1200
45071 863154 95 1161
45199 865993 112 1217
45313 864941 99 1207
45434 864228 106 1137
45547 864183 92 1157
45667 861651 105 1125
45767 862060 85 1096
45887 862668 105 1193
46005 864279 102 1261
46146 863593 123 1212
46259 859956 95 1095
46365 861586 91 1143
46478 863411 98 1142
46586 864485 91 1178
46698 863179 97 1075
46798 861219 85 1097
46927 865276 114 1210
47037 862649 93 1194
47157 862336 106 1131
47270 862643 98 1127
47400 863161 112 1166
47519 865385 104 1222
47639 866000 103 1249
47758 860500 103 1124
47862 861124 89 1147
47982 862930 106 1208
48095 866359 98 1246
48219 861181 109 1125
48323 861237 88 1132
48456 860051 115 1105
48571 860896 98 1086
48680 862791 92 1134
48806 862063 110 1224
48922 861602 100 1147
49063 862664 123 1163
49200 862736 119 1104
49330 860758 107 1111
49495 863348 133 1164
49628 864916 110 1270
49739 861027 92 1157
49868 862799 109 1197
49978 863067 94 1136
50123 862655 126 1129
50252 858644 111 1102
50422 863403 133 1264
50571 863848 131 1171
50738 863757 144 1103
50863 859994 107 1170
50991 863303 110 1142
51127 863358 119 1192
51237 858722 92 1112
51359 864113 105 1166
51467 863867 93 1163
51637 862724 155 1106
51777 861327 122 1128
51894 863401 99 1144
52026 862831 116 1154
52134 862447 92 1139
52271 863071 117 1180
52385 864996 99 1258
52498 861203 93 1127
52630 862376 117 1165
52743 862363 97 1155
52865 863047 105 1118
52974 863681 92 1110
53104 867443 111 1250
53214 863851 95 1204
53336 861592 106 1145
53435 862061 84 1088
53551 863089 98 1137
53650 863273 84 1094
53770 860855 104 1127
53884 863708 98 1153
54003 863376 98 1114
54125 861007 106 1112
54237 863052 95 1128
54354 862289 100 1083
54472 866056 99 1249
54604 862970 116 1155
54718 860971 98 1159
54835 862226 95 1149
54948 861416 98 1166
55057 861444 89 1132
55166 861374 94 1130
55274 861256 89 1131
55389 862041 100 1179
55502 865175 98 1254
55613 860348 96 1095
55716 862121 88 1146
55833 863243 102 1127
55934 862287 86 1124
56054 863018 104 1198
56162 865120 93 1177
56277 860183 101 1124
56382 863176 89 1156
56490 860993 94 1094
56593 861924 87 1143
56710 863647 103 1181
56817 864002 91 1200
56933 862092 101 1174
57034 863145 85 1109
57165 863787 116 1221
57275 862102 95 1238
57395 866995 102 1213
57504 864456 94 1184
57620 864351 94 1168
57730 862405 94 1155
57848 863052 96 1157
57963 864344 99 1108
58075 862760 97 1168
58187 860301 97 1116
58291 862503 89 1153
58411 866077 106 1181
58515 865491 89 1157
58637 864688 107 1143
58765 862173 113 1200
58893 862047 112 1142
59001 862332 94 1179
59145 865839 118 1152
59276 861839 116 1140
59392 861498 100 1137
59513 861060 105 1171
59638 864245 108 1194
59748 860958 91 1053
59861 862294 98 1181
59990 863849 106 1177
60115 861267 110 1111
60223 859616 90 1122
60343 863354 104 1151
60449 866075 91 1176
60570 865028 105 1179
60673 862153 88 1108
60795 863182 107 1176
60905 864195 95 1202
61025 861534 105 1176
61132 863162 91 1164
61259 862336 109 1162
61374 866761 100 1184
61483 861998 91 1160
61594 862681 96 1122
61700 861187 87 1119
61830 862961 115 1143
61945 862173 98 1185
62071 860968 111 1107
62186 862207 99 1121
62312 859598 108 1094
62434 862499 106 1204
62550 862392 87 1078
62683 863928 116 1201
62803 864192 103 1162
62924 862798 106 1137
63030 863292 92 1138
63162 863488 117 1200
63269 864491 91 1178
63389 863355 104 1182
63507 861842 103 1169
63626 860791 98 1158
63754 863509 113 1131
63877 863615 107 1251
64044 863666 125 1164
64157 864011 97 1150
64297 862912 117 1196
64425 862514 111 1272
64535 862804 95 1174
64655 863248 104 1170
64761 861412 91 1172
64874 861866 98 1083
64988 861482 93 1144
65133 866512 129 1230
65258 864343 110 1170
65369 864557 93 1186
65508 864470 118 1186
65631 862880 104 1089
65764 863422 113 1126
65877 859806 96 1068
65990 862477 91 1127
66123 862677 117 1183
66229 863081 91 1174
66362 862935 115 1115
66467 862228 89 1136
66590 862917 109 1164
66698 862083 92 1180
66817 865583 100 1160
66932 864334 99 1216
67042 861694 90 1092
67150 863951 92 1146
67266 862912 96 1158
67387 862936 106 1176
67491 862510 89 1136
67617 861234 111 1157
67723 862361 90 1180
67840 865076 103 1190
67944 862368 89 1147
68055 860341 96 1076
68168 864733 97 1181
68308 863338 118 1172
68462 864625 134 1180
68582 864519 102 1182
68707 864052 107 1179
68817 863654 93 1157
68953 861032 121 1210
69055 861681 86 1103
69178 864115 108 1124
69281 859890 88 1077
69390 863677 88 1136
69497 862712 91 1148
69618 859096 100 1076
69761 865699 124 1172
69872 863610 94 1195
69983 862350 97 1078
70101 865108 99 1223
70216 862623 100 1133
70323 865405 92 1187
70443 862076 104 1147
70553 863946 96 1224
70673 860572 101 1105
70785 864028 96 1120
70909 866584 100 1193
71026 864337 102 1162
71134 860178 92 1151
71253 863670 104 1191
71359 862497 89 1142
71528 864714 150 1222
71676 864785 130 1184
71790 861238 97 1113
71915 860152 107 1074
72035 863051 102 1169
72152 860184 94 1044
72277 862178 109 1141
72393 864341 98 1176
72518 863190 110 1162
72630 862584 95 1130
72752 861201 107 1107
72863 863734 94 1129
73014 864966 133 1200
73133 861375 103 1139
73250 861824 97 1181
73365 860244 98 1125
73481 864464 102 1120
73618 865021 115 1253
73739 864889 107 1236
73851 863280 89 1081
73957 861623 90 1068
74085 863070 106 1171
74208 864449 108 1180
74317 862706 94 1203
74433 861602 100 1063
74552 866459 102 1199
74671 860256 104 1066
74781 860324 94 1104
74910 861941 112 1181
75033 863797 107 1176
75155 861855 99 1146
75286 863385 113 1186
75404 862797 100 1137
75542 861576 121 1117
75673 864270 112 1176
75796 863883 101 1151
75902 862715 92 1082
76012 860773 89 1105
76134 862245 106 1138
76250 862495 97 1169
76370 861592 104 1093
76481 861310 94 1099
76603 859790 106 1084
76733 862898 112 1111
76875 861670 111 1139
76998 863099 108 1181
77111 862990 96 1198
77235 865457 108 1169
77341 860501 90 1077
77462 861009 106 1117
77566 861097 90 1165
77691 862533 110 1163
77803 862623 95 1184
77931 864354 110 1265
78072 864111 122 1201
78186 864340 97 1152
78324 862688 119 1164
78436 862388 95 1165
78554 861290 98 1144
78662 862222 93 1141
78775 861399 91 1134
78878 860848 87 1078
79001 862996 99 1152
79146 862434 130 1161
79257 862510 96 1163
79388 863168 112 1129
79506 861257 101 1107
79643 863157 120 1106
79753 863857 94 1118
79881 864950 105 1251
80010 862661 113 1190
80118 858754 91 1079
80250 865924 116 1194
80387 862645 100 1206
80499 858028 90 1076
80632 863145 117 1176
80743 858410 95 1096
80869 860361 110 1130
80982 862834 95 1193
81101 862421 103 1098
81204 861776 87 1104
81324 864264 105 1111
81438 861461 97 1138
81555 862359 99 1145
81663 861333 93 1125
81781 862776 100 1182
81896 863808 100 1250
82003 859113 88 1033
82111 863536 93 1123
82222 860906 87 1100
82356 864189 110 1171
82477 861776 104 1130
82603 861363 109 1109
82717 861244 97 1137
82836 862335 102 1088
82939 858854 86 1071
83064 861337 108 1188
83193 862293 114 1112
83318 861745 102 1183
83442 862826 107 1156
83552 862919 94 1129
83678 863773 109 1168
83798 861556 99 1122
83919 863951 106 1182
84022 862915 88 1116
84139 863059 102 1141
84259 862698 106 1148
84372 861460 92 1072
84487 863068 100 1156
84594 858739 90 1079
84715 862095 106 1150
84821 861695 90 1092
84942 862448 104 1134
85062 864259 103 1184
