fo time ls_time n_ls_moves
33 204350 33 776
62 204390 25 764
82 204482 17 734
102 204285 17 740
121 204474 17 754
141 204888 17 763
159 203538 16 716
179 203829 17 742
199 205470 18 783
219 204746 17 759
238 205086 17 769
260 204800 19 762
285 204511 22 759
304 204002 17 747
325 203564 18 799
345 204468 17 743
364 204314 17 752
383 205265 16 733
403 204188 17 761
421 204081 16 725
440 203110 16 734
459 204352 16 740
494 205395 32 771
536 204504 36 757
556 204208 18 781
576 204518 17 726
602 205006 23 764
629 203647 24 742
649 205136 18 769
669 204853 17 746
710 205676 18 765
730 204650 18 773
750 204061 17 745
770 204746 18 765
790 204394 17 769
809 204871 17 747
828 203960 17 748
848 204071 17 756
867 204923 17 795
891 205164 21 762
913 203716 18 740
932 203195 17 730
951 204149 17 768
970 203858 16 741
991 205100 19 773
1011 204321 17 770
1030 204752 16 745
1050 205136 17 753
1068 203175 16 698
1088 204042 17 759
1114 204119 24 722
1141 204204 22 746
1161 203761 18 774
1181 204844 17 744
1200 204092 17 749
1220 203445 17 759
1240 203931 18 791
1260 204771 17 765
1279 204531 16 726
1298 203589 16 743
1319 203646 19 737
1344 204067 22 759
1364 204487 17 745
1384 205203 17 761
1404 205427 17 752
1423 204070 17 742
1442 203957 16 718
1461 204105 17 772
1480 203531 16 734
1500 203452 17 763
1519 205012 17 736
1540 203659 18 712
1565 203999 22 728
1584 203667 17 734
1603 204711 17 734
1623 204628 17 741
1643 204591 17 772
1662 206002 17 750
1682 203509 17 730
1702 204915 17 764
1721 204539 17 737
1741 205046 18 777
1764 205093 20 789
1790 204583 23 757
1809 203837 17 755
1829 204370 17 765
1849 204425 17 762
1868 204174 17 748
1887 204013 16 735
1906 205024 17 757
1926 203545 17 757
1945 204365 17 744
1968 203932 20 722
1992 204539 21 766
2012 204497 17 741
2032 203831 17 761
2051 203890 17 753
2071 203950 17 763
2091 204426 17 761
2110 203433 16 729
2129 205162 17 793
2150 203923 18 795
2171 204460 18 780
2199 204535 25 784
2219 203991 17 757
2239 204865 18 766
2258 203605 17 739
2279 205387 18 814
2299 203762 17 767
2318 204237 17 760
2338 204402 17 781
2358 205843 18 795
2380 204121 19 750
2404 203535 22 751
2424 205103 17 756
2444 205472 18 758
2464 205085 17 753
2497 204436 18 765
2518 204134 18 754
2538 204435 18 793
2558 204162 17 741
2578 205861 18 771
2600 205015 20 772
2631 205153 28 760
2652 205099 18 803
2672 204227 17 769
2692 203903 17 743
2711 203815 17 750
2731 204835 17 756
2750 204958 17 760
2771 204922 18 796
2791 205488 17 777
2813 205063 19 793
2839 205577 22 755
2859 204240 17 739
2879 204084 17 761
2900 204979 18 807
2919 203893 17 733
2939 204840 17 781
2958 204402 16 717
2977 203927 17 772
2998 204491 18 779
3017 203879 16 738
3039 204557 20 773
3065 204467 23 745
3083 204778 16 736
3103 204412 17 741
3122 204801 16 722
3141 203761 17 740
3161 204502 18 777
3181 205459 17 752
3200 204527 16 726
3218 203366 16 725
3238 204357 17 760
3260 205023 19 769
3286 203633 24 763
3306 204981 17 760
3326 204773 17 783
3345 204681 17 749
3364 204518 17 747
3383 204205 16 730
3402 203437 16 726
3421 203088 17 750
3441 204723 17 782
3460 204568 17 761
3482 204650 19 775
3509 204976 24 782
3527 203671 16 737
3547 204314 17 783
3566 203190 16 717
3586 204458 17 777
3605 204943 17 756
3625 204622 17 750
3644 204383 16 737
3663 205178 16 742
3684 204250 19 736
3709 204554 21 751
3729 205290 17 760
3748 203600 16 715
3768 204281 17 760
3788 204638 17 783
3807 204648 17 769
3826 204621 17 756
3845 205165 17 769
3864 204507 16 743
3886 204036 20 768
3916 204479 25 764
3937 204960 18 805
3957 204011 17 747
3976 203609 17 752
3995 205025 17 730
4015 204209 17 758
4036 204849 18 798
4055 204678 17 751
4077 204845 19 774
4097 203831 18 716
4125 203875 24 744
4144 204806 16 721
4164 204145 18 777
4184 204748 17 751
4203 204818 16 734
4222 204435 17 741
4241 203454 16 729
4260 204593 16 737
4279 203660 16 748
4298 204018 17 754
4321 203551 20 756
4346 205614 23 778
4366 204651 17 756
4385 204203 17 747
4406 204992 18 800
4425 203871 16 737
4444 205149 17 768
4463 204081 16 746
4482 204214 16 743
4501 203770 17 740
4521 204400 17 772
4542 204047 19 740
4567 204285 22 746
4587 203932 17 764
4607 205154 18 786
4626 204501 17 748
4646 205098 17 784
4666 204204 17 769
4685 204545 17 734
4705 205049 17 769
4724 204693 16 732
4746 203450 19 780
4772 204671 24 760
4791 204344 16 731
4811 203761 17 764
4831 203092 17 736
4850 203868 17 758
4869 204556 17 761
4889 204276 17 755
4908 204775 17 777
4928 203795 17 778
4950 204721 19 762
4975 204185 23 764
4995 204608 17 740
5015 205012 18 775
5035 204737 17 760
5054 204162 17 729
5078 204946 21 767
5098 204844 18 791
5118 204398 17 765
5136 204576 16 740
5162 204734 23 728
5184 204717 18 735
5208 204973 17 754
5228 204746 17 744
5247 204202 16 730
5267 204094 17 761
5286 204231 17 746
5306 204514 17 775
5325 205019 17 759
5345 204420 17 759
5366 203718 18 770
5400 204487 30 775
5418 204605 16 708
5438 204563 17 745
5459 204202 18 763
5478 204121 17 752
5497 204748 17 752
5516 205269 17 760
5536 205471 17 767
5556 204508 17 782
5576 204632 17 765
5602 203189 23 751
5625 204665 18 772
5645 205001 17 768
5665 205169 17 764
5685 204294 17 766
5705 204593 18 779
5724 205001 17 768
5745 205370 18 792
5765 204350 18 777
5786 203612 18 755
5814 204266 25 756
5834 203934 17 750
5853 204144 16 739
5872 204110 17 752
5892 204745 17 770
5911 203966 17 752
5931 205122 17 762
5950 204327 17 752
5969 204035 16 723
5989 203677 17 783
6012 205454 20 762
6038 204924 23 756
6058 204840 18 761
6082 204710 21 761
6101 202937 17 738
6121 205362 17 762
6141 205034 17 743
6161 205228 18 782
6181 204282 17 749
6200 205000 17 761
6222 203962 19 763
6249 205372 24 754
6273 205085 21 771
6293 205257 17 767
6312 205516 17 763
6330 204128 16 709
6349 203863 16 743
6368 202813 16 713
6388 205046 17 781
6407 204396 16 751
6429 204897 19 763
6453 204769 22 753
6473 206354 18 762
6493 204121 17 739
6512 204833 17 734
6532 204991 18 785
6552 204769 17 776
6577 204653 18 783
6596 205093 17 767
6615 204097 16 739
6636 204423 18 787
6661 203606 23 705
6685 204577 19 747
6705 204663 18 755
6724 203508 17 750
6744 204737 17 758
6765 204258 18 768
6785 204960 17 771
6804 203376 16 739
6823 204959 17 757
6842 204658 16 728
6869 203710 24 751
6889 203887 17 759
6908 203659 17 740
6928 204415 17 772
6948 204347 17 759
6967 204658 17 748
6988 204179 18 762
7007 204635 17 742
7026 204814 17 757
7046 204484 18 814
7068 204029 19 768
7096 203306 25 731
7116 205227 18 778
7136 203719 17 755
7156 203939 17 771
7175 204180 17 742
7195 203610 17 760
7214 203942 17 727
7235 205368 18 779
7255 204354 17 771
7275 203711 18 765
7297 204471 18 764
7324 205194 25 776
7344 204409 17 766
7364 204889 17 747
7382 203887 16 732
7402 204462 17 753
7421 204526 17 753
7441 205459 18 788
7461 203613 17 780
7481 204047 17 758
7506 205369 23 739
7529 203793 18 757
7549 204891 17 754
7569 204719 18 757
7587 203543 15 685
7607 204033 17 774
7626 203909 17 769
7646 203894 17 761
7665 204621 16 741
7684 204411 17 760
7706 205097 19 798
7732 204247 22 748
7753 204427 19 787
7772 202994 16 705
7792 203713 17 745
7811 204226 17 768
7830 203947 16 735
7850 204696 17 764
7869 204356 17 739
7889 205003 17 773
7909 204076 17 762
7967 203580 19 745
7988 204443 17 772
8007 204703 17 773
8026 204452 16 748
8045 204417 17 733
8065 205089 17 765
8084 204380 16 744
8103 204703 17 745
8122 203561 16 735
8144 204778 19 762
8168 204648 22 750
8189 203286 17 764
8208 204200 17 749
8228 204708 17 759
8248 204053 17 763
8267 204633 17 763
8287 203320 17 750
8305 204526 16 715
8324 204012 17 744
8344 205386 17 768
8368 205767 21 791
8392 204890 20 788
8412 204592 17 742
8431 203217 17 720
8451 204459 17 771
8471 205531 17 772
8490 204467 17 743
8509 203491 16 721
8528 203762 17 740
8547 204432 17 748
8569 204039 19 777
8594 204535 22 754
8615 205276 19 806
8635 204719 17 754
8655 205463 17 756
8675 204953 18 779
8694 205361 17 759
8714 204508 17 774
8733 204356 17 752
8752 204519 17 738
8775 204562 20 757
8800 204907 23 781
8820 204396 17 739
8839 205324 17 766
8858 203229 16 722
8877 204498 17 742
8897 204328 17 738
8916 204004 16 742
8935 204764 16 729
8954 204044 16 742
8972 203534 16 724
8993 204286 18 725
9019 204502 23 736
9038 203465 17 735
9057 203092 16 728
9079 205465 18 763
9099 203696 17 769
9118 203002 17 740
9138 204090 17 750
9157 205028 17 759
9177 203308 18 787
9199 203380 19 727
9228 205720 27 797
9248 204051 17 739
9268 204430 17 737
9287 203910 17 752
9307 204930 18 784
9327 204605 17 747
9346 204389 17 761
9365 203911 16 742
9384 205631 17 762
9404 205123 17 778
9430 204646 23 772
9450 204818 17 754
9470 203897 17 765
9490 204904 17 773
9509 205011 17 771
9529 205045 17 774
9549 205508 18 796
9568 203874 17 744
9590 205311 19 828
9610 205274 18 781
9637 204291 24 746
9656 204272 16 707
9676 204485 18 771
9695 203530 17 741
9715 205354 17 751
9733 204128 16 729
9753 204129 17 766
9773 204966 17 778
9792 205399 17 749
9812 205553 17 783
9833 203177 19 757
9858 205424 22 762
9878 204089 17 769
9898 203943 17 743
9916 203171 16 705
9935 204332 17 733
9955 203534 17 752
9974 203892 17 746
9993 204194 17 747
10013 205337 17 769
10033 204498 18 749
10059 204107 22 744
10080 203477 17 740
10100 205054 18 776
10120 205371 18 796
10140 204309 17 745
10159 204922 17 749
10178 204023 17 746
10197 204395 17 738
10217 204487 17 785
10237 204955 18 808
10259 204256 19 752
10286 203273 24 721
10305 203398 17 713
10326 205109 18 795
10345 204848 17 746
10365 204134 17 748
10385 204949 18 752
10405 204554 17 750
10424 204128 17 734
10443 204953 17 750
10463 204444 17 755
10486 204410 20 749
10512 204378 22 756
10531 203328 17 743
10552 203605 17 767
10571 204449 17 733
10591 204898 17 787
10609 204415 16 722
10629 204802 17 763
10648 203419 17 767
10667 203948 17 770
10697 203700 27 774
10718 204502 18 775
10738 204831 17 770
10758 205965 17 763
10778 203419 18 787
10798 203900 17 772
10817 203755 17 753
10836 203740 17 719
10856 204587 17 764
10875 203346 17 742
10895 204156 17 719
10920 203779 21 739
10940 204743 17 779
10959 204408 17 745
10978 204903 17 750
10999 204565 18 791
11018 204844 17 751
11038 204737 17 771
11058 204778 17 766
11079 204560 18 782
11099 203869 17 755
11119 204200 18 730
11145 204678 23 771
11164 203926 17 744
11185 204833 18 777
11204 203892 17 750
11223 202814 17 735
11244 203681 18 782
11262 204432 16 739
11282 204020 17 765
11301 204137 16 735
11321 203417 17 779
11343 203799 19 738
11367 204459 20 763
11388 204640 18 767
11406 204451 16 706
11426 204049 17 743
11446 204864 17 763
11466 204815 18 784
11485 204953 17 750
11504 203584 16 721
11523 204982 17 743
11545 204571 20 761
11571 205223 22 780
11590 203283 17 738
11611 204876 18 788
11630 205550 17 753
11650 204579 17 775
11670 204702 17 766
11690 204252 17 751
11709 205176 16 739
11728 204514 16 736
11747 204086 16 743
11778 204143 29 761
11799 204125 17 743
11819 204975 17 752
11838 204421 17 753
11858 203598 17 749
11878 204847 18 795
11897 203477 16 741
11915 204112 15 706
11933 203877 16 738
11953 204600 17 773
11974 203576 19 768
12000 204790 22 755
12041 204340 17 749
12062 204947 18 796
12081 205410 17 760
12101 204404 17 749
12120 205921 17 764
12140 203882 17 753
12159 204731 16 750
12180 204014 18 761
12204 204207 22 744
12224 204401 18 774
12245 205247 18 787
12264 204661 17 740
12284 205705 17 778
12304 204315 17 778
12323 204738 17 773
12342 204862 16 757
12361 203300 17 757
12381 204744 17 747
12402 204087 19 752
12427 204135 22 759
12446 203662 17 734
12467 204778 18 767
12487 205045 17 746
12506 204699 17 755
12525 204612 17 755
12544 204876 16 742
12565 205788 18 823
12583 204529 16 723
12602 203849 16 751
12624 205108 19 760
12649 204541 21 768
12669 204725 18 787
12689 204214 17 743
12709 204973 17 766
12728 204595 16 750
12747 203621 16 750
12765 204303 16 723
12785 204466 17 755
12803 204925 16 748
12823 204999 17 758
12849 204013 23 737
12870 204569 18 790
12890 205234 17 753
12910 204687 18 768
12929 204523 17 743
12950 205354 18 770
12969 204111 17 750
12989 204713 18 771
13009 204358 17 760
13029 203425 17 764
13057 204962 25 779
13079 203502 19 762
13100 204596 17 757
13119 204202 16 733
13138 203950 17 753
13157 204212 17 770
13177 204364 17 757
13196 203861 17 761
13215 204244 17 768
13235 205578 17 771
13270 204110 32 764
13291 204466 18 765
13311 203456 17 759
13331 204156 17 751
13350 205392 17 777
13370 203692 17 765
13397 204050 16 739
13415 203633 16 734
13435 204820 17 763
13455 204374 18 744
13482 204325 25 755
13508 204101 21 753
13531 204057 21 715
13552 204072 18 766
13571 204774 17 754
13591 204327 17 752
13610 204321 16 731
13629 205556 16 738
13648 204681 17 755
13675 204491 25 746
13699 204882 19 761
13724 205699 22 779
13744 204758 18 786
13765 204771 18 760
13784 205669 17 743
13803 203897 16 737
13822 204433 17 747
13842 204921 17 785
13862 205021 17 769
13884 204104 19 763
13911 204263 24 740
13930 204558 17 752
13951 204535 18 779
13970 204272 17 748
13989 203007 17 738
14010 204614 18 782
14029 205472 17 764
14049 204542 17 762
14068 204708 17 755
14091 203669 20 763
14117 205239 23 787
14137 205511 18 778
14158 204836 18 760
14177 203462 17 742
14196 204945 17 739
14217 205024 18 798
14236 204262 17 747
14255 203686 17 750
14275 204322 17 774
14299 204803 21 772
14321 204590 19 755
14341 204389 17 748
14362 205181 18 782
14382 204335 18 774
14401 204378 17 738
14420 204491 17 746
14439 203789 16 711
14458 203900 16 727
14477 204780 17 764
14500 204896 20 722
14524 205133 20 741
14544 204357 18 772
14564 205186 17 747
14583 204387 16 731
14602 203328 17 751
14621 203389 17 768
14641 204487 17 785
14661 204301 17 774
14681 203961 17 755
14700 204519 17 763
14729 204511 26 741
14775 204616 17 723
14795 204796 17 776
14814 204821 17 755
14833 204067 16 725
14853 205103 17 749
14873 205422 18 787
14892 204536 17 762
14911 205552 17 740
14933 204684 20 770
14962 204242 26 775
14982 204116 17 735
15001 204026 17 733
15020 205172 17 745
15040 204854 18 784
15059 204165 16 717
15078 203440 17 747
15099 204213 18 798
15118 204858 17 769
15140 205393 19 802
15166 203896 23 767
15187 204401 18 748
15207 204185 17 778
15225 204277 16 709
15245 204436 17 764
15265 205484 18 811
15285 205473 17 785
15303 203784 15 700
15323 204842 17 777
15343 205071 17 760
15370 204696 23 779
15393 204153 20 744
15412 203861 17 739
15433 205166 18 795
15453 205378 18 778
15472 204171 17 751
15492 203249 17 755
15511 204124 17 738
15530 203562 16 736
15550 204213 17 778
15571 203506 19 748
15596 204067 22 737
15617 204397 18 791
15636 204149 17 752
15657 204911 18 786
15675 203612 16 737
15696 204628 17 776
15715 204489 17 755
15735 204411 17 774
15755 203693 17 756
15777 204369 19 709
15805 204462 25 779
15825 204679 18 760
15845 204612 17 753
15865 204990 18 757
15884 204471 17 751
15904 204031 17 760
15923 203802 16 732
15943 205613 17 758
15963 205587 17 767
15988 204918 22 778
16009 204360 18 761
16030 204896 18 765
16050 205574 17 778
16070 204822 18 791
16089 204155 17 755
16124 204557 18 779
16144 204771 18 788
16163 204882 17 742
16182 204404 16 731
16204 205152 20 750
16234 204840 26 767
16254 204816 18 775
16273 204679 17 754
16293 204846 17 750
16312 204167 17 761
16332 205191 17 765
16352 203805 18 774
16371 203495 17 752
16390 203600 16 746
16410 203170 17 724
16437 204503 24 729
16456 203947 16 710
16477 204778 18 774
16496 203128 16 716
16515 205646 17 741
16535 204952 17 769
16555 205422 17 777
16575 205163 17 773
16594 205293 16 744
16613 203839 17 764
16635 204823 19 756
16660 204191 22 761
16680 203936 17 747
16700 203829 18 768
16721 204844 18 786
16741 204528 17 782
16760 204170 16 746
16780 204330 17 758
16800 204834 17 764
16820 204122 17 773
16843 205802 21 766
16868 203713 22 735
16889 204278 18 773
16909 206287 18 803
16929 204672 17 771
16948 203730 17 761
16969 204902 18 819
16988 203760 17 756
17007 204379 16 724
17026 204680 17 761
17046 204773 18 753
17071 204492 22 745
17091 204912 17 754
17111 204189 17 749
17130 204675 17 765
17150 204600 17 742
17169 204552 17 751
17188 204349 17 753
17207 204830 16 731
17226 204314 17 747
17244 204661 16 713
17262 203356 16 712
17287 203897 21 756
17308 204593 17 745
17327 203910 17 754
17347 204238 17 762
17367 204004 17 760
17388 205414 18 809
17407 204066 17 758
17427 204854 17 754
17446 204555 17 754
17465 205155 17 750
17500 204256 30 783
17520 204010 18 735
17541 205950 18 778
17561 204130 17 742
17580 203612 17 730
17600 203284 17 765
17620 205132 17 771
17639 204153 16 743
17659 205476 17 765
17678 205294 17 756
17701 204439 20 754
17727 204156 23 761
17747 204085 17 764
17767 204216 17 731
17786 204543 17 752
17807 205414 18 779
17826 204800 17 739
17846 203783 17 759
17864 204731 16 711
17883 204573 17 753
17904 203928 18 765
17929 204678 22 775
17949 203934 17 738
17968 204414 16 741
17988 205296 17 770
18007 204558 17 774
18027 203280 17 778
18046 204034 16 741
18065 204085 17 760
18084 204509 16 739
18104 204258 17 756
18124 205078 18 751
18152 204133 25 751
18172 203707 17 768
18191 203235 16 723
18211 205483 17 770
18231 204576 17 771
18250 203477 17 749
18270 205391 17 762
18290 205274 17 786
18310 205060 17 768
18330 204344 18 729
18360 204961 26 789
18380 204445 17 760
18399 204669 17 753
18419 204093 17 741
18438 203914 17 761
18457 204512 17 762
18476 205305 16 745
18496 204268 17 776
18516 203616 17 766
18535 204387 16 744
18556 204030 19 755
18583 204647 25 758
18603 203142 17 740
18623 203557 17 771
18643 203455 17 743
18662 203720 17 748
18682 204785 18 768
18702 205250 18 778
18721 204202 16 721
18740 204375 16 741
18760 205431 17 761
18783 203460 21 750
18807 204431 20 762
18827 204286 17 734
18847 204287 17 765
18867 204990 17 773
18886 203959 17 717
18905 204904 17 769
18925 205381 17 773
18945 203758 17 762
18965 204553 17 753
18994 203513 27 723
19018 203977 20 719
19039 205743 18 766
19072 204760 30 732
19093 203945 18 718
19112 203949 17 725
19132 203685 17 763
19153 204955 18 778
19172 204753 17 752
19194 205405 20 789
19222 202584 25 711
19247 202766 22 738
19267 203296 17 724
19287 204802 17 752
19306 204290 17 746
19326 203738 17 748
19345 204529 17 736
19365 203720 17 751
19384 204294 17 773
19412 204731 25 787
19440 206321 24 754
19460 204016 17 721
19480 204178 17 760
19500 203570 18 762
19520 204116 17 732
19538 204286 16 735
19557 204313 16 740
19581 204062 21 749
19603 204150 18 777
19627 204306 22 742
19652 203725 20 744
19672 203264 18 761
19691 203396 16 721
19712 203136 19 718
19735 203268 18 738
19756 205238 18 790
19776 204639 18 785
19796 204862 17 755
19815 204347 16 699
19843 204707 25 781
19863 204069 18 747
19884 204447 18 751
19904 204780 17 766
19925 203863 19 744
19944 204896 17 735
19965 204007 18 780
19984 203938 17 778
20003 204533 16 734
20023 204225 18 755
20054 203670 28 763
20082 204923 21 746
20102 204043 18 762
20123 204076 18 763
20142 204264 17 750
20161 205108 17 740
20182 206040 18 785
20202 205672 17 753
20227 204136 23 771
20248 204703 18 778
20271 203815 21 730
20298 205266 22 782
20317 204500 16 717
20337 204814 18 784
20357 203663 17 757
20376 204602 17 738
20396 204799 17 769
20421 204901 22 789
20446 205060 22 764
20470 204287 21 763
20499 204162 24 764
20519 204800 17 754
20539 204353 17 756
20560 204998 18 740
20583 205486 20 721
20603 204886 17 726
20623 204178 17 761
20643 204579 17 739
20663 204975 17 765
20686 203714 21 743
20712 204170 21 775
20733 204318 18 771
20752 204396 17 744
20776 203892 21 773
20803 205395 24 771
20824 204804 17 775
20843 203846 16 728
20863 204794 17 760
20885 204656 20 747
20911 203366 23 718
20930 205285 17 754
20950 204607 17 757
20971 204247 18 758
20995 204135 22 764
21014 203851 16 719
21035 205345 18 804
21054 203731 16 737
21073 203673 16 728
21094 205140 18 764
21135 205468 38 778
21156 203735 18 721
21180 204263 20 759
21200 204156 18 772
21221 204758 18 778
21241 205558 18 793
21260 203435 17 757
21280 204283 17 759
21299 203537 17 746
21324 204001 22 766
21349 203620 21 758
21374 204731 22 776
21393 204392 17 744
21412 203649 17 732
21432 204533 17 754
21452 204289 17 768
21472 204663 17 792
21491 204914 17 733
21510 203398 17 732
21531 205507 18 807
21557 205103 22 750
21580 205936 19 776
21600 204457 17 745
21628 204925 26 771
21648 204310 17 733
21667 204472 17 769
21688 203367 18 771
21707 204336 17 750
21727 204187 17 764
21754 204268 25 755
21780 204456 21 748
21801 204312 18 771
21821 204230 18 768
21843 205345 18 770
21865 202623 20 725
21889 205148 21 741
21909 204344 17 768
21928 204395 17 740
21947 203110 16 705
21973 203237 23 775
21998 203216 21 741
22017 203947 17 735
22036 203965 16 733
22056 204014 17 767
22077 203538 19 771
22097 204767 17 752
22118 204420 18 795
22137 203606 17 754
22158 204496 17 760
22178 204172 18 715
22204 204936 23 762
22225 204390 18 774
22245 204974 18 773
22263 203803 16 703
22283 204340 17 761
22304 204081 18 795
22323 203117 16 746
22342 204722 17 759
22362 205818 18 782
22384 204128 19 742
22409 203960 22 765
22428 204262 16 725
22448 204476 17 755
22468 204287 17 766
22488 204314 18 777
22508 204475 17 793
22528 204396 17 761
22548 205188 17 785
22567 204185 17 762
22587 204646 17 781
22613 204256 24 788
22636 204588 18 768
22656 205170 17 774
22677 205034 18 784
22696 204154 16 737
22715 204101 16 742
22734 204940 17 747
22754 205408 17 754
22774 204293 18 769
22792 204080 16 706
22812 204484 17 770
22839 205940 24 766
22859 204496 17 757
22879 204446 17 727
22898 204500 16 730
22917 204578 17 733
22936 204820 16 741
22956 204460 17 779
22975 203706 17 744
22994 204355 16 734
23013 203718 17 763
23035 204844 19 771
23062 204309 24 752
23081 203798 17 720
23101 204520 18 754
23121 203710 17 763
23140 204222 16 739
23159 204444 16 744
23178 202699 17 749
23197 203633 17 760
23217 204896 17 751
23236 203895 16 750
23259 205044 21 786
23288 204250 27 736
23308 204877 17 764
23329 204518 18 773
23349 204805 18 764
23369 204313 17 764
23389 205063 18 778
23409 206058 17 756
23428 203511 17 746
23447 204947 17 770
23470 203614 20 731
23494 204836 20 776
23514 204336 17 743
23534 204774 18 795
23554 204755 17 753
23574 204790 17 762
23593 204676 17 738
23612 204713 17 733
23632 204479 17 745
23650 203988 16 736
23672 204330 19 754
23698 204059 22 769
23717 203999 17 738
23737 203641 17 748
23756 204770 17 754
23777 205154 18 765
23797 204242 17 790
23816 204694 17 739
23836 204129 17 777
23855 204508 17 740
23875 204387 17 747
23901 203722 22 726
23922 204436 18 778
23941 204378 17 745
23961 204539 17 779
23981 203921 17 753
24000 204509 17 734
24020 205104 17 764
24039 203726 17 729
24058 203156 17 771
24077 203875 16 733
24100 203049 20 767
24127 204825 25 771
24147 203402 17 741
24167 204884 17 759
24186 203810 17 746
24205 204364 17 754
24225 204861 17 770
24244 203257 17 729
24263 204646 16 723
24282 203458 17 766
24324 204509 19 764
24349 204373 20 774
24371 204701 19 788
24390 203256 17 740
24409 204419 16 724
24429 205109 18 781
24449 204530 17 738
24468 204013 17 730
24488 205167 17 788
24507 205573 17 753
24526 204159 17 772
24563 204844 34 765
24583 204566 17 745
24602 204331 17 735
24622 204669 17 764
24641 204803 17 760
24660 204528 17 752
24679 203896 17 756
24698 204801 16 744
24717 203638 16 741
24736 203904 17 747
24764 204464 24 779
24784 205447 18 761
24803 204425 16 733
24822 204208 17 740
24841 204434 16 737
24861 203997 17 764
24880 204890 16 731
24900 205352 17 783
24919 203806 16 734
24938 204406 17 756
24959 204318 19 756
24985 205467 23 771
25005 204348 17 747
25024 204923 17 744
25043 205283 16 745
25062 204061 16 748
25081 204816 17 735
25101 204409 18 768
25120 204543 16 717
25139 203719 17 756
25162 204501 20 786
25186 204685 21 722
25205 204411 17 717
25224 203609 17 744
25243 205026 17 741
25262 203161 16 734
25281 204987 16 731
25301 204625 17 750
25320 204413 17 759
25338 203424 16 712
25358 203862 17 740
25379 205212 19 766
25404 203735 22 742
25423 204199 17 741
25443 204084 17 774
25462 204146 16 722
25481 204350 17 741
25501 203288 17 741
25520 203865 17 758
25540 205185 17 769
25558 202929 16 733
25577 203683 16 721
25598 204804 19 792
25623 203720 22 746
25642 204247 16 710
25662 205373 17 750
25682 203637 17 760
25702 204567 17 776
25721 204604 17 739
25742 204516 18 787
25761 204740 17 759
25781 204590 17 754
25800 204842 16 745
25823 204919 21 792
25851 203269 25 724
25871 204886 17 742
25891 204204 18 775
25911 203933 17 748
25930 204039 17 749
25950 204802 17 779
25969 204486 17 768
25988 204607 16 725
26007 203938 17 751
26026 204181 17 751
26048 204183 20 742
26072 203896 20 710
26092 205269 17 759
26114 204881 19 730
26134 205009 17 754
26153 203237 16 711
26173 204930 17 756
26192 204099 17 758
26211 204797 17 753
26231 205008 17 768
26252 204997 19 767
26277 205040 22 751
26297 204772 18 761
26317 205037 17 744
26337 204203 17 753
26356 204187 16 715
26374 204329 16 724
26394 204751 17 777
26414 205144 17 774
26433 203380 16 739
26452 203202 16 723
26477 203526 21 776
26499 204695 17 750
26518 203172 17 739
26538 204126 18 754
26559 205133 18 766
26579 204288 18 762
26599 205211 17 767
26618 202519 16 733
26636 203271 16 726
26656 204399 17 770
26677 203953 19 739
26702 205202 22 760
26722 204403 17 767
26741 204524 17 747
26761 203831 17 747
26780 204566 16 738
26798 203212 16 719
26818 204495 17 749
26837 203205 16 742
26855 204859 16 730
26874 204363 17 749
26901 204107 24 741
26923 204457 18 747
26943 204196 17 758
26962 204291 17 759
26982 204711 17 750
27001 204462 17 746
27021 204344 17 772
27040 204307 16 721
27058 204401 16 739
27078 204065 17 770
27101 204995 20 763
27125 204696 22 751
27144 203519 17 721
27165 203987 17 758
27184 205110 17 751
27204 204653 17 743
27223 205404 17 748
27243 204683 17 746
27263 204392 17 762
27282 204019 17 743
27301 205276 17 762
27333 204976 29 760
27358 205507 23 782
27378 203057 17 729
27397 203339 17 733
27417 204148 17 779
27436 204241 17 762
27455 204125 16 737
27474 203370 17 740
27493 204607 17 749
27513 203945 18 760
27539 205163 23 769
27561 204966 18 771
27581 205493 17 744
27599 205091 16 727
27619 205711 17 786
27638 203713 16 711
27657 205045 16 737
27676 203670 17 755
27695 204492 17 762
27714 203354 16 735
27737 205444 21 812
27765 205005 23 771
27784 203214 17 748
27804 204858 17 765
27824 203973 17 775
27843 203431 17 749
27862 205240 16 732
27882 204723 18 813
27902 205674 17 771
27921 203818 16 736
27944 204453 21 778
27969 204251 22 753
27990 204690 18 772
28009 204127 17 750
28028 203106 16 704
28047 204270 17 745
28067 205629 17 780
28087 205788 18 786
28107 203937 17 762
28127 205718 17 781
28147 205525 18 786
28168 204933 19 741
28193 204420 21 741
28213 204110 17 744
28232 204815 16 734
28251 203929 16 716
28270 204867 17 767
28289 204282 16 734
28309 204301 17 764
28328 204999 16 739
28347 204395 17 749
28369 204084 19 751
28394 205565 23 772
28414 203661 17 756
28433 204388 16 724
28452 204167 16 726
28472 205081 17 755
28491 203788 16 721
28511 204562 17 771
28530 204724 17 778
28550 204598 17 752
28568 203516 16 739
28592 204826 21 746
28625 203789 28 722
28646 204431 18 742
28671 204649 23 763
28691 204353 17 745
28711 203866 17 721
28730 204045 17 734
28749 205012 17 769
28769 204286 17 759
28790 205160 19 761
28818 203647 24 733
28837 203907 17 730
28860 204218 20 747
28880 204249 17 733
28899 204052 17 726
28919 204310 17 760
28940 205537 18 798
28959 205151 17 752
28978 204201 16 741
28997 204747 17 750
29023 204201 23 739
29042 204463 16 708
29063 204537 17 758
29083 203969 17 752
29101 204349 16 706
29121 204464 17 730
29140 204473 17 766
29159 204146 16 726
29177 204638 16 735
29198 205034 17 777
29219 205379 19 777
29244 205299 20 773
29264 204591 17 763
29283 204265 17 759
29302 204352 16 739
29321 204925 16 732
29341 204906 17 773
29361 203860 17 765
29379 202899 16 704
29398 202914 16 733
29416 204361 16 731
29441 204687 22 749
29464 204361 20 751
29484 204797 17 753
29504 202914 17 754
29524 205281 18 764
29544 205173 18 784
29564 203556 17 755
29584 204266 17 761
29603 204772 17 772
29622 204864 16 737
29648 205204 24 747
29670 204574 19 777
29690 203739 18 774
29710 205069 18 786
29731 205241 18 774
29765 204402 17 745
29784 204809 17 753
29804 205067 17 742
29823 203840 17 749
29843 204116 17 755
29870 204736 23 730
29892 204303 19 778
29912 205058 17 764
29932 204088 17 744
29951 204514 17 769
29971 204054 17 741
29990 204450 17 751
30009 203887 16 727
30028 205213 17 754
30048 204790 17 784
30070 203733 20 767
30096 204505 23 772
30116 204338 17 755
30136 205270 18 776
30156 203996 17 728
30175 203990 17 748
30194 204480 16 738
30213 203851 16 731
30232 204834 16 743
30251 205104 17 777
30271 204239 18 786
30293 205082 18 771
30318 205280 20 754
30338 204308 18 765
30356 203738 16 718
30376 203663 17 749
30395 203795 17 764
30415 204195 17 759
30433 204376 16 715
30452 204560 17 757
30472 204059 17 747
30494 204797 19 757
30520 205176 23 752
30539 204247 17 745
30559 204796 17 749
30579 204611 17 746
30598 204376 17 745
30618 204219 17 778
30636 204521 15 703
30655 204986 17 770
30674 204499 16 721
30692 202912 16 726
30714 203779 19 721
30739 204554 23 775
30760 204910 18 787
30780 205065 18 781
30801 205100 18 785
30820 204631 17 764
30839 204987 17 774
30858 203986 16 724
30877 204014 16 712
30896 205133 17 770
30918 205541 19 741
30942 204251 22 725
30963 204604 18 761
30982 203212 16 732
31001 204520 17 738
31021 204226 17 748
31040 204710 17 737
31060 204929 17 764
31080 204545 17 783
31100 204314 17 764
31121 204405 19 776
31144 204364 20 747
31171 204766 21 756
31192 205212 19 801
31212 204916 17 752
31232 205440 18 803
31251 204126 17 740
31270 204109 16 736
31289 205112 16 746
31308 203564 16 734
31328 205162 17 783
31351 203809 20 745
31377 204414 23 774
31397 204665 18 770
31416 205060 17 746
31436 204478 17 773
31455 203605 16 726
31475 203338 17 779
31495 204431 18 791
31514 204607 16 755
31532 203639 16 724
31551 203754 16 732
31572 204823 19 749
31597 204215 22 740
31617 204403 17 748
31636 203567 16 732
31655 205281 17 750
31675 205417 18 788
31694 203930 17 735
31713 204331 16 728
31732 204210 16 733
31751 204864 16 726
31771 204309 18 750
31794 204366 20 765
31821 204753 24 758
31841 205209 17 751
31860 204773 17 759
31880 204200 17 761
31899 204096 17 749
31919 203747 17 757
31938 204548 17 764
31957 204156 17 764
31978 205245 18 790
31998 204872 18 780
32022 203325 21 704
32042 204034 17 755
32062 204258 17 739
32081 203450 17 733
32101 204530 18 783
32122 205221 18 742
32141 204715 17 770
32160 204302 17 753
32179 203071 16 725
32198 204623 17 756
32223 204349 22 767
32246 204573 20 747
32266 204373 17 751
32287 204442 18 783
32306 203841 17 753
32326 204592 16 751
32346 204838 18 796
32366 205265 18 791
32385 204363 17 747
32405 205513 17 767
32432 203849 25 716
32456 204791 21 763
32499 204111 17 768
32519 204839 17 778
32539 204904 18 764
32558 204010 17 733
32577 204009 16 730
32597 203847 17 773
32619 204780 19 769
32639 204606 17 774
32664 204547 21 755
32684 204351 17 736
32704 205341 18 777
32723 204636 17 756
32743 204913 18 771
32763 204654 17 756
32783 203949 17 766
32802 204705 16 740
32821 203584 17 735
32845 204474 21 737
32868 204532 19 766
32888 204372 17 750
32908 204033 17 767
32927 204329 17 746
32947 205067 18 801
32967 203296 18 770
32986 203723 17 745
33006 204486 17 750
33025 203685 17 763
33052 204218 24 753
33084 203894 30 715
33104 203762 17 726
33124 203998 17 758
33143 204817 17 760
33163 203378 17 742
33182 203962 17 760
33201 204010 16 728
33220 204155 17 752
33239 203586 16 738
33258 203774 17 751
33282 204128 20 734
33306 205379 20 758
33325 204095 16 734
33344 204812 17 757
33364 205000 17 757
33384 205467 18 783
33403 204183 17 743
33423 204584 17 772
33442 204664 17 751
33461 204360 16 744
33484 203773 20 766
33508 203247 20 732
33528 204763 17 767
33548 205487 18 784
33567 204266 17 728
33586 204312 17 745
33605 204499 17 742
33624 204651 16 756
33644 204231 17 765
33663 204157 17 762
33683 204250 17 770
33717 203577 30 738
33739 205139 19 771
33759 204452 18 757
33779 203579 17 743
33799 204436 17 763
33818 205181 17 753
33837 203921 16 741
33857 204069 17 756
33876 203979 17 772
33897 204942 18 722
33923 204771 23 747
33942 204609 17 726
33962 204664 17 763
33981 205362 16 738
34000 203245 16 735
34020 204337 17 773
34039 203474 17 759
34058 205108 17 742
34078 204291 17 743
34096 204433 16 728
34119 204509 20 792
34147 205226 25 764
34166 204970 16 713
34185 204563 17 751
34205 204792 17 777
34224 203798 16 733
34243 204345 17 752
34263 204848 17 752
34281 204504 16 710
34300 203866 16 743
34320 204750 17 757
34341 204690 18 764
34366 203546 22 752
34386 204515 17 755
34405 204019 17 756
34424 204546 16 737
34444 204766 17 772
34464 204842 17 776
34482 204065 16 715
34502 204727 17 759
34521 204353 17 750
34543 204055 19 781
34567 204463 21 766
34587 204840 17 743
34606 202163 16 710
34625 204252 17 738
34644 205528 17 754
34664 204823 17 763
34685 204330 19 779
34705 205029 17 763
34724 203456 17 777
34743 204584 16 726
34769 204028 23 770
34790 203306 16 719
34811 204316 18 798
34829 205148 16 714
34849 203858 17 754
34869 204450 17 749
34888 204558 17 739
34908 204144 17 784
34927 205128 17 761
34946 203995 17 759
34966 203645 17 742
34996 205234 27 786
35019 205182 18 744
35039 202895 17 750
35058 204621 17 728
35078 203652 17 745
35097 204461 16 727
35116 205285 17 741
35135 203270 16 726
35153 203651 16 709
35174 204307 18 754
35206 205309 24 778
35228 205004 19 793
35249 204264 18 733
35268 204434 16 720
35287 203644 17 763
35307 203597 17 744
35326 203926 16 732
35345 203667 17 732
35365 204234 17 729
35384 204479 17 734
35412 205420 25 796
35435 203745 18 731
35455 205199 18 772
35477 204937 19 758
35496 204441 17 749
35515 204908 17 761
35535 203035 17 759
35555 204487 17 760
35575 203231 17 737
35594 204562 16 729
35615 203308 19 747
35643 204660 25 766
35663 204514 17 754
35684 204627 18 760
35703 204919 17 743
35723 204386 17 745
35743 203411 17 754
35764 204343 19 776
35783 204587 16 730
35802 203011 17 746
35824 204944 19 754
35849 205149 22 747
35869 203899 17 780
35888 204764 17 761
35907 203910 16 720
35926 204254 17 766
35945 204073 16 726
35965 204122 18 777
35985 205333 17 759
36004 203853 17 727
36025 203849 18 785
36053 204239 26 780
36077 204876 20 784
36095 203172 16 715
36115 203875 17 741
36134 204920 17 742
36155 204630 18 775
36175 204158 17 739
36194 204702 17 755
36214 204660 17 754
36234 205033 18 787
36256 204077 20 751
36285 203841 25 744
36312 205035 24 773
36336 205266 22 767
36356 204803 18 746
36377 204415 18 744
36396 203260 16 719
36417 204069 18 754
36437 205011 17 764
36456 205661 17 750
36480 204545 21 766
36508 204196 24 755
36534 204538 23 762
36556 204810 20 755
36577 204045 18 745
36596 203921 16 715
36615 204327 17 731
36634 205036 17 749
36654 204039 17 757
36673 203756 16 729
36695 203881 19 740
36721 204669 24 751
36741 204637 17 746
36761 203776 17 737
36782 204904 18 766
36802 204984 17 772
36821 205001 17 735
36841 204889 17 762
36861 204388 17 776
36880 204130 16 729
36902 205060 20 742
36929 205043 24 792
36950 205847 18 783
36971 205033 18 761
36990 203953 17 737
37009 204881 17 749
37029 203959 17 750
37048 204573 17 741
37068 204987 17 747
37097 204072 26 757
37119 203927 20 751
37148 204886 25 751
37170 203376 19 744
37191 205427 19 782
37211 204101 17 751
37231 205111 17 777
37250 204518 17 741
37269 204145 16 720
37289 205106 18 708
37309 203351 17 741
37332 205062 21 747
37364 204055 28 719
37385 204591 19 768
37405 205300 18 774
37425 204279 17 738
37454 204073 26 762
37474 203930 18 759
37496 204257 19 742
37517 204861 18 750
37549 204598 29 722
37577 204775 24 793
37597 204476 17 762
37617 205817 17 749
37636 204029 17 744
37656 204708 17 770
37675 204625 17 767
37694 204456 17 749
37714 205254 17 778
37735 204729 17 758
37759 204294 22 771
37788 203093 25 750
37809 204479 18 772
37830 204588 18 773
37849 204158 17 742
37868 206139 17 750
37887 203485 17 763
37907 204719 17 769
37947 205205 21 766
37968 203897 18 764
37996 204890 26 765
38017 204551 18 776
38040 204456 19 747
38059 204947 17 730
38080 205737 18 790
38099 204855 17 750
38118 204468 16 746
38140 205154 19 770
38160 204229 17 737
38182 204234 20 755
38209 203534 23 762
38229 204135 17 729
38250 204811 19 777
38270 203363 17 744
38290 205424 18 798
38310 204444 17 738
38334 203955 22 762
38356 204667 18 738
38375 204417 16 720
38398 204951 21 807
38423 203532 22 740
38446 204785 20 738
38465 203250 17 733
38485 204044 17 748
38504 204568 17 756
38524 203991 17 742
38543 204046 17 741
38563 203719 17 761
38582 204030 17 735
38603 204020 19 743
38627 203850 22 727
38647 203756 17 745
38667 204788 18 745
38686 204282 17 724
38707 204013 18 778
38726 203854 17 733
38746 204669 17 731
38767 205666 19 782
38787 203655 17 750
38807 204149 17 766
38830 203742 21 748
38855 205067 21 783
38875 203405 17 741
38895 204320 18 766
38915 204969 17 765
38934 203806 16 737
38954 204962 17 767
38973 203820 16 748
38992 204039 17 757
39011 204176 17 753
39035 205721 22 768
39062 204058 22 749
39083 204288 18 774
39102 202985 17 737
39122 203850 17 769
39141 203348 16 726
39160 204517 17 761
39180 204220 17 752
39199 205203 17 775
39219 204124 17 761
39241 205058 20 778
39265 204272 22 734
39310 205492 17 757
39330 204389 17 749
39351 204450 18 746
39370 205066 17 746
39389 205035 17 767
39409 204925 17 754
39429 205290 18 787
39450 203343 18 706
39476 203683 23 741
39496 203622 18 771
39517 204474 18 788
39538 205272 18 807
39558 203636 18 767
39578 204709 17 772
39596 205167 16 728
39616 204728 17 754
39635 205463 17 756
39655 204594 18 762
39681 205203 22 749
39701 203954 18 758
39720 204622 17 739
39741 205178 18 801
39760 203712 16 727
39796 203864 33 798
39817 204382 17 737
39836 205193 17 757
39862 205559 23 752
39885 205106 20 757
39914 204160 26 755
39935 204135 18 765
39954 204571 17 746
39974 204293 17 751
40001 205276 25 789
40022 205072 18 773
40041 204257 17 761
40061 203164 17 752
40081 204414 18 743
40109 203560 24 754
40130 203414 19 756
40151 204875 18 783
40179 204884 25 754
40200 204079 18 746
40220 203613 17 731
40240 204751 18 778
40259 204643 17 746
40279 205190 17 744
40311 204321 29 748
40335 204959 21 773
40355 204970 18 766
40379 204368 21 750
40399 204412 16 721
40421 205068 20 751
40446 204233 20 735
40466 204459 17 768
40486 204946 18 789
40508 202949 19 743
40535 205490 25 761
40555 204096 17 752
40575 204172 17 760
40595 204139 17 758
40614 203982 17 753
40633 204050 16 703
40666 204525 16 732
40685 204174 17 768
40705 204378 17 778
40726 205131 19 748
40753 203495 25 728
40774 204399 18 780
40794 204543 17 740
40813 205120 17 747
40832 204332 17 734
40852 204795 17 759
40872 204123 17 750
40892 204986 17 774
40911 205012 17 757
40933 204815 20 727
40958 203774 22 735
40978 204070 17 756
40997 205177 16 750
41016 204470 16 724
41035 205689 17 766
41055 205512 18 787
41074 204664 16 740
41094 204867 17 756
41112 203903 16 726
41135 204322 20 765
41161 205187 24 746
41181 203838 18 737
41202 204355 18 780
41220 204807 16 714
41239 204551 17 753
41259 203211 17 745
41278 204448 17 749
41298 204799 17 755
41317 205129 17 762
41338 204920 18 781
41359 203822 19 755
41385 204361 23 751
41406 205440 18 789
41426 203961 18 705
41447 204340 16 721
41467 204861 18 786
41487 204915 18 794
41506 204025 16 737
41525 203776 16 720
41544 203568 16 727
41576 204650 29 777
41598 203759 18 762
41617 205423 17 758
41638 205182 18 779
41657 204266 17 759
41676 205055 17 738
41697 204523 18 789
41716 204227 17 759
41736 204497 17 757
41756 204621 17 757
41778 204788 20 730
41802 203464 20 750
41823 205633 18 796
41842 204045 17 728
41862 204839 17 753
41882 204120 17 776
41901 203604 16 738
41920 203715 16 746
41939 204720 17 762
41958 204746 17 757
41978 204784 17 770
42001 204326 20 751
42024 203451 18 728
42044 204596 17 752
42064 204247 17 750
42084 205249 17 767
42103 203379 16 728
42122 204417 17 751
42142 204071 17 764
42161 204486 17 758
42181 204409 17 768
42202 204244 19 783
42229 204845 24 773
42248 204607 17 739
42268 205247 17 749
42287 204728 17 743
42307 205128 17 775
42326 203689 17 750
42346 204366 17 789
42366 205321 17 759
42386 205028 18 782
42408 204858 19 787
42436 202729 25 739
42455 204582 17 743
42474 204105 16 735
42493 205079 17 750
42513 203776 18 757
42532 203537 16 714
42551 204464 16 726
42571 204685 18 781
42591 205037 17 789
42611 204971 17 763
42633 204349 20 756
42657 203232 22 740
42676 204439 16 726
42695 204382 16 712
42715 204298 17 778
42734 203979 17 748
42754 203258 17 762
42774 204676 18 779
42794 204528 17 775
42815 206059 19 806
42849 203884 29 740
42875 203767 24 763
42896 203771 17 734
42916 204816 18 750
42936 204842 18 755
42956 204122 17 735
42982 205606 24 763
43002 204596 17 749
43021 203747 17 736
43040 203272 17 756
43065 204013 22 731
43092 204240 21 726
43112 203445 18 744
43131 204257 16 695
43151 204060 17 748
43173 204315 20 797
43193 203185 18 734
43213 205245 17 745
43232 205201 16 744
43251 203209 16 733
43274 203927 21 757
43301 204272 25 781
43322 205291 18 766
43342 204809 18 761
43361 204160 17 720
43381 205353 18 776
43401 203709 17 764
43427 205006 23 774
43448 205966 18 783
43467 203387 17 755
43489 205263 19 759
43516 204115 24 772
43535 203401 17 739
43554 205427 17 756
43575 203926 18 780
43595 204583 17 759
43614 204390 16 723
43635 204722 18 768
43654 203787 16 735
43673 204060 17 768
43692 203986 16 745
43716 203959 21 771
43743 203640 24 738
43764 204736 18 759
43788 203604 21 730
43809 204243 19 794
43833 204509 21 735
43852 204259 17 748
43872 204097 17 749
43892 204607 17 754
43913 204821 18 762
43948 204262 32 778
43970 204602 18 766
43994 204458 21 762
44014 204368 18 752
44033 204933 17 724
44055 204980 19 819
44075 204724 18 792
44094 204067 17 747
44115 203888 18 759
44146 204669 29 778
44172 204901 23 734
44194 204384 19 756
44214 204404 17 757
44233 204190 16 719
44252 204438 17 747
44271 204938 17 739
44291 204638 17 764
44325 204490 31 794
44346 204828 18 758
44371 203969 22 742
44398 204296 24 736
44419 204592 18 761
44439 203646 18 749
44459 204563 18 777
44479 203525 17 759
44506 204216 24 719
44527 204794 19 767
44547 204493 17 760
44566 205287 17 761
44589 203923 20 739
44614 204076 22 761
44633 205169 17 740
44655 204997 19 785
44675 205000 17 767
44694 204573 16 740
44716 204896 19 777
44755 203211 17 754
44774 204949 17 746
44798 203137 21 717
44822 205447 20 762
44843 204443 18 765
44862 204055 17 739
44881 203339 17 737
44900 203592 16 711
44919 204157 17 755
44939 204135 17 754
44959 204543 18 770
44977 203768 16 733
44995 203872 15 696
45021 204655 22 735
45041 203062 17 726
45063 205898 19 815
45083 204985 18 774
45103 204368 17 752
45122 205586 17 763
45141 204617 16 735
45160 204364 17 767
45180 204049 17 757
45200 204748 18 821
45224 203989 21 741
45245 203311 17 712
45266 204871 18 776
45285 204730 17 745
45305 204234 17 765
45324 204196 17 747
45343 204922 16 727
45362 203098 17 750
45382 203335 17 757
45401 204186 16 744
45421 203418 18 744
45446 204483 21 765
45469 204560 19 769
45489 204222 18 763
45510 203724 18 757
45529 204068 16 733
45549 204572 18 773
45569 203839 17 762
45588 205191 17 764
45608 204152 17 762
45628 203644 17 774
45649 204512 19 721
45678 204317 26 740
45699 204016 18 743
45718 204395 17 764
45738 204714 17 749
45757 204420 17 759
45777 204275 17 753
45797 204499 17 763
45816 204895 17 750
45835 203821 16 741
45858 204581 20 743
45883 203941 21 753
45904 204202 18 770
45923 204962 16 728
45943 203835 17 779
45961 204283 16 708
45981 203990 17 756
46000 204359 17 757
46019 204546 16 735
46038 204699 17 748
46060 204052 19 745
46085 204134 22 740
46104 204578 17 760
46125 205100 18 779
46144 204766 17 752
46164 205526 17 764
46184 204534 18 780
46204 204718 17 771
46222 204770 16 744
46242 205699 17 767
46261 204393 17 764
46288 204724 24 764
46310 205183 18 758
46329 204649 16 737
46349 204398 17 740
46368 203877 17 747
46388 204095 18 796
46408 204735 17 781
46427 204429 16 725
46446 203506 17 747
46465 204923 16 741
46491 205679 24 787
46512 205244 18 770
46532 204851 18 786
46552 204058 18 791
46571 203102 16 735
46592 204281 18 786
46610 203654 16 732
46630 204767 17 759
46650 204015 17 771
46669 205208 17 774
46692 204864 20 765
46718 203644 24 754
46738 205509 17 766
46757 203838 17 736
46777 203831 17 721
46797 205643 18 788
46817 205032 17 757
46837 204043 17 757
46857 204905 17 769
46876 203570 17 733
46895 204462 16 742
46916 204536 19 741
46944 203678 24 721
46964 204681 18 764
46984 204696 17 759
47004 203449 17 723
47023 205445 17 773
47042 203890 16 740
47061 203955 16 732
47080 204053 16 730
47099 203979 16 733
47120 203094 19 731
47145 205226 22 744
47164 205073 17 748
47184 204197 17 758
47203 203965 16 729
47222 204250 17 772
47242 203948 16 737
47261 203817 17 740
47280 204630 17 740
47300 204593 17 760
47319 203516 16 723
47341 203729 20 775
47367 204616 22 773
47386 203575 17 733
47406 204975 17 756
47425 203901 17 751
47444 204740 17 749
47463 204413 16 737
47484 204046 18 748
47503 204364 17 754
47522 203517 17 732
47542 204410 17 757
47568 205162 23 753
47588 204391 17 751
47608 203214 17 776
47627 203575 16 747
47646 205160 16 746
47664 204356 16 733
47684 203919 17 733
47703 203393 17 748
47722 204803 16 738
47741 204423 17 770
47762 203562 18 734
47786 204283 20 745
47807 204216 18 779
47826 204077 17 746
47845 204818 17 741
47866 204901 18 770
47885 204547 17 787
47905 204344 16 743
47924 204073 17 752
47944 204387 17 761
47964 205052 17 763
47988 203399 21 725
48011 204861 19 747
48030 205222 17 747
48049 205095 17 762
48068 203474 17 748
48087 203877 16 740
48106 203862 16 719
48124 203848 16 736
48144 204002 17 766
48163 203478 17 770
48195 204473 29 767
48216 204336 18 725
48236 204242 17 753
48255 203941 17 740
48275 203877 17 747
48294 204524 17 751
48314 205252 18 780
48334 205832 17 772
48354 204220 17 760
48373 205240 17 750
48401 204402 25 771
48421 203375 18 746
48441 205761 17 757
48460 204229 17 739
48480 205707 17 763
48499 204084 16 732
48518 204488 17 739
48537 203984 16 739
48556 203777 16 730
48576 203915 17 753
48601 205514 23 783
48624 203752 19 720
48643 204091 17 737
48662 204009 17 742
48682 203603 17 748
48702 203877 17 762
48721 204303 17 760
48741 204068 17 745
48759 203636 16 740
48779 204168 17 742
48800 205705 19 799
48824 204002 21 745
48846 205451 18 770
48865 203666 17 750
48886 204481 18 755
48905 203551 16 730
48924 204855 17 747
48944 204696 17 770
48963 204416 16 736
48982 203941 17 747
49002 203458 17 754
49024 204681 19 759
49049 204503 23 743
49070 204931 18 774
49089 202834 16 739
49108 203811 16 741
49130 204358 20 730
49149 204743 17 752
49169 203503 17 727
49188 203363 17 762
49207 204541 17 754
49226 203227 16 734
49248 204533 20 751
49272 204906 19 744
49291 203904 17 732
49311 204246 17 757
49331 204381 17 763
49351 204924 17 772
49370 203290 17 740
49389 204010 17 752
49408 204806 16 725
49427 204516 16 737
49455 205563 26 761
49481 204070 21 712
49501 204080 17 737
49520 204252 17 734
49540 204188 17 759
49560 204785 17 774
49580 203988 17 760
49599 204814 17 751
49619 205024 17 773
49639 204183 17 756
49660 204971 19 763
49688 203690 24 739
49709 205186 18 789
49729 204474 17 767
49748 203670 16 731
49768 204809 17 754
49787 204628 17 746
49808 203993 18 797
49826 203876 16 725
49845 204802 16 737
49866 204859 18 748
49892 204422 22 744
49911 203698 17 756
49931 203962 17 745
49950 204881 16 728
49969 204585 16 733
49988 204898 17 777
50009 203634 18 775
50028 203389 17 743
50048 204249 17 773
50067 204921 17 738
50089 204119 19 743
50114 205811 23 795
50135 204221 18 785
50155 205088 18 776
50175 203908 17 759
50222 205079 17 746
50240 204881 16 730
50259 204511 16 746
50279 204749 17 770
50307 204462 25 729
50328 204693 18 781
50347 204319 17 728
50367 205011 17 767
50386 203405 17 741
50407 205450 18 782
50426 204715 17 752
50446 204803 17 763
50466 204317 18 789
50486 204708 17 746
50508 204843 20 793
50535 204163 24 770
50555 204221 17 749
50579 204520 21 766
50609 203716 28 712
50636 204618 23 733
50656 204555 18 742
50676 204112 17 752
50696 205248 18 777
50720 204934 21 786
50750 204444 27 730
50788 204276 33 752
50814 204977 22 762
50835 203674 18 724
50855 205215 18 748
50876 204747 18 765
50896 203880 17 733
50917 204668 18 769
50946 205038 26 760
50968 203368 18 697
50997 205317 26 762
51018 205057 18 750
51047 203649 26 710
51072 205015 21 782
51092 204406 17 764
51111 204274 17 751
51133 204545 19 754
51161 204762 25 739
51180 205011 17 742
51200 203814 17 746
51219 205283 16 742
51239 205059 17 768
51258 204447 17 746
51277 204694 16 729
51296 204614 17 773
51315 203922 16 711
51335 203923 18 720
51361 205313 23 750
51386 204686 22 721
51405 204064 17 717
51430 204543 21 760
51450 204725 17 753
51480 204006 28 741
51504 204914 21 710
51539 203216 32 737
51584 205177 34 733
51610 203780 23 738
51640 205056 25 772
51660 204075 18 739
51682 203843 19 759
51702 204423 18 750
51722 205617 17 738
51743 203873 19 778
51765 204737 19 765
51803 204500 33 759
51832 204189 27 791
51865 204394 29 775
51890 204404 21 744
51912 204300 20 755
51934 203498 19 742
51953 204678 17 750
51973 204576 17 741
52004 205439 29 769
52037 203801 29 735
52059 205163 18 785
52105 204999 42 773
52130 205377 22 766
52150 204407 17 755
52170 203687 17 737
52191 204867 19 776
52214 204851 20 755
52239 203583 21 744
52265 204458 23 744
52285 203051 17 715
52304 204487 17 745
52324 204791 18 785
52344 204331 17 739
52364 205544 18 775
52383 205259 16 733
52403 205322 18 793
52424 204203 18 738
52451 204637 25 748
52476 203070 22 719
52497 205492 18 782
52516 204113 16 729
52537 204453 18 756
52555 203161 15 686
52576 205540 19 787
52597 204531 18 783
52616 204911 17 757
52640 203345 22 764
52663 204229 18 730
52682 203959 16 721
52701 204642 17 753
52721 205193 17 782
52741 205084 17 749
52761 204875 17 749
52786 203548 22 769
52805 204199 17 771
52825 203945 17 741
52848 204863 20 792
52877 204319 24 738
52898 204993 18 773
52918 203687 17 733
52937 204143 17 745
52956 203379 17 746
52976 205050 17 748
52996 204588 17 758
53016 204415 17 756
53036 204146 18 784
53058 204612 20 751
53085 205084 23 760
53104 203841 17 744
53125 204101 18 711
53144 204283 17 755
53164 204401 17 749
53184 204569 18 777
53204 204098 17 746
53223 205354 17 758
53242 205177 17 753
53263 203291 19 737
53293 203637 26 748
53313 204522 17 727
53333 205122 17 760
53353 203123 17 742
53373 204437 17 754
53392 204756 17 749
53411 203645 16 748
53430 203855 17 749
53453 204103 20 738
53483 204842 28 765
53507 204829 21 772
53530 204393 19 766
53549 203177 17 728
53571 204947 19 770
53592 204547 18 772
53611 204541 17 747
53630 203871 16 731
53655 203391 21 717
53675 204493 17 754
53696 204497 18 733
53721 203538 22 740
53742 204308 18 753
53762 205631 18 772
53781 203960 16 722
53801 204386 17 752
53821 202848 18 750
53840 205158 17 750
53860 203193 17 742
53879 204882 16 733
53904 205021 23 758
53933 204476 23 772
53959 205005 23 754
53979 203807 17 727
53999 203748 17 718
54019 204494 18 760
54038 204778 17 720
54058 204624 17 774
54078 203830 17 758
54097 205677 17 781
54116 204893 16 756
54139 203852 20 744
54165 204169 21 740
54184 204080 16 724
54204 204385 18 775
54224 205109 17 748
54243 204286 17 743
54263 204826 18 778
54284 204348 18 789
54303 204892 17 755
54322 204898 17 753
54341 203488 17 748
54363 203871 19 735
54390 203937 23 748
54409 204568 16 710
54429 203870 17 739
54448 204060 17 752
54468 204315 17 778
54488 204390 17 751
54507 205241 17 745
54526 203427 17 741
54547 204830 18 782
54568 204890 19 759
54594 204606 23 752
54615 204721 18 766
54635 204482 17 752
54654 205091 17 741
54673 203785 17 719
54692 204877 16 724
54711 203409 16 713
54730 204579 17 753
54749 204679 17 757
54769 203521 17 736
54793 205305 22 762
54823 204183 25 740
54843 204555 17 751
54863 203761 17 767
54882 205369 17 746
54901 204162 16 727
54922 205057 18 739
54941 204512 17 761
54960 205289 17 745
54980 204458 17 772
54999 204615 17 759
55027 204662 25 789
55048 204595 17 758
55067 204708 17 723
55087 204449 18 780
55107 203305 17 761
55128 204083 18 744
55148 205539 18 796
55167 204575 16 731
55187 204728 17 748
55206 203862 17 730
55233 205309 24 761
55254 205365 18 782
55284 204199 28 750
55304 204067 17 745
55323 204128 17 726
55343 204892 17 740
55362 204794 17 730
55385 205119 19 768
55404 205167 17 719
55427 203829 20 782
55453 205091 23 746
55473 204996 17 759
55493 205027 18 759
55513 203816 17 746
55532 205238 17 740
55552 204182 17 754
55577 204470 23 742
55599 205273 19 819
55618 204529 16 742
55640 204478 19 794
55674 204670 24 748
55694 204642 17 732
55714 204364 17 761
55734 203773 18 753
55754 203920 17 769
55773 203794 17 730
55794 205059 18 773
55814 205309 17 764
55833 204710 17 752
55855 205158 20 756
55882 205036 25 758
55901 204812 17 734
55926 204802 23 771
55948 204844 19 763
55966 204240 16 686
55986 204424 17 746
56005 204821 17 750
56025 203849 17 764
56046 204010 18 733
56070 204692 20 773
56100 205616 27 768
56120 203930 18 755
56139 204822 17 727
56159 204936 17 746
56179 204630 17 746
56198 203951 16 729
56216 204331 16 723
56236 203655 17 740
56256 204925 18 772
56275 202997 17 736
56301 203691 24 743
56323 204671 18 742
56342 203924 17 733
56361 204762 16 716
56381 203847 17 739
56400 204529 17 744
56419 204844 16 740
56439 204495 17 770
56457 204615 16 729
56477 205398 17 758
56496 203544 16 718
56522 204408 23 732
56542 204142 17 730
56563 204722 18 801
56584 205163 18 796
56603 203988 17 736
56623 204892 17 765
56643 204910 18 784
56661 203923 16 729
56681 204127 17 757
56701 204936 18 775
56724 204770 20 759
56748 204532 22 731
56769 204015 18 773
56788 203664 16 704
56807 204398 17 742
56830 203944 21 705
56850 204254 17 746
56868 203109 16 709
56887 204615 17 727
56907 204895 18 794
56931 205273 21 750
56957 204967 23 793
56977 203922 17 738
56996 202598 17 734
57033 204483 16 737
57052 205033 17 764
57071 202986 16 732
57090 204452 17 759
57109 204555 16 749
57129 205363 17 779
57151 204942 19 770
57176 205318 23 774
57196 203646 17 740
57216 203796 17 741
57235 204822 17 746
57254 203956 16 735
57273 203700 17 747
57293 203828 17 749
57312 204751 16 740
57332 205221 17 781
57351 205054 17 773
57383 204498 29 756
57407 204377 20 764
57428 204265 18 778
57447 205134 17 753
57467 204251 17 763
57487 205445 17 738
57506 204955 17 756
57526 204294 17 773
57545 203566 16 740
57564 204647 17 761
57592 205558 25 783
57613 205351 18 795
57633 204073 17 755
57652 203692 16 736
57671 204694 17 745
57692 204507 18 802
57710 203389 16 726
57729 204615 17 760
57749 204968 17 759
57769 204138 17 750
57790 205305 19 743
57816 204902 23 751
57836 204620 18 783
57855 203834 16 723
57874 204029 16 731
57894 204288 17 782
57912 203730 16 723
57932 205380 17 760
57952 204513 17 770
57971 204614 17 756
57991 204911 17 762
58012 204762 19 774
58038 205395 23 770
58057 204222 17 737
58076 204052 17 748
58096 204782 17 775
58116 203804 17 781
58136 203642 18 784
58156 204316 18 788
58176 203219 17 739
58195 204517 17 762
58219 204439 21 764
58246 204333 23 767
58266 204893 18 787
58286 204591 17 761
58306 204199 17 752
58325 203907 17 755
58345 204835 17 753
58400 204637 17 759
58419 204462 17 737
58446 204649 23 777
58466 204887 17 740
58485 205331 17 747
58505 204989 17 732
58524 204084 16 730
58544 204251 17 770
58563 203756 17 744
58582 204397 17 748
58602 205637 17 785
58621 204507 17 777
58651 204579 27 755
58676 204397 22 748
58696 204622 17 739
58715 203911 17 762
58735 204218 17 767
58756 204534 18 785
58777 204422 18 792
58796 204674 17 760
58815 205111 17 759
58836 203845 18 767
58863 204109 24 742
58882 204953 17 750
58901 204692 16 737
58921 204445 17 778
58940 203874 17 769
58960 202911 17 751
58980 204767 17 762
59000 204603 17 760
59019 204502 17 767
59039 204953 17 760
59062 204379 20 735
59093 203726 27 760
59118 205090 23 766
59138 205238 17 760
59161 204762 20 736
59181 203779 17 738
59203 204239 19 759
59223 204361 17 760
59243 204316 18 761
59266 204261 20 782
59297 204376 28 748
59322 203753 20 725
59350 203983 26 737
59377 203911 24 800
59398 204856 18 769
59418 204829 18 761
59439 204984 18 779
59459 205605 17 727
59490 205298 28 791
59527 203418 33 791
59564 203118 33 757
59589 204442 20 735
59614 203407 22 755
59644 204934 28 772
59663 204135 16 734
59682 204050 16 724
59701 203783 16 721
59730 205061 26 781
59750 203966 17 751
59771 205528 18 773
59792 204239 18 782
59812 205132 17 763
59831 205417 17 752
59851 203988 17 749
59870 202782 17 751
59889 204756 16 740
59909 205024 17 787
59932 205658 20 749
59961 204880 27 779
59982 205078 18 750
60002 204605 17 735
60021 205006 17 736
60040 204347 17 760
60059 204429 16 736
60078 205038 17 762
60098 203924 17 768
60118 206032 17 792
60137 204837 17 748
60164 204992 24 769
60193 204095 26 762
60214 204783 17 744
60235 205624 18 795
60255 204829 18 771
60275 203389 17 744
60295 204118 17 746
60314 203696 16 701
60334 203535 18 763
60354 203428 17 748
60388 204093 31 753
60411 205235 19 775
60434 203692 20 731
60456 204712 18 780
60475 203711 17 735
60496 203744 18 748
60517 204134 18 779
60549 203580 29 744
60576 204145 24 731
60611 204706 32 723
60632 204438 18 760
60652 205264 18 764
60671 203631 16 731
60691 204996 18 777
60710 205265 17 762
60729 203639 16 728
60747 203714 16 728
60767 204367 18 779
60787 205323 17 770
60809 203731 19 780
60834 204044 22 767
60853 203785 16 727
60872 204219 17 759
60892 204803 17 764
60911 204475 17 760
60931 204179 17 772
60950 204511 17 773
60970 202904 17 763
60989 204074 17 762
61011 204914 19 758
61035 205018 22 726
61055 205112 17 742
61075 203358 17 761
61121 203804 16 716
61141 204742 17 753
61161 204697 17 765
61181 205676 17 780
61199 203792 16 726
61219 204860 17 781
61245 205875 23 765
61271 205247 20 782
61292 205190 18 787
61312 204626 17 757
61331 204170 17 750
61351 204472 17 751
61370 204877 16 733
61389 204488 17 784
61409 205500 17 755
61428 204478 17 750
61449 204862 19 768
61477 204435 24 778
61498 204938 18 757
61518 204196 18 778
61538 203526 17 729
61556 204565 16 730
61576 204873 18 796
61595 203503 16 733
61614 203400 16 730
61634 205055 17 752
61656 203595 20 756
61682 204026 22 735
61702 205607 17 755
61721 204364 17 735
61742 205289 18 794
61761 204955 17 768
61782 205070 18 787
61802 204624 17 782
61821 204332 17 753
61840 202803 16 737
61862 204518 20 758
61887 203799 21 758
61907 204471 17 773
61927 204754 18 785
61947 205058 17 753
61966 204940 17 762
61985 204850 17 745
62005 204431 17 769
62024 203359 17 765
62043 202517 16 748
62063 204940 18 753
62093 204823 26 771
62114 204558 17 770
62134 205161 18 782
62155 204444 19 754
62175 205067 17 759
62195 204011 17 777
62215 204400 17 786
62235 204635 18 798
62253 203732 16 719
62272 204987 16 750
62293 202831 18 729
62318 204829 20 750
62339 205631 18 781
62359 204619 18 777
62379 204963 17 775
62399 204753 17 769
62418 203859 16 725
62437 203630 17 760
62489 204473 17 751
62518 203630 27 756
62546 205242 23 783
62566 204293 17 754
62585 204727 17 750
62605 203815 17 783
62624 204695 17 759
62645 206381 18 798
62663 203208 16 734
62683 203951 17 758
62703 204637 17 770
62730 204914 23 746
62750 205144 18 761
62770 204285 18 759
62789 203850 16 740
62809 204481 17 755
62829 206046 17 775
62848 204433 16 726
62867 204784 17 773
62886 204276 16 725
62906 205572 18 790
62928 204393 20 805
62953 204397 22 747
62972 204345 16 725
62992 204985 17 768
63013 204358 18 792
63033 204952 17 762
63052 204263 17 747
63071 204853 17 762
63091 205294 17 791
63111 204612 17 769
63130 204074 17 739
63151 204903 19 752
63176 204667 22 747
63197 204963 18 796
63216 204981 17 755
63237 204503 18 778
63255 203164 16 713
63274 204942 17 767
63294 204455 17 788
63314 204715 17 768
63337 203910 21 773
63373 202712 33 736
63397 204756 19 757
63417 204395 18 773
63438 204926 17 780
63457 204157 16 744
63475 203902 16 721
63496 204412 18 738
63514 203542 16 717
63533 204849 17 759
63552 203939 16 729
63574 204998 20 770
63598 204730 21 707
63618 204589 17 754
63638 204557 17 767
63658 205263 17 778
63677 204304 16 742
63696 204222 17 753
63716 204191 17 768
63735 205420 17 759
63754 204213 16 732
63778 204522 22 777
63808 205081 26 802
63879 204875 17 759
63898 203728 17 760
63916 204136 16 717
63936 204729 17 773
63955 204711 17 744
63976 204808 18 773
63998 205135 20 774
64024 205345 21 753
64044 204267 17 740
64064 204583 17 761
64084 204381 17 776
64104 204077 17 780
64123 205011 17 757
64142 203646 17 741
64162 204149 17 747
64180 204197 16 733
64200 205025 17 760
64227 204078 24 791
64246 204511 16 702
64266 204165 17 754
64287 205769 19 813
64306 203712 17 731
64326 205246 17 752
64346 203587 17 758
64367 204848 19 782
64387 204424 18 787
64407 204265 17 756
64432 203530 22 719
64453 204992 18 793
64474 204949 18 789
64493 204675 17 767
64514 205169 18 777
64533 203121 17 732
64552 204892 17 759
64572 206049 17 783
64591 204661 17 739
64610 204168 16 738
64633 204239 20 764
64659 203908 23 751
64679 204548 17 750
64699 204563 18 777
64718 204738 17 763
64738 204640 17 740
64757 204214 16 729
64777 206058 18 757
64797 204881 17 764
64816 204603 17 773
64837 204317 18 747
64862 204733 22 750
64881 203882 16 724
64900 204176 17 757
64919 204255 16 732
64938 204473 17 746
64957 203359 17 750
64976 204255 16 736
64996 204339 17 780
65016 204266 18 799
65036 204826 17 767
65058 204267 20 760
65088 205613 26 804
65108 205610 17 743
65127 204261 17 742
65147 204001 17 734
65166 204519 17 760
65200 204079 17 746
65219 203950 16 736
65239 204221 17 755
65259 204801 17 764
65285 204234 24 772
65309 203882 19 743
65329 204353 17 739
65348 204329 17 752
65368 204928 17 753
65387 204527 17 740
65407 204364 17 786
65426 205064 16 748
65445 204012 16 736
65465 204801 17 774
65487 204781 20 773
65515 204949 25 759
65536 205125 18 782
65555 204804 17 758
65575 204466 17 736
65594 202867 16 735
65612 203908 16 724
65632 204843 17 769
65652 204729 17 776
65671 204307 16 747
65691 205016 17 786
65712 204018 19 735
65740 205332 25 781
65760 203872 17 769
65781 204433 18 783
65801 205591 18 780
65820 203800 17 765
65840 204129 17 760
65860 204900 17 762
65879 204090 17 739
65899 205003 18 783
65918 205386 16 746
65945 203582 24 749
65965 204266 17 715
65985 204027 18 772
66004 204059 16 731
66024 204541 17 746
66043 204584 16 736
66063 204750 18 788
66082 203515 16 735
66101 203873 17 755
66121 203313 17 756
66141 204025 18 741
66168 204358 24 747
66189 204171 17 754
66209 204583 18 780
66229 204583 18 776
66249 204314 18 779
66268 204258 16 730
66288 205831 17 765
66307 204622 17 753
66326 203842 16 735
66345 203207 16 728
66369 203488 21 756
66400 204091 28 725
66421 205246 18 764
66441 205769 18 775
66460 203692 16 731
66480 204544 17 753
66499 203619 17 747
66519 204415 17 765
66538 204106 17 741
66557 204361 16 731
66579 204613 19 766
66606 203990 23 745
66628 204671 19 789
66651 204420 21 763
66671 203996 17 759
66690 203742 17 745
66709 204317 16 736
66730 204943 18 779
66749 204311 16 741
66769 204659 18 778
66789 205542 17 781
66813 203646 21 714
66841 204128 24 742
66862 205135 19 766
66884 203713 17 718
66903 205693 17 763
66923 204407 17 755
66943 204503 17 772
66963 204556 17 776
66982 205517 17 784
67002 204171 17 768
67023 203390 19 726
67049 204293 23 725
67068 203915 17 741
67087 204815 16 731
67106 203665 17 729
67125 204486 16 740
67144 204169 17 745
67164 204523 17 762
67183 203594 17 754
67203 203807 18 729
67225 204767 19 754
67252 203718 24 760
67271 204651 17 742
67291 203701 17 765
67312 205682 18 792
67331 204101 17 747
67351 204871 17 749
67370 203774 17 738
67389 203517 16 736
67409 204562 17 768
67428 204366 17 731
67450 205343 20 779
67476 204488 21 760
67495 204195 17 741
67514 203543 17 719
67534 204404 17 746
67554 205372 17 780
67573 204425 17 770
67593 204731 17 753
67612 204403 17 768
67632 204511 17 773
67655 204630 20 780
67685 204719 28 760
67705 204610 17 732
67725 205640 18 780
67745 203657 17 746
67765 204161 17 749
67784 203966 17 764
67804 204572 17 740
67823 205002 17 736
67842 204594 17 751
67864 203572 19 750
67888 204403 21 748
67908 204604 18 784
67945 203424 17 761
67964 203860 16 724
67983 204657 16 747
68003 204638 17 756
68023 204834 17 772
68041 204157 16 732
68061 205142 17 736
68082 204283 19 746
68109 203607 24 770
68130 205159 18 786
68150 204797 17 732
68170 203963 17 766
68190 204474 18 775
68210 203925 18 730
68229 205016 16 740
68247 204954 16 730
68266 203738 16 728
68285 204943 17 762
68308 205584 20 767
68335 205842 24 769
68356 205150 18 799
68375 203815 17 742
68395 203894 17 740
68413 205053 16 727
68432 205106 17 737
68452 204706 17 769
68471 204589 17 755
68490 204321 16 747
68511 204165 18 720
68536 204402 23 724
68556 203967 17 744
68576 204894 18 765
68596 204976 17 758
68616 204202 17 757
68636 205158 17 781
68654 202580 16 727
68674 205063 17 773
68693 205338 17 758
68712 203967 17 750
68736 205136 21 776
68758 204516 19 742
68780 203800 19 774
68800 203880 17 738
68820 205145 18 779
68839 203207 17 744
68859 204499 18 786
68879 203879 17 769
68899 204334 17 750
68917 204585 16 724
68939 203850 19 750
68972 204140 29 790
68992 204477 18 762
69013 203781 17 743
69032 204644 17 741
69051 204536 17 749
69071 205370 17 774
69090 203360 16 751
69109 204943 17 767
69128 204684 16 749
69150 203861 19 736
69174 203782 21 719
69194 204359 17 748
69215 204718 18 792
69234 204241 17 730
69253 204952 17 744
69300 203324 16 724
69319 204130 17 746
69338 204380 17 740
69358 205167 17 738
69385 205371 23 763
69405 204195 18 781
69425 203372 18 764
69445 203901 17 733
69464 204874 17 761
69483 203685 16 707
69503 204628 17 760
69524 203702 19 768
69543 204393 17 737
69563 204267 17 733
69585 204821 19 801
69609 204208 21 734
69628 203642 17 742
69647 204394 17 721
69666 204625 16 727
69685 204594 16 705
69704 204466 17 785
69723 203765 17 759
69743 205289 17 782
69762 204932 17 723
69784 204350 19 773
69810 204018 23 765
69830 204738 17 732
69850 205158 18 795
69870 204508 17 743
69890 204776 17 775
69908 204670 16 730
69928 204745 17 778
69947 205323 16 750
69966 204449 16 733
69986 205780 18 789
70013 204454 24 759
70032 204147 16 717
70051 203427 16 735
70070 204668 17 767
70090 204102 17 772
70110 204623 17 756
70129 204298 17 765
70148 203063 16 725
70167 204466 17 742
70185 203598 16 731
70210 204595 22 759
70239 205449 26 771
70260 204956 18 799
70281 205056 18 775
70300 204457 17 734
70318 203809 16 729
70338 204190 17 775
70359 204343 18 786
70379 205643 17 777
70398 205475 17 780
70421 204359 20 781
70446 203606 23 785
70466 204376 17 723
70485 204780 17 739
70505 205188 17 775
70525 205682 17 780
70545 204948 17 740
70564 204324 17 752
70583 204199 17 739
70603 204316 17 773
70623 205068 17 777
70650 204455 23 733
70670 205037 17 777
70689 203731 17 730
70710 204847 18 789
70729 204345 17 748
70749 204516 17 755
70773 204939 22 772
70792 203840 16 723
70812 204935 17 775
70831 204947 17 771
70853 203933 19 758
70877 204022 22 729
70898 204948 18 780
70918 203993 17 763
70938 204150 17 764
70957 204878 17 766
70976 204795 16 726
70996 204350 17 749
71016 205562 18 782
71035 203568 16 737
71057 205597 20 776
71082 204161 21 737
71102 204617 17 759
71121 204298 17 745
71140 204163 16 728
71160 204681 17 765
71179 204803 16 754
71198 204792 17 753
71218 204753 17 767
71237 204991 17 747
71256 204821 16 733
71279 204702 20 747
71303 204326 20 725
71323 203598 18 766
71343 203618 17 759
71362 202815 17 741
71381 204516 16 742
71400 204300 17 765
71419 203597 17 739
71439 204301 17 756
71457 203719 16 721
71481 203874 21 746
71509 204505 23 744
71529 205481 17 762
71548 204346 16 751
71568 205017 18 775
71588 204561 17 755
71608 204005 17 772
71627 204302 17 743
71646 204122 16 753
71665 204182 16 733
71684 202865 16 738
71707 204343 21 736
71730 204346 18 748
71749 205345 17 751
71770 204477 18 743
71790 204261 17 767
71809 203917 17 744
71828 205255 17 739
71847 204177 17 761
71867 204674 17 774
71887 205161 17 770
71913 203368 23 733
71932 205013 16 726
71952 205020 17 738
71970 203435 16 734
71990 204612 17 776
72011 205314 18 802
72030 203989 17 765
72050 204053 17 759
72069 204365 16 744
72088 204744 17 752
72109 204698 19 778
72135 204424 22 718
72156 203363 18 789
72175 204680 17 741
72195 204984 17 746
72215 204305 18 776
72235 204351 17 770
72253 205300 16 735
72272 203729 16 733
72291 204110 16 733
72310 204397 17 751
72337 204981 25 755
72357 204503 17 738
72377 203890 17 767
72397 204306 17 772
72415 203626 16 706
72435 204828 17 762
72453 204020 16 725
72472 203520 16 739
72492 203416 17 764
72511 203941 16 742
72532 204948 18 770
72556 204503 21 759
72576 205417 17 748
72596 204007 17 765
72616 204185 17 753
72635 204597 17 733
72654 204086 17 756
72673 203845 16 728
72691 204297 16 719
72711 204040 17 781
72730 204716 16 735
72751 204571 19 769
72774 203686 21 727
72795 204581 17 738
72814 204864 17 740
72834 204600 17 755
72854 203736 18 793
72873 203729 16 746
72891 204071 16 705
72910 205278 17 762
72929 203966 16 744
72949 204930 17 784
72982 204424 29 745
73004 204921 18 760
73024 205117 17 764
73043 204514 16 724
73062 204877 17 759
73083 205335 18 793
73102 204365 17 781
73122 203892 17 744
73140 204443 16 740
73160 205223 17 769
73182 204086 19 755
73207 204985 23 755
73227 204222 17 747
73246 203183 17 760
73265 204646 16 738
73284 204684 16 742
73304 204414 17 764
73324 204250 17 766
73345 203927 18 745
73368 204565 17 754
73390 204275 19 739
73416 204908 21 792
73435 203831 17 743
73455 205055 17 757
73475 204579 17 765
73494 204376 17 746
73514 204540 17 742
73533 203929 16 736
73553 204761 17 772
73571 203976 16 730
73592 204432 18 740
73617 204499 22 762
73639 204099 18 746
73657 203534 16 703
73678 204956 18 779
73698 204277 17 760
73717 204031 17 750
73737 205278 17 790
73755 204238 16 746
73776 204498 18 772
73796 205035 18 763
73822 204180 23 756
73842 203832 17 748
73863 204272 18 776
73882 204452 17 764
73902 204330 17 769
73920 203231 15 693
73939 204015 17 755
73958 203906 17 771
73978 205216 17 754
73997 204075 16 737
74018 204507 19 731
74045 204219 24 770
74070 204710 23 777
74091 204262 18 769
74110 204268 17 741
74129 204984 17 748
74148 204301 17 755
74168 204015 17 780
74187 203672 16 721
74206 203600 17 736
74225 204321 17 742
74258 204928 30 771
74280 203763 18 725
74303 204794 20 772
74323 203325 17 759
74343 204361 18 770
74363 204390 17 758
74383 203986 17 738
74402 204546 17 770
74422 203559 17 756
74443 204048 18 722
74469 204419 23 731
74489 204563 17 771
74509 204572 17 741
74528 204773 17 733
74548 204494 17 743
74566 203098 16 721
74585 203899 16 730
74604 204765 16 752
74624 204353 17 750
74643 204118 17 755
74665 205348 20 752
74692 204967 23 784
74712 203947 17 750
74734 205182 17 730
74753 204303 17 736
74772 204206 16 724
74792 204262 17 756
74811 203570 17 743
74830 203767 17 746
74849 204449 17 742
74869 204537 17 758
74892 204518 20 748
74916 203759 20 764
74936 204925 17 771
74956 204741 18 771
74976 204442 17 752
74995 204853 17 753
75015 204469 17 762
75034 204553 17 746
75053 203988 16 744
75072 204238 17 750
75095 204992 21 756
75118 203580 20 768
75138 203754 17 742
75158 204213 17 769
75178 204712 17 770
75197 203362 16 733
75217 204448 17 754
75236 203451 17 742
75255 203990 17 744
75275 203992 17 774
75296 205239 18 745
75322 206094 23 765
75342 205197 17 727
75362 204972 18 774
75382 204355 17 768
75402 204759 17 771
75422 203804 17 775
75441 203750 17 748
75460 204670 17 757
75481 205226 18 786
75500 204526 17 747
75532 203193 29 746
75551 203853 16 728
75571 205148 17 753
75592 205271 18 815
75611 203985 17 769
75632 205073 18 799
75650 203823 16 740
75669 203607 16 732
75688 204513 16 743
75707 205034 17 753
75728 204433 18 718
75754 204696 23 787
75774 203069 17 715
75794 204895 17 766
75813 204213 17 754
75833 204420 17 759
75853 204233 18 782
75873 204401 17 760
75892 204818 17 769
75911 204025 16 744
75932 203104 19 724
75959 204698 23 751
75979 204622 18 788
75998 204701 16 724
76017 204129 16 723
76036 203365 16 729
76056 205123 17 777
76075 203398 17 739
76095 204398 17 778
76115 203731 17 774
76134 203688 17 761
76157 205277 20 793
76182 204219 19 754
76201 203697 17 729
76220 205143 16 723
76239 204668 17 739
76259 203579 18 760
76277 203960 15 698
76297 205378 17 766
76316 204986 17 762
76335 204040 16 741
76354 205380 17 757
76381 203411 24 731
76402 203285 17 748
76422 204036 17 752
76441 203310 17 748
76461 204421 17 764
76480 204887 17 750
76499 203555 17 750
76519 203650 17 760
76538 204488 17 767
76557 204697 16 732
76577 204832 18 756
76603 203998 22 755
76623 205512 17 756
76643 204757 17 771
76662 204036 16 730
76680 203735 16 729
76699 204737 16 730
76717 204076 15 700
76737 204698 17 761
76756 205791 17 756
76776 204253 17 759
76799 204148 20 766
76825 204931 22 781
76845 205122 17 763
76864 203340 16 745
76884 204394 18 777
76904 204844 17 777
76922 203175 15 694
76941 204590 17 753
76962 204967 18 771
76982 205055 17 779
77002 203636 18 740
77031 204649 25 763
77051 204663 17 736
77071 204254 17 752
77090 203456 17 721
77109 204669 16 739
77128 204099 16 752
77147 204016 17 761
77169 204644 19 826
77187 204419 16 744
77210 203595 20 760
77234 204282 22 751
77255 205600 18 757
77275 203889 18 768
77293 204241 16 712
77312 202906 16 724
77331 203467 16 739
77350 204624 17 762
77370 203805 17 749
77390 203871 17 772
77409 204089 16 744
77430 204778 19 762
77470 206522 18 786
77488 204826 16 730
77507 204836 16 731
77528 204953 18 775
77548 203958 17 776
77567 203344 17 735
77587 204556 17 737
77605 203539 16 725
77625 204370 17 767
77646 204403 19 763
77670 204072 21 729
77689 204502 17 747
77708 203833 17 723
77728 204583 17 761
77748 203605 17 758
77768 204327 17 766
77787 204381 16 737
77806 204905 17 764
77825 204823 17 755
77845 203788 17 752
77867 204983 19 742
77894 204450 24 757
77914 204607 17 762
77934 204739 17 774
77953 204478 17 733
77972 204941 17 749
77992 204419 17 747
78012 204348 17 767
78031 205800 17 769
78050 203471 17 739
78073 204286 20 749
78099 204784 23 767
78118 204102 17 735
78138 204270 17 749
78159 204816 19 767
78179 204730 17 733
78199 204224 18 799
78219 204457 17 756
78238 203972 17 756
78258 203607 17 754
78277 204173 17 754
78302 204093 22 749
78329 204170 24 745
78348 203062 17 731
78369 202890 18 757
78389 205506 18 790
78408 204141 17 745
78427 204286 16 738
78446 204371 16 744
78465 204384 17 760
78485 204919 17 775
78512 203706 23 737
78532 205610 18 790
78552 204230 17 751
78572 203676 18 779
78592 204139 17 752
78611 205064 16 729
78630 205068 17 763
78650 205340 17 751
78670 205631 17 748
78690 204956 17 775
78711 204571 19 757
78737 204971 24 775
78757 203832 17 736
78777 204496 17 741
78797 204256 18 787
78858 204718 16 740
78878 204622 17 767
78897 204823 16 734
78918 204669 18 743
78944 204062 23 736
78964 205053 17 768
78984 203622 17 756
79002 203457 16 717
79022 204814 17 759
79042 204441 18 776
79061 204758 16 727
79080 204718 16 719
79098 204206 16 733
79118 205400 17 773
79147 204083 26 771
79167 203873 17 742
79186 204299 17 750
79206 204205 17 740
79226 204883 18 787
79246 205308 17 773
79265 204720 17 740
79284 203649 17 756
79304 203444 17 746
79323 205043 17 771
79349 203946 23 755
79371 204094 18 738
79391 203563 17 721
79410 204953 17 766
79430 204355 17 748
79448 204928 16 714
79468 203449 17 773
79487 203727 16 735
79507 204826 18 775
79526 203563 17 737
79553 204512 24 745
79576 204482 19 748
79596 205316 18 792
79616 204043 17 771
79636 203542 17 749
79655 205146 17 763
79675 204777 17 767
79694 204502 17 749
79714 204571 17 788
79733 205193 17 762
79755 203520 19 744
79780 203573 23 750
79799 203731 16 712
79819 204823 17 759
79838 205315 17 757
79859 204599 18 805
79878 204362 16 733
79896 203393 16 722
79916 204531 17 770
79935 204586 17 766
79955 204605 17 763
79976 203331 19 735
80003 204591 24 732
80022 203989 17 742
80042 205326 17 737
80061 204071 16 727
80080 204571 17 749
80100 204981 18 771
80119 203693 16 733
80138 205015 16 725
80157 203684 17 762
80187 203482 19 736
80210 203860 19 738
80230 204996 17 741
80250 203820 18 739
80269 204474 16 732
80288 204423 16 731
80306 203419 16 728
80325 203413 16 743
80345 203251 18 801
80365 204864 17 769
80388 204575 20 767
80413 204592 20 777
80434 204498 19 808
80453 205563 17 765
80473 204361 17 763
80493 204992 17 784
80513 204847 17 778
80532 205444 17 758
80550 203920 16 721
80569 203778 16 742
80588 204889 16 728
80610 205043 20 756
80633 203905 21 715
80652 203821 16 715
80671 203108 16 716
80691 205171 17 740
80709 204787 16 711
80728 204289 16 740
80747 204052 16 751
80767 203678 17 736
80787 204689 18 788
80807 203853 17 726
80840 204091 29 737
80862 202639 17 731
80881 204738 17 767
80901 204448 17 737
80919 202866 16 704
80938 204866 17 753
80958 204474 17 762
80978 205376 17 777
80997 204433 17 757
81016 205043 17 769
81041 205066 22 751
81062 203985 17 739
81081 204261 17 733
81101 203597 17 751
81120 204904 16 749
81139 204537 17 741
81158 203079 16 736
81177 204962 17 762
81196 203832 17 763
81216 204000 17 773
81237 204145 19 760
81267 204960 27 792
81287 204928 17 743
81307 203530 17 766
81326 204798 17 748
81345 203507 16 713
81365 205769 18 777
81385 205174 17 768
81404 203014 17 746
81424 204291 17 743
81445 204001 19 744
81473 204407 25 751
81493 204432 17 743
81514 205575 18 801
81533 204715 17 752
81553 205101 18 792
81573 204224 17 755
81593 205146 18 783
81613 204353 17 768
81631 203571 16 725
81650 203680 16 725
81677 205122 24 778
81706 204507 26 764
81729 204167 21 769
81750 205318 18 763
81769 203481 17 738
81789 204960 17 748
81809 204347 17 769
81828 203940 16 738
81847 204341 17 758
81869 203758 19 736
81896 203890 24 728
81917 205057 17 764
81940 203627 20 739
81959 203879 16 732
81977 203914 16 728
81997 204243 17 754
82016 203484 16 746
82035 203398 16 731
82054 204230 17 734
82074 203088 17 744
82097 205480 21 796
82120 204383 21 738
82145 204661 20 789
82166 205007 19 812
82186 204164 17 763
82205 204498 17 750
82224 204350 16 744
82244 204526 17 782
82263 204123 17 739
82283 204964 17 767
82303 204305 17 739
82324 204708 18 756
82347 203978 21 712
82368 204273 18 785
82388 204108 18 754
82409 205587 18 782
82428 205092 17 758
82447 205169 16 737
82468 204563 18 793
82487 203514 17 747
82506 204233 17 740
82529 203557 20 788
82552 202903 21 720
82574 204173 18 786
82593 204041 17 756
82612 203883 16 725
82632 204435 17 774
82650 203621 16 738
82670 203916 17 744
82689 204674 17 739
82707 202609 16 731
82726 205149 16 738
82748 204163 19 763
82773 203307 21 764
82792 204258 17 756
82812 204240 17 755
82832 204884 17 769
82851 204154 17 762
82870 203996 16 710
82888 203908 16 719
82915 203788 16 726
82935 202855 17 745
82956 204204 19 745
82981 204034 22 761
83001 204390 17 765
83022 204700 18 796
83041 204603 16 730
83061 205708 18 796
83080 204553 17 739
83100 203843 17 745
83118 204026 16 731
83138 204872 17 774
83161 203719 20 785
83187 204334 24 777
83207 204427 17 761
83227 204408 17 766
83247 204441 17 744
83267 204985 17 736
83286 204598 17 750
83305 204605 17 750
83326 204744 18 779
83346 205187 18 783
83365 203914 17 739
83396 204323 28 766
83419 205346 19 780
83438 203953 16 712
83456 203586 16 712
83476 204224 17 761
83495 204195 16 735
83514 204313 17 770
83535 205072 18 784
83554 203624 17 756
83574 204912 17 766
83595 204848 18 729
83619 203498 22 732
83639 204442 17 747
83659 204166 18 763
83678 203511 17 742
83698 203861 17 746
83717 204267 17 744
83736 204435 17 761
83755 203584 16 743
83775 204344 17 733
83795 203923 18 717
83820 204228 22 769
83840 204830 17 765
83859 204184 17 722
83879 205538 17 771
83898 204752 17 744
83917 203447 16 734
83937 204419 17 776
83956 204961 17 766
83976 205072 17 786
83995 204224 16 753
84020 205487 22 755
84041 204304 18 745
84060 204616 16 733
84079 204656 16 734
84099 204019 17 744
84118 204118 17 775
84138 205336 17 767
84158 204315 17 778
84176 204135 16 715
84196 204474 17 764
84216 204656 17 765
84242 204312 23 728
84264 204700 19 778
84284 205486 18 784
84304 204605 17 759
84323 204286 17 765
84343 204722 17 753
84362 204681 17 757
84381 204926 16 713
84401 204508 17 766
84420 204792 17 758
84447 204196 24 765
84467 205032 17 750
84487 203956 17 762
84505 203654 16 713
84524 204111 17 743
84544 203961 17 764
84564 202671 17 760
84583 203697 17 736
84603 203478 17 766
84621 204567 16 741
84642 205035 18 769
84670 203781 24 772
84689 204479 16 734
84708 204934 17 766
84728 204705 17 765
84747 203427 17 744
84766 203747 17 750
84786 203850 17 752
84805 203519 16 738
84824 204943 17 774
84843 205279 17 752
84868 203560 22 745
84893 203462 22 742
84912 204269 17 733
84932 204549 17 742
84952 204121 17 742
84971 204387 17 733
84991 204721 17 763
85010 204688 17 769
