fo time ls_time n_ls_moves
265 1617427 265 1307
638 1616791 338 1358
930 1617079 254 1296
1269 1618618 302 1388
1589 1620121 274 1418
1878 1615804 252 1292
2193 1620505 269 1280
2500 1620806 271 1400
2809 1617071 271 1298
3107 1618638 260 1326
3428 1613289 282 1340
3703 1615078 237 1263
3999 1618050 258 1284
4293 1615497 254 1247
4626 1616259 287 1275
4926 1619141 263 1356
5235 1619001 264 1406
5541 1617096 270 1344
5853 1619529 272 1336
6146 1615728 255 1297
6443 1613461 250 1321
6747 1619722 266 1329
7114 1611745 304 1267
7437 1618827 285 1364
7770 1616564 252 1244
8098 1617703 287 1428
8415 1620658 274 1400
8723 1620713 269 1345
9044 1620713 274 1371
9332 1616650 252 1312
9623 1620005 253 1282
9927 1618770 264 1377
10257 1617754 292 1410
10550 1619528 255 1367
10842 1615326 254 1286
11147 1616540 265 1378
11438 1618494 251 1281
11709 1614196 235 1260
12062 1614933 309 1296
12364 1615232 263 1306
12661 1616450 252 1261
12944 1615791 241 1261
13237 1618489 257 1319
13550 1621149 272 1449
13846 1616965 256 1298
14141 1615676 243 1243
14435 1618836 257 1378
14732 1617319 257 1299
15021 1617508 251 1256
15310 1617199 252 1292
15624 1616194 270 1435
15949 1620755 287 1472
16250 1617402 257 1322
16534 1618050 247 1268
16821 1619623 250 1330
17132 1616234 267 1421
17406 1615018 237 1241
17720 1620842 277 1380
18013 1619201 257 1363
18299 1615665 250 1317
18621 1619567 271 1316
18896 1617074 239 1222
19195 1615452 261 1242
19471 1613016 231 1201
19758 1617590 250 1338
20066 1610327 265 1253
20385 1618775 274 1293
20666 1613892 242 1188
21024 1619753 304 1311
21363 1616610 301 1339
21817 1616789 404 1311
22113 1619935 257 1349
22409 1616226 261 1303
22698 1617815 246 1317
22994 1618453 259 1371
23316 1616815 286 1280
23594 1615412 240 1286
23867 1617674 237 1280
24175 1617186 267 1381
24454 1615992 242 1294
24749 1615498 259 1292
25024 1614823 235 1240
25282 1612274 221 1168
25573 1616544 254 1355
25877 1617506 260 1352
26174 1618491 261 1382
26472 1618053 258 1299
26784 1616659 269 1366
27065 1616475 245 1274
27353 1618908 245 1276
27636 1617287 246 1304
27953 1618853 280 1424
28253 1617411 262 1332
28525 1615617 236 1248
28847 1616896 277 1313
29119 1614888 236 1243
29397 1618004 243 1293
29689 1613183 246 1313
29973 1614296 248 1324
30279 1620372 268 1363
30567 1614806 248 1319
30842 1616531 238 1270
31129 1617281 251 1365
31429 1615044 256 1303
31717 1619358 251 1366
31995 1615926 242 1259
32288 1617045 252 1328
32581 1613436 257 1305
32872 1616014 254 1238
33175 1619521 266 1316
33448 1612469 235 1237
33752 1618852 267 1297
34067 1614917 277 1287
34352 1617172 248 1255
34651 1617491 251 1291
34937 1619951 250 1353
35221 1618691 247 1320
35515 1616651 241 1286
35803 1619422 252 1340
36104 1616220 264 1337
36401 1615257 259 1367
36692 1618659 254 1290
37021 1622914 282 1495
37294 1615820 237 1252
37572 1616671 241 1272
37868 1619771 255 1313
38164 1618839 260 1320
38546 1613546 345 1320
38893 1613205 276 1239
39232 1614246 301 1366
39531 1614309 259 1293
39848 1618905 277 1346
40143 1617473 257 1334
40437 1617888 248 1285
40719 1613875 245 1280
41068 1618814 311 1296
41378 1616968 269 1294
41730 1617478 310 1366
42083 1617567 310 1346
42403 1618313 281 1360
42678 1613684 240 1248
43007 1616541 286 1298
43316 1620756 272 1388
43649 1616245 255 1361
43919 1612138 234 1255
44234 1618389 275 1342
44534 1616942 263 1313
44849 1614614 277 1329
45145 1621941 258 1361
45421 1617103 239 1262
45730 1616822 268 1328
46014 1616256 246 1289
46308 1620468 257 1383
46591 1614814 238 1274
46873 1616708 245 1301
47180 1611968 271 1302
47489 1617798 257 1344
47772 1617227 246 1319
48062 1617583 254 1251
48370 1619545 268 1319
48692 1619766 285 1452
49105 1623349 370 1362
49414 1615472 259 1253
49697 1615233 245 1282
50051 1616937 317 1320
50439 1617565 351 1267
50721 1619075 244 1270
51008 1617733 250 1321
51442 1618801 359 1307
51736 1617157 252 1242
52036 1614765 261 1260
52455 1616507 377 1302
52822 1615590 328 1355
53125 1614599 260 1209
53472 1619774 303 1328
53843 1615284 307 1223
54138 1619057 256 1344
54457 1618796 282 1321
54779 1616017 277 1309
55136 1619203 311 1361
55453 1613159 269 1310
55761 1617738 268 1364
56080 1618790 279 1277
56425 1619067 297 1337
56734 1618904 270 1297
57063 1616810 291 1319
57370 1619613 261 1361
57718 1615313 312 1397
58033 1618696 263 1324
58354 1613300 283 1290
58662 1612340 267 1229
58969 1616365 269 1328
59279 1614127 262 1265
59636 1616438 319 1260
59967 1621247 291 1378
60287 1616527 281 1298
60601 1616203 272 1257
60955 1613939 312 1201
61249 1616843 257 1346
61589 1617920 303 1323
61914 1618370 286 1362
62208 1620712 256 1308
62576 1616655 323 1363
62880 1617197 265 1347
63198 1616853 263 1252
63547 1617185 303 1345
63865 1619583 279 1408
64175 1617457 271 1335
64529 1612535 317 1245
64859 1617509 276 1294
65147 1617675 251 1337
65548 1614265 363 1373
65874 1615720 285 1319
66181 1615531 266 1264
66545 1619392 326 1389
66854 1614051 244 1241
67172 1617852 280 1346
67492 1619352 280 1457
67810 1620604 279 1363
68091 1612949 243 1251
68382 1616548 251 1235
68670 1616354 244 1261
68960 1616659 252 1328
69246 1615939 246 1235
69557 1616763 271 1350
69858 1621370 263 1361
70159 1614538 255 1329
70444 1615109 246 1282
70746 1613913 263 1259
71047 1618568 261 1386
71324 1613897 238 1264
71613 1617924 243 1263
71904 1616058 251 1339
72278 1621379 335 1403
72603 1618010 277 1289
72959 1622149 307 1477
73304 1617702 302 1411
73613 1616252 269 1360
73913 1621001 259 1292
74214 1614088 254 1307
74528 1620660 274 1362
74841 1619376 263 1282
75121 1616930 241 1253
75421 1617701 263 1286
75765 1615034 301 1310
76082 1613717 278 1260
76467 1617767 317 1342
76779 1619147 264 1362
77114 1616511 297 1308
77441 1614036 280 1340
77756 1617072 277 1351
78102 1617651 272 1367
78522 1617581 356 1337
78924 1617057 359 1359
79293 1616404 330 1245
79606 1615394 248 1234
79932 1615152 286 1340
80246 1620795 269 1358
80556 1621028 269 1346
80845 1618343 249 1281
81136 1616416 252 1304
81455 1618321 278 1355
81749 1618133 253 1349
82060 1619830 273 1372
82374 1616832 275 1420
82668 1614546 253 1242
82958 1617530 244 1253
83257 1619767 259 1318
83548 1615569 254 1291
83861 1621885 273 1359
84171 1616845 271 1332
84467 1615526 254 1298
84766 1617437 260 1337
85078 1616163 270 1352
