fo time ls_time n_ls_moves
27 210031 27 766
47 209255 17 753
67 209735 17 736
86 208799 17 725
107 209148 18 765
126 209349 17 759
153 209926 23 763
174 209177 17 739
193 209223 17 747
213 208384 17 747
233 210326 17 766
254 208973 19 753
276 209909 19 751
296 210315 18 749
316 210851 17 756
336 209771 17 785
358 210405 20 760
383 208604 22 739
404 210968 18 779
423 209314 17 751
445 210485 19 758
477 209242 29 773
501 209414 19 765
520 209796 17 741
540 209212 17 731
559 209379 17 737
582 209297 19 739
609 209538 22 751
635 211153 22 772
655 208983 17 719
695 208964 18 771
715 210376 17 769
735 210294 18 786
756 209677 18 764
776 209831 18 712
805 210160 25 781
825 209603 17 750
843 209213 16 716
870 210947 24 816
892 209325 18 754
911 209143 17 741
932 210684 18 778
951 209818 16 722
974 210275 20 757
994 209834 18 755
1022 210410 25 767
1042 209483 17 754
1062 210050 17 776
1081 210003 17 744
1100 209326 16 732
1119 210223 16 720
1138 210290 17 743
1157 209585 17 753
1177 209868 17 755
1196 208477 16 738
1219 210616 21 797
1248 209593 25 741
1268 208877 17 741
1287 209629 17 745
1328 209558 17 736
1348 209252 17 767
1372 209387 21 756
1392 209516 18 733
1414 210260 20 764
1446 209902 27 752
1478 210015 23 797
1503 209863 21 784
1529 209572 24 757
1552 209272 20 723
1573 210001 18 774
1597 210454 21 765
1620 210143 20 747
1642 210462 19 761
1680 209098 36 757
1701 209694 18 771
1724 210477 21 754
1744 210538 17 757
1766 209443 20 745
1788 209834 18 730
1808 209983 18 789
1829 211279 18 780
1848 209279 17 734
1870 210227 19 764
1895 210210 22 745
1927 210575 30 746
1947 209923 17 742
1967 209883 17 758
1987 208892 17 734
2007 209646 18 770
2028 210291 18 771
2047 209447 17 763
2067 209741 17 741
2091 209483 22 734
2113 209498 19 754
2133 209487 17 768
2153 210164 17 758
2172 209477 17 751
2192 209298 17 756
2211 209423 17 769
2231 209934 17 776
2251 208734 17 751
2270 208423 16 702
2291 209795 19 730
2316 209936 22 772
2335 210244 16 719
2354 209615 17 743
2373 209282 17 746
2393 209676 17 760
2412 209793 16 721
2432 210278 17 762
2451 209036 17 752
2470 208304 16 728
2490 209616 17 777
2511 209942 18 743
2542 209204 28 731
2561 210032 16 732
2581 209381 17 763
2600 209854 17 755
2619 208124 17 741
2639 208978 17 762
2683 209488 16 733
2702 210592 16 739
2722 208826 17 764
2745 209703 21 751
2771 209556 20 735
2790 209807 17 766
2810 209459 17 754
2829 209605 16 735
2848 210267 17 747
2868 210996 18 783
2888 209104 17 748
2908 208198 17 759
2928 208576 17 754
2950 210855 20 752
2976 209930 23 742
2995 209540 17 758
3015 209833 17 761
3035 210244 17 780
3055 210270 17 783
3074 210151 17 740
3093 210459 17 759
3117 209294 21 757
3150 209696 27 770
3174 208245 21 725
3203 209686 27 742
3225 210324 19 747
3247 210221 20 744
3269 209444 19 755
3290 209942 19 771
3312 210288 19 787
3334 210697 18 753
3354 209920 18 758
3375 210402 18 775
3401 209578 23 739
3423 209854 17 738
3442 210505 17 760
3462 210125 17 752
3482 210379 17 775
3501 210272 17 724
3524 209790 20 763
3542 210025 16 729
3562 209896 17 756
3580 209628 16 738
3601 210102 18 743
3627 210255 23 789
3647 210962 17 748
3667 208445 17 760
3686 209038 17 747
3705 209792 16 750
3724 210328 17 755
3744 210455 17 762
3765 210123 18 763
3785 208588 17 732
3804 209204 16 721
3826 209217 19 749
3851 209144 23 764
3871 210180 17 791
3890 209260 16 741
3909 211167 17 756
3928 209717 16 727
3948 209580 17 757
3968 209441 17 748
3987 209265 17 743
4005 209107 16 720
4028 209655 18 754
4068 208638 35 728
4101 210024 28 788
4123 210362 19 784
4150 210018 25 730
4174 210332 20 738
4198 209933 22 805
4220 209657 19 742
4241 209186 18 752
4275 210248 31 739
4295 208573 18 747
4315 211095 17 752
4334 209895 16 723
4355 210791 18 796
4374 209569 17 743
4393 209525 17 738
4412 210208 16 746
4432 209552 17 775
4452 210625 17 761
4474 209989 19 763
4500 210575 24 771
4520 210747 17 781
4540 209850 17 762
4559 210109 17 751
4579 211019 18 796
4599 210279 17 759
4619 209096 17 771
4639 209892 17 771
4658 210419 17 755
4679 209632 19 722
4706 210512 23 782
4725 209465 16 725
4744 209554 17 750
4763 209423 16 729
4788 209242 23 755
4808 209831 17 738
4828 209248 17 770
4857 210266 26 768
4877 208943 18 745
4905 209942 25 794
4926 209378 18 789
4947 209596 18 776
4968 209406 19 748
4988 209822 18 771
5009 209268 18 769
5028 209786 16 725
5047 210392 17 773
5067 209326 17 742
5086 209080 17 743
5108 209064 19 768
5132 210163 22 739
5153 208740 18 739
5172 210617 17 742
5193 209726 18 787
5212 209445 17 749
5233 210753 18 791
5260 210307 25 776
5283 208653 19 743
5305 209477 19 746
5331 210076 23 751
5363 208770 28 771
5385 209775 19 762
5406 208845 18 712
5429 210086 21 759
5450 209107 18 739
5471 210014 19 771
5493 209939 19 745
5513 209874 18 766
5544 210214 28 762
5568 209315 18 715
5589 209695 18 777
5608 210341 17 730
5628 210003 17 785
5647 208567 16 727
5667 209737 18 792
5687 210438 17 750
5707 209687 18 787
5726 211188 17 758
5749 210141 20 773
5773 208864 21 724
5793 209792 17 749
5812 208809 17 740
5831 210663 17 750
5851 210095 17 767
5871 210282 18 779
5892 209175 18 751
5912 209887 18 764
5932 209456 17 733
5953 209060 18 717
5980 210766 25 762
5999 209447 16 727
6018 209910 17 742
6038 210239 17 758
6057 209756 16 730
6076 209880 17 752
6095 210225 17 734
6115 210105 17 743
6134 209016 17 726
6154 210765 18 779
6177 209568 20 769
6209 209618 25 763
6239 210888 27 759
6262 209989 21 765
6283 209267 18 715
6304 209817 19 765
6332 210124 25 774
6353 209882 19 761
6374 209010 18 744
6399 210142 21 760
6429 209474 26 757
6450 209168 18 745
6469 208538 17 723
6489 210159 17 751
6510 210834 18 797
6530 209482 17 751
6550 209489 17 754
6572 209959 20 787
6592 209545 18 744
6629 208148 34 737
6663 209769 28 744
6682 209224 17 745
6702 210500 17 739
6723 209419 18 750
6745 210081 18 766
6765 209620 17 766
6784 209721 17 747
6805 210364 18 771
6827 210520 20 782
6856 208914 26 749
6876 208939 17 756
6895 210177 17 746
6915 209650 17 734
6935 211529 18 786
6956 211042 18 801
6977 210641 18 777
6995 209737 16 731
7015 209881 17 752
7036 209976 19 758
7061 210228 22 790
7081 209925 17 749
7100 209585 17 722
7120 210075 18 784
7139 208809 16 729
7159 210300 17 767
7179 210682 17 759
7199 209376 17 762
7219 210190 18 769
7240 209613 19 777
7270 210489 27 774
7291 210229 18 765
7310 209295 17 736
7330 210317 17 767
7350 210034 17 736
7370 209707 17 746
7390 210117 18 771
7410 210213 17 761
7431 210084 19 769
7451 210429 18 770
7474 209691 20 752
7503 209325 23 764
7522 209375 17 731
7541 209573 16 723
7560 209091 16 703
7579 209251 17 733
7599 209971 18 741
7621 210364 19 786
7641 210044 18 774
7663 209482 20 745
7691 209169 25 765
7720 211169 26 783
7740 210549 17 756
7762 210889 19 801
7782 210011 17 733
7803 209570 18 762
7825 209642 19 800
7846 210256 19 780
7868 210228 19 791
7891 209701 21 765
7917 209910 23 729
7937 209098 17 742
7956 208976 17 741
7977 210109 17 762
7997 209558 17 747
8017 209187 17 747
8045 210582 26 753
8066 209943 18 759
8086 208674 17 752
8112 210086 24 801
8145 209696 28 764
8168 210382 20 751
8188 210044 18 747
8209 210751 18 787
8229 209646 18 747
8248 208660 17 736
8268 209463 17 755
8288 210216 17 760
8308 210597 18 774
8340 210313 28 739
8363 209940 19 757
8384 210096 18 777
8404 209919 17 719
8423 209913 17 765
8449 209065 23 757
8478 209580 27 738
8508 210393 27 785
8541 211123 30 806
8574 210627 29 760
8598 209449 18 761
8617 209528 17 720
8636 209294 16 732
8656 210098 17 753
8675 209774 16 735
8694 209914 17 766
8714 209298 17 758
8733 209054 17 743
8768 209455 32 766
8798 209675 26 770
8818 209702 17 757
8840 209869 19 771
8859 210199 17 750
8878 208696 16 726
8901 210145 20 807
8921 210995 18 764
8941 209683 17 765
8963 209673 19 740
8989 209817 22 745
9008 209654 17 763
9028 209746 17 744
9049 209935 18 765
9069 210174 17 756
9088 210346 17 760
9108 209273 17 756
9127 210566 17 764
9147 210016 17 756
9166 210290 17 749
9192 210642 23 788
9216 209628 22 750
9242 209979 23 762
9261 209037 17 726
9281 209539 18 763
9300 208729 16 746
9319 209565 16 728
9339 208923 17 770
9357 209204 16 717
9376 209936 16 724
9405 209080 26 743
9430 209035 20 750
9453 209440 20 755
9497 210418 18 776
9517 210213 18 778
9536 209605 17 743
9556 210401 17 765
9577 210200 18 749
9614 210382 34 776
9648 209367 32 738
9675 209358 24 738
9704 210632 27 769
9737 209688 30 775
9760 209961 19 747
9790 209870 27 773
9810 210938 17 742
9833 209709 21 786
9857 208741 19 721
9877 209795 17 758
9896 209823 17 736
9916 210567 17 767
9937 211197 18 780
9958 210077 18 792
9978 208976 17 767
9998 210424 18 772
10018 209241 17 761
10046 209828 25 768
10068 210041 18 764
10087 209004 16 732
10108 209707 18 790
10128 208841 17 733
10149 210273 19 797
10169 209420 18 751
10188 208962 16 736
10207 209589 17 727
10227 210030 17 760
10250 209366 20 764
10276 209791 24 792
10296 209577 17 736
10316 211619 18 771
10336 209048 17 721
10356 209251 18 790
10376 211410 17 770
10396 210311 17 761
10417 209971 18 788
10436 210421 17 754
10458 208132 19 711
10482 209453 21 749
10504 209214 19 775
10523 208907 17 743
10543 209604 17 767
10562 209588 16 742
10582 209380 17 778
10602 210526 18 786
10622 210336 17 776
10641 209855 17 745
10667 209655 23 741
10700 210388 29 756
10724 210377 20 726
10747 209408 20 753
10768 209407 19 753
10791 208836 20 734
10816 210085 22 748
10840 209884 21 744
10864 209186 21 769
10893 209645 26 755
10929 210961 33 788
10954 208753 22 765
10976 209491 18 710
10996 209083 17 729
11026 208587 28 721
11052 210364 23 804
11076 210682 20 770
11104 209793 24 757
11146 209579 38 754
11174 209537 25 742
11196 209918 19 771
11222 209529 22 754
11255 210027 30 776
11279 210369 20 738
11302 209631 21 755
11331 210294 26 763
11364 210287 29 767
11384 209198 18 737
11407 209681 20 754
11427 208771 17 745
11448 208934 18 750
11468 209155 18 769
11489 209893 18 786
11512 210265 20 770
11551 209607 36 758
11575 210323 21 776
11597 209821 19 768
11619 210418 19 751
11645 209696 24 778
11671 209361 24 765
11697 209555 23 753
11726 209641 26 761
11767 210028 39 775
11788 209709 17 730
11811 209634 20 733
11832 208870 19 724
11853 209413 18 724
11873 210471 18 762
11893 210652 17 757
11914 209728 18 776
11936 210636 20 777
11956 209265 17 752
11987 209802 29 744
12012 209258 21 757
12034 208739 18 744
12057 210230 21 764
12082 209572 22 788
12104 210269 20 763
12125 209064 18 748
12145 210111 18 776
12166 210020 18 751
12188 209191 20 744
12214 210504 24 792
12234 209465 17 745
12253 209681 17 739
12272 209364 17 735
12293 211341 18 783
12313 209960 18 789
12332 210510 16 741
12352 209750 17 762
12371 210146 17 772
12392 209932 18 745
12418 209855 23 776
12437 210356 17 748
12460 210986 20 775
12481 210617 18 765
12521 209948 38 737
12555 210386 30 776
12578 210358 20 786
12602 211026 22 757
12640 208572 31 777
12662 208635 19 749
12685 210439 21 755
12708 210798 19 744
12730 209131 19 756
12758 210259 25 775
12779 210538 18 725
12801 209547 19 786
12822 209974 19 753
12849 210695 23 764
12869 210007 17 733
12889 210163 18 761
12909 209889 17 753
12929 210022 18 766
12949 210439 17 749
12968 210280 17 743
12988 211064 18 784
13009 210701 18 793
13028 209645 17 745
13065 209905 35 774
13089 208999 20 746
13111 209097 19 752
13134 210303 20 776
13156 210385 19 748
13177 210436 18 741
13199 209666 19 747
13220 209524 18 740
13243 210645 20 771
13273 210563 27 753
13301 209798 24 756
13320 209058 16 724
13340 209928 17 756
13359 209406 17 761
13379 210303 17 764
13399 208252 17 732
13419 209974 17 765
13439 209355 18 782
13458 209996 17 760
13487 209567 26 771
13508 209978 17 737
13528 210796 18 790
13549 210166 18 794
13571 210189 19 797
13590 208483 17 723
13610 210151 17 734
13630 209462 17 753
13650 210373 18 788
13671 209670 18 760
13694 209896 20 745
13722 210487 26 767
13749 210153 22 751
13774 210396 23 804
13800 210294 23 752
13820 209020 17 724
13839 209263 17 729
13858 209944 17 742
13878 209881 17 768
13902 210724 20 816
13929 210558 25 729
13950 210884 18 770
13970 210235 18 787
13989 209783 17 746
14009 210528 17 760
14030 210237 18 769
14050 210096 18 776
14069 209325 16 705
14088 209580 17 754
14111 210061 20 776
14135 208590 21 743
14155 208832 17 742
14174 209997 17 741
14193 209618 17 749
14212 209079 16 736
14232 210022 17 756
14252 209571 17 772
14271 208551 16 726
14290 209146 17 751
14310 209664 17 769
14334 210200 21 764
14358 210629 20 708
14378 209641 17 768
14397 209943 17 740
14417 210565 17 745
14437 210039 17 758
14456 209415 17 746
14475 210542 16 710
14495 210935 17 745
14514 210334 17 755
14535 210641 18 771
14571 210091 33 770
14596 211083 20 801
14616 209280 18 760
14636 210219 18 770
14656 209340 17 749
14679 209358 20 783
14701 209917 18 783
14721 210161 18 762
14745 208663 21 724
14780 210995 30 755
14803 210312 19 782
14823 208773 18 731
14844 209307 19 755
14866 210908 19 790
14887 210014 18 761
14907 209466 17 750
14926 210533 17 747
14947 210053 18 764
14969 210364 19 760
14991 209908 18 727
15017 210152 22 752
15037 209008 17 750
15057 210029 18 764
15081 210202 21 775
15102 209174 18 754
15122 208939 17 742
15145 209664 20 758
15170 209352 22 801
15191 209110 18 745
15212 209521 17 743
15241 209795 25 785
15261 210171 17 763
15281 209326 17 741
15301 209821 17 759
15321 211108 18 784
15340 209045 16 717
15360 209176 17 745
15379 209844 17 755
15402 210937 20 803
15426 209841 22 746
15446 209798 17 778
15465 209402 16 700
15484 209542 17 770
15505 209785 18 753
15524 209121 17 749
15545 211001 18 777
15564 210487 17 758
15584 209621 17 756
15605 209899 18 778
15634 210239 24 764
15654 210815 17 754
15674 210339 18 784
15694 210768 17 757
15714 209922 17 759
15735 210436 18 775
15755 210387 18 794
15776 210321 18 742
15801 210350 22 761
15828 209830 24 739
15862 210456 29 760
15887 208750 22 773
15916 209183 25 736
15939 210859 20 756
15962 209162 21 730
15992 209642 27 774
16014 208982 19 763
16038 209975 21 755
16073 209501 31 759
16101 209833 26 776
16123 210617 19 750
16151 209224 25 732
16176 209224 22 749
16200 211401 21 774
16224 209712 22 770
16253 211215 26 806
16286 209798 29 740
16313 209613 24 732
16341 209513 26 751
16368 210131 24 772
16389 209463 17 736
16411 210665 20 790
16437 210670 21 787
16458 210070 18 755
16483 209595 22 748
16512 209112 26 743
16535 210176 18 727
16556 208588 18 742
16576 208858 18 727
16597 208449 17 735
16618 210492 19 793
16637 209184 16 719
16657 209695 18 783
16676 209192 16 706
16699 210292 20 783
16723 210035 22 754
16743 210038 17 756
16764 210272 18 785
16784 210918 17 768
16804 210115 17 739
16824 209952 17 766
16844 210102 17 760
16864 209479 18 719
16887 210891 20 787
16907 209308 18 755
16933 210196 23 755
16959 209395 22 743
16983 210122 21 771
17004 210420 17 762
17024 211115 18 790
17045 210031 18 789
17065 209713 17 757
17085 209729 17 750
17105 210648 18 779
17124 209987 16 730
17158 210292 32 769
17183 211150 22 774
17205 209848 18 763
17225 210644 18 781
17245 209442 17 748
17265 209727 18 758
17285 210052 17 759
17305 210666 17 752
17324 209648 17 769
17345 210216 18 739
17371 209120 23 754
17391 210259 17 756
17410 210253 17 741
17430 209965 18 776
17450 210169 17 768
17470 208708 17 739
17489 209627 17 732
17509 208544 17 751
17529 209839 18 783
17549 210542 17 772
17575 208795 23 738
17596 209104 17 759
17616 210458 18 783
17637 210197 18 785
17656 210902 17 745
17677 210511 18 787
17696 209216 17 762
17716 210172 17 745
17736 209217 18 784
17756 210460 18 773
17785 209684 25 764
17804 208538 16 717
17824 210013 17 759
17843 209310 17 753
17863 210762 17 753
17885 210150 19 741
17909 210568 21 768
17931 209997 19 752
17953 209716 19 756
17974 209711 19 754
18003 209504 25 756
18024 211036 18 788
18047 211344 21 779
18067 210039 17 751
18087 209892 17 757
18107 210748 17 761
18126 209647 17 749
18145 209795 17 746
18164 210122 16 734
18184 209846 17 781
18206 209546 19 757
18231 209615 22 714
18251 209688 18 774
18271 209506 17 762
18291 209125 17 775
18310 209595 16 726
18331 210412 18 779
18351 210314 17 770
18370 211123 17 748
18390 209744 17 742
18409 209241 17 718
18443 210880 31 793
18465 209138 19 752
18486 210542 18 772
18505 209842 17 751
18526 210430 18 796
18545 208511 17 758
18565 209658 17 748
18586 209702 18 751
18606 210198 18 762
18627 210512 18 786
18651 208854 21 714
18673 210439 18 766
18692 209699 16 725
18711 209745 17 751
18731 210197 18 767
18752 209183 18 792
18772 209917 18 775
18792 210312 17 768
18811 209813 16 730
18831 210661 17 762
18857 209749 23 786
18884 209345 24 714
18903 209614 17 747
18924 209303 17 759
18944 209503 18 770
18964 209520 17 714
18983 209795 17 760
19003 209817 17 761
19023 209510 18 775
19043 210256 17 764
19063 210125 17 760
19084 209194 19 727
19112 210065 25 772
19133 209663 18 756
19153 210034 18 771
19173 209327 18 774
19192 210139 17 722
19212 209280 17 779
19231 209394 16 726
19250 209850 16 731
19270 210606 17 779
19292 209098 19 755
19316 209382 21 752
19336 209344 17 766
19356 210080 17 759
19376 209974 18 737
19396 210515 18 772
19416 210059 16 724
19436 209964 18 755
19455 209170 17 743
19474 209424 16 750
19495 210014 18 766
19521 208470 22 730
19540 209642 17 733
19560 210423 17 748
19579 208982 16 737
19598 208553 16 725
19618 208723 17 759
19637 209169 17 763
19657 210180 17 754
19678 210572 19 808
19697 207946 17 732
19718 208922 18 726
19749 210016 28 759
19769 210376 17 760
19788 209243 16 733
19808 210447 18 789
19827 208916 17 734
19847 210292 17 771
19866 209171 17 743
19886 208797 17 762
19905 209963 16 727
19925 209541 18 775
19955 210248 27 754
19975 209806 17 770
19994 210174 16 732
20013 210531 17 755
20032 209892 17 749
20052 210804 17 773
20072 208955 17 744
20096 209440 21 778
20115 208998 17 749
20135 210329 17 750
20156 209599 19 731
20181 208962 22 762
20201 209837 18 796
20221 209433 17 758
20240 209287 17 740
20259 210475 17 742
20279 210781 17 736
20298 209726 16 735
20318 209298 17 766
20337 210471 17 749
20357 209993 18 766
20381 209863 21 748
20405 209232 19 779
20425 210883 18 787
20444 209933 17 751
20464 209906 17 769
20484 209221 17 748
20504 209309 18 755
20527 209462 21 765
20548 209829 17 755
20567 209376 17 738
20592 210019 22 771
20620 209248 25 764
20640 209396 18 785
20660 210386 18 771
20681 210439 18 785
20701 210549 17 757
20720 208971 17 738
20739 209509 17 753
20762 210929 20 794
20781 209520 17 732
20804 209500 20 735
20827 210824 19 753
20846 209910 17 733
20866 209730 17 755
20885 209478 17 761
20904 209394 16 724
20924 210394 18 780
20944 209584 18 770
20963 209353 16 723
20982 210577 16 719
21004 210880 19 763
21028 209557 22 760
21048 210063 16 744
21067 209365 17 752
21087 209782 17 740
21106 209879 17 738
21126 208445 17 753
21146 209922 17 748
21165 209971 17 745
21185 210128 18 776
21204 210075 17 740
21234 209170 27 755
21256 209954 18 767
21276 209804 17 770
21296 210225 17 762
21316 209664 17 771
21336 209435 17 763
21356 210784 18 786
21376 210563 17 771
21394 208491 16 716
21414 209713 17 745
21435 210380 19 723
21460 208835 22 720
21480 209070 18 788
21501 210559 18 795
21520 210018 16 725
21539 209975 16 739
21558 209384 17 765
21578 208159 17 738
21597 210148 17 757
21617 210456 17 777
21637 210621 18 791
21660 211669 20 781
21685 209323 20 772
21704 209644 16 742
21724 210012 17 766
21743 209593 17 752
21763 210714 18 788
21783 209662 17 761
21803 209407 17 755
21822 209203 17 755
21842 210103 17 758
21862 210655 17 768
21889 209447 24 749
21909 209663 17 749
21929 211207 17 770
21948 209731 17 743
21968 208790 17 772
21986 209116 16 720
22006 210443 17 769
22026 209340 17 782
22045 208855 17 753
22064 209953 16 717
22086 209686 19 758
22114 210969 24 808
22135 209797 18 774
22155 210154 17 748
22175 209764 17 744
22195 209748 18 768
22215 210098 18 770
22234 209582 16 744
22253 209729 17 730
22273 210209 17 755
22295 209755 20 770
22321 209547 24 774
22341 210014 16 726
22359 209843 16 726
22379 209568 17 759
22399 208637 17 756
22418 209229 16 736
22438 210445 18 780
22457 208814 17 744
22477 210006 17 766
22497 209588 18 782
22520 208955 20 730
22545 209483 21 771
22565 210176 17 760
22586 210894 18 777
22606 210381 17 770
22626 210022 18 779
22645 210131 17 767
22666 210227 18 767
22685 209234 17 735
22704 209523 17 742
22734 210239 27 773
22755 209624 18 734
22776 211294 18 791
22796 209169 17 750
22816 209978 17 738
22835 210193 17 759
22854 209588 17 754
22874 209768 17 750
22893 209151 17 756
22913 211012 18 783
22936 211431 21 789
22963 209156 24 770
22983 210181 18 780
23003 209413 17 753
23022 210185 17 770
23042 208992 17 751
23061 209703 17 759
23082 209553 18 793
23102 209573 18 782
23122 210489 17 767
23144 210705 19 763
23168 209240 21 754
23189 209637 18 782
23208 210512 17 764
23228 210492 17 751
23247 209465 17 750
23267 210436 17 760
23287 210464 17 776
23306 209794 16 735
23325 208298 17 758
23345 209605 17 768
23367 209455 20 765
23391 209955 19 754
23410 209378 17 727
23429 210737 16 736
23448 210948 17 757
23469 210569 18 790
23489 209007 18 757
23509 208870 17 743
23529 210059 18 739
23548 209361 17 745
23573 209794 23 755
23595 209516 18 786
23614 209363 17 734
23633 210629 17 745
23653 210347 18 781
23673 210489 17 729
23692 211000 17 756
23712 210687 17 749
23732 209853 17 762
23752 211296 18 792
23774 210645 19 772
23799 208731 22 753
23818 209843 17 749
23837 210867 16 737
23856 209644 17 746
23875 208763 16 733
23894 210125 17 751
23914 209668 17 766
23934 210486 17 766
23953 210152 16 741
23972 209953 17 757
24004 211066 30 776
24025 210120 18 759
24044 208535 16 720
24064 209749 18 770
24084 209448 17 755
24104 209819 17 764
24122 209424 16 731
24142 209649 17 768
24162 210431 17 761
24181 209446 16 718
24205 208983 21 735
24230 209997 23 761
24250 209824 17 754
24269 209586 16 738
24289 210933 17 776
24307 209159 16 702
24327 209999 17 767
24346 209942 17 754
24366 210677 17 774
24386 209125 17 755
24407 209527 19 767
24435 210208 24 749
24457 210160 18 769
24480 210363 19 757
24500 209019 18 748
24519 209312 16 729
24542 210404 20 754
24562 210020 17 744
24582 210023 18 768
24601 210838 17 749
24624 210053 20 745
24653 209845 26 771
24678 209992 22 759
24697 208938 17 745
24717 210144 17 765
24737 209874 17 762
24757 209815 18 780
24777 209113 17 759
24796 208970 17 735
24815 210169 16 739
24838 210373 20 774
24864 211319 23 774
24883 209761 17 744
24902 209534 17 740
24922 209807 17 780
24942 209596 17 742
24960 209908 16 725
24980 209322 17 737
25000 208528 17 754
25019 208743 17 733
25038 208540 17 749
25066 210660 24 771
25085 210557 17 741
25105 210452 17 764
25123 210407 16 722
25142 209000 16 727
25162 210643 17 746
25182 209833 17 753
25203 210317 18 796
25222 209644 17 766
25242 209912 17 765
25264 210765 20 770
25290 209535 23 729
25309 209854 16 723
25328 210511 17 744
25349 209959 18 760
25369 209943 17 762
25389 211165 17 767
25408 210508 17 746
25427 209097 16 735
25446 209940 17 740
25467 210788 18 746
25505 209820 35 722
25532 209369 24 715
25590 209303 55 774
25616 210314 20 747
25639 209902 20 745
25660 210045 19 760
25682 209530 20 763
25712 210132 26 744
25732 209532 18 760
25753 210971 18 760
25772 211186 17 744
25792 210120 17 752
25811 209951 17 743
25832 209705 18 759
25852 209151 17 743
25872 209976 18 769
25895 210520 21 776
25923 210617 25 741
25943 209591 17 747
25963 209644 17 747
25992 209328 27 748
26021 209101 25 735
26048 210320 24 811
26079 210466 28 750
26101 210299 19 795
26123 209229 20 759
26157 210515 32 780
26178 209071 18 744
26198 209083 17 723
26218 211323 18 777
26239 210236 18 780
26259 210519 18 795
26282 210709 20 792
26302 210133 17 758
26323 210792 18 738
26358 209494 32 751
26388 209756 26 759
26420 210242 29 772
26446 209571 23 747
26472 210531 22 742
26498 210556 24 772
26520 209568 19 760
26543 210306 20 783
26573 210403 27 791
26594 210784 18 783
26614 210563 18 774
26633 209543 16 723
26653 209152 18 760
26674 210020 18 780
26693 209096 17 747
26713 210692 17 771
26733 209470 17 775
26756 209766 20 771
26783 209817 24 754
26802 210104 16 716
26822 210657 17 752
26840 210098 16 729
26860 210224 17 775
26881 209732 18 781
26900 209991 17 758
26919 210706 17 733
26939 210032 17 743
26960 209968 18 769
26992 210866 29 785
27015 210220 20 766
27036 210128 19 787
27056 210121 18 754
27076 210457 17 735
27096 209827 18 768
27116 209311 17 758
27135 208457 16 713
27154 210402 17 756
27175 210180 18 780
27202 210782 25 763
27228 210862 21 794
27248 208794 17 748
27269 210744 18 789
27289 209949 18 777
27310 211864 18 790
27330 208747 18 758
27350 210383 17 765
27370 209793 17 752
27389 209968 17 750
27416 209610 24 769
27440 209125 20 738
27460 209975 18 754
27481 209527 18 755
27502 210451 19 748
27523 209851 17 765
27542 208661 17 756
27562 209776 17 755
27581 209686 17 743
27601 209151 17 758
27627 210132 24 747
27647 209275 17 770
27666 209552 17 736
27687 210404 18 799
27707 208843 17 749
27728 210737 18 785
27748 210409 17 758
27768 209740 18 786
27789 209883 18 776
27809 210535 17 752
27833 211303 22 782
27860 210851 23 776
27881 210191 18 790
27901 209960 17 745
27921 209775 17 741
27941 209158 17 762
27960 210645 17 766
27979 209429 16 741
27999 210101 17 744
28019 209692 18 763
28040 210454 18 771
28067 210087 24 762
28087 209730 17 761
28107 209752 17 767
28126 208652 17 735
28146 210289 17 757
28165 209067 17 757
28185 209442 18 773
28214 210117 26 762
28248 209626 22 752
28286 209390 34 773
28309 210222 20 766
28331 210045 19 775
28355 210245 20 767
28384 210470 27 775
28407 208987 19 721
28439 209448 29 721
28469 209721 25 753
28502 210405 29 758
28522 208390 17 712
28542 210545 18 760
28562 209783 17 744
28583 209432 18 776
28602 208882 17 739
28622 209334 17 737
28642 209087 18 772
28663 209282 18 713
28696 210391 30 784
28715 210208 17 745
28735 209112 17 722
28761 210376 21 761
28782 209797 18 776
28802 209985 17 767
28829 210530 24 783
28849 208936 17 753
28870 210778 18 766
28891 209014 19 754
28920 209403 26 764
28940 210138 18 788
28964 209394 21 757
28985 209591 18 739
29005 209628 17 743
29027 209691 19 764
29049 210648 19 791
29068 209498 17 736
29088 210456 17 773
29110 210895 19 771
29135 209876 23 775
29155 209673 17 748
29175 209537 18 770
29195 210009 17 730
29214 209251 16 731
29233 210024 17 734
29254 211185 19 806
29281 210381 24 781
29302 210291 19 805
29325 211276 20 783
29351 209770 23 745
29372 209943 18 781
29392 209697 17 772
29411 210213 17 769
29432 210333 18 802
29452 209816 17 749
29472 209963 18 782
29492 209315 18 755
29512 210462 18 771
29537 209675 22 755
29560 209581 20 748
29589 209193 26 744
29611 210381 19 782
29634 210038 20 750
29656 209775 19 757
29676 208939 18 759
29697 210150 18 782
29720 209356 21 747
29741 210418 19 746
29764 209458 20 743
29793 208669 26 711
29815 209791 19 742
29835 210587 17 733
29855 209343 18 745
29875 210665 17 746
29895 209950 18 772
29915 208972 18 766
29935 209928 17 769
29954 209070 16 709
29977 210940 19 753
30007 209801 23 762
30027 209625 17 731
30048 209399 18 735
30069 210280 18 807
30091 210441 19 752
30114 210488 20 813
30137 210203 19 774
30160 209073 20 747
30191 209607 28 738
30211 209377 17 747
30232 210082 19 791
30252 209626 17 741
30272 210372 18 789
30291 209799 16 721
30311 209164 17 745
30330 208680 16 731
30350 210410 18 792
30370 210601 18 795
30395 209033 19 754
30425 209414 27 740
30447 210992 20 793
30468 209530 18 752
30490 210577 19 750
30512 210820 19 760
30532 210668 17 760
30552 210438 18 773
30573 210075 18 774
30636 210142 58 780
30661 208932 20 758
30689 209397 22 750
30710 210863 19 792
30730 209876 17 754
30751 209464 18 756
30771 209931 18 763
30791 208557 17 726
30814 209924 21 758
30848 210890 31 768
30868 209912 17 745
30891 209690 21 745
30927 210515 32 795
30949 210052 17 725
30970 210501 18 766
30989 208660 17 720
31011 210210 19 756
31037 210255 22 763
31056 209615 17 742
31076 209215 17 734
31096 210177 18 777
31116 210540 17 769
31135 209700 17 734
31156 210122 18 796
31176 209925 18 777
31196 208592 17 756
31215 209716 17 741
31237 210238 19 761
31264 210559 24 763
31284 210031 18 782
31304 211068 17 757
31323 209307 16 718
31342 210784 17 753
31361 209534 17 748
31381 208797 17 719
31401 210461 18 788
31425 209066 21 767
31450 208663 22 764
31479 210617 27 782
31500 209919 18 759
31519 208889 17 729
31539 210162 18 776
31562 210902 18 761
31581 209715 17 750
31600 209173 16 713
31620 209864 17 740
31640 210377 18 759
31667 208662 25 723
31690 210213 18 736
31710 209815 18 767
31730 208617 17 736
31751 209800 19 809
31776 210312 22 766
31797 210365 18 781
31818 210674 19 804
31838 209134 17 781
31857 208515 16 740
31884 209758 24 748
31911 209931 23 737
31937 210309 23 769
31958 209222 18 739
31979 210752 19 788
32002 211150 21 803
32023 209168 18 724
32043 209813 18 743
32068 211036 22 756
32101 210606 30 751
32123 209242 19 768
32147 211401 21 796
32167 209313 17 754
32188 208983 18 764
32209 210470 18 777
32228 210016 17 728
32248 210354 17 744
32269 210164 18 802
32291 210378 20 792
32317 209652 23 760
32336 209308 16 730
32355 209373 17 774
32375 210359 17 750
32395 209375 18 793
32414 209278 16 715
32433 209200 16 727
32453 211078 17 780
32472 210787 17 773
32494 210264 19 747
32522 210194 25 761
32542 210815 17 763
32561 209569 17 741
32580 209222 16 731
32600 210625 17 775
32620 210496 17 770
32639 210311 17 741
32658 209926 16 726
32678 209370 17 764
32698 209503 17 739
32725 210510 24 768
32745 210872 17 744
32766 210303 18 765
32786 209650 18 724
32807 209454 18 757
32826 210326 17 748
32849 209262 21 717
32870 209815 18 767
32893 210392 21 787
32915 210362 19 759
32943 210093 25 763
32963 210210 17 772
32983 210095 17 745
33004 210081 18 782
33023 209242 17 757
33043 210083 17 750
33063 210522 17 774
33083 209660 18 780
33102 208564 17 740
33123 209962 18 762
33150 209892 25 775
33176 209956 22 750
33198 210573 19 787
33218 209482 17 729
33238 209696 18 756
33259 210349 18 735
33283 211019 21 776
33303 209629 18 779
33323 210131 18 777
33349 209111 23 749
33380 209685 27 751
33400 209472 17 737
33422 210382 19 777
33443 210042 18 740
33462 210607 17 734
33484 211363 19 787
33504 208512 17 724
33524 210145 17 735
33543 208867 17 738
33569 210717 23 750
33596 209817 25 753
33615 208604 16 726
33634 210153 17 746
33654 210440 17 764
33675 209456 18 761
33695 210013 18 782
33714 209682 17 741
33734 209969 17 763
33754 211049 17 765
33777 209901 20 750
33802 209615 23 726
33822 208995 17 766
33843 210347 18 790
33863 209961 17 735
33883 210183 17 774
33903 209885 17 772
33923 209759 17 746
33941 208305 16 718
33961 210887 17 761
33983 209644 19 724
34024 208981 22 742
34045 210104 18 806
34066 210000 18 759
34086 210096 17 760
34106 210076 17 753
34126 210783 17 755
34145 209703 17 751
34164 209861 16 742
34194 210520 28 790
34238 211199 39 768
34261 209635 19 754
34282 209815 19 778
34303 209785 18 760
34322 208857 17 725
34343 210915 18 797
34364 210621 18 790
34383 209688 17 746
34404 209271 18 746
34435 209024 27 753
34457 210157 19 781
34477 210421 18 771
34498 209518 18 729
34517 208517 17 724
34536 209445 16 715
34556 210733 17 763
34576 209587 17 752
34596 209204 17 732
34616 211020 17 774
34639 211087 21 741
34666 209898 24 802
34690 210266 21 757
34709 209823 17 730
34728 208989 17 708
34749 210988 18 767
34781 208988 29 749
34810 209649 25 752
34861 210614 43 782
34907 210292 39 769
34927 210773 17 750
34947 209665 17 753
34967 211001 18 780
34988 210617 18 759
35008 208565 18 762
35028 209487 17 761
35048 209573 17 769
35070 208784 20 739
35095 209957 19 762
35114 208614 17 726
35134 209757 17 734
35154 210348 18 762
35174 209213 17 742
35194 209880 17 740
35214 210693 18 756
35234 210027 18 789
35255 209985 18 760
35285 210705 27 806
35305 210708 17 757
35325 210984 18 769
35346 210042 18 779
35366 210176 18 764
35386 209966 17 750
35407 210586 18 782
35427 209228 17 726
35447 210774 18 756
35470 209560 21 765
35496 209905 23 755
35517 209563 17 769
35536 209167 16 731
35555 210590 17 745
35575 209289 18 757
35595 209580 17 737
35616 210243 18 791
35635 209222 16 739
35654 209863 17 757
35675 210550 19 822
35698 209463 20 745
35724 210894 22 737
35742 208567 16 702
35763 210117 18 761
35783 210596 18 781
35802 210627 16 735
35821 209835 17 744
35841 210110 17 760
35862 209400 18 773
35883 210415 19 751
35905 209871 19 753
35931 210615 23 755
35950 209219 17 718
35970 210077 17 742
35991 209228 18 757
36012 210731 18 787
36031 209906 16 721
36051 210489 17 751
36071 210462 18 752
36090 208927 16 707
36113 208609 21 741
36144 210757 26 771
36164 210269 17 775
36184 209831 18 778
36204 211564 17 755
36225 210728 18 781
36245 210297 18 771
36265 208747 18 759
36285 210741 17 743
36307 210130 20 759
36344 209966 34 739
36368 210283 19 738
36388 209892 17 756
36408 209293 17 743
36428 209810 18 769
36447 209116 17 734
36466 208451 16 728
36486 210320 17 750
36507 209515 18 755
36532 209269 21 761
36561 210049 26 764
36581 210130 17 749
36602 210925 18 784
36621 209886 17 765
36641 209743 17 728
36668 209362 25 751
36690 209111 19 722
36720 209440 27 769
36752 209175 29 749
36790 210161 33 770
36810 208600 18 773
36831 210364 18 777
36850 209663 17 728
36870 210678 17 770
36890 209430 17 760
36909 209529 17 746
36929 210164 17 761
36949 209403 18 797
36969 210617 17 759
36999 209735 27 788
37019 210396 18 763
37039 210295 17 744
37059 209539 17 755
37078 209621 17 727
37099 209962 18 797
37120 209661 18 741
37140 210224 18 783
37160 209449 17 752
37179 209796 17 746
37207 209270 25 755
37227 209734 17 765
37248 209277 18 771
37268 209587 18 764
37287 210052 17 735
37307 209087 17 760
37327 209757 17 760
37348 209859 17 773
37368 210274 17 748
37387 209682 17 758
37410 209620 20 761
37442 209154 29 741
37461 209385 17 746
37480 208592 16 708
37503 210486 20 755
37526 209964 18 758
37549 209723 21 756
37574 210212 19 767
37594 209072 17 768
37614 210026 18 776
37644 209944 26 749
37666 209563 20 785
37688 209987 19 741
37709 208710 18 715
37730 209576 18 760
37752 210141 19 756
37773 210265 18 782
37793 209304 17 738
37812 208777 17 735
37835 210109 20 770
37860 210072 23 758
37880 209862 17 751
37906 209520 23 753
37928 209590 18 765
37949 209269 19 794
37970 209301 18 773
37994 210116 22 735
38014 210886 17 740
38034 209200 17 741
38061 209552 25 769
38082 210020 17 730
38104 210771 20 763
38125 209662 18 727
38146 209690 18 750
38167 209421 18 774
38188 209590 19 754
38208 210132 17 744
38228 210177 17 772
38247 209662 17 736
38279 209114 29 770
38319 210731 30 755
38349 209485 26 746
38370 209069 18 753
38390 210151 18 750
38410 209535 17 755
38429 209016 17 743
38450 210080 17 778
38472 209194 19 750
38499 210698 23 794
38519 210461 18 781
38541 210352 19 758
38561 210924 18 771
38582 210022 18 758
38602 209559 18 781
38622 209517 17 750
38642 210449 17 786
38661 210755 16 733
38696 209396 32 746
38739 209971 39 770
38761 208804 19 733
38782 210190 18 760
38802 208896 18 745
38823 210549 18 781
38842 209121 17 719
38861 208267 17 725
38881 208904 17 756
38904 210075 20 762
38930 209721 23 748
38949 210159 17 731
38969 209829 17 737
38989 209373 17 719
39009 211013 18 759
39030 209758 18 741
39052 209400 19 717
39075 210125 19 780
39095 209433 17 743
39121 208937 23 736
39142 208839 18 703
39163 208939 18 767
39185 210428 20 748
39206 209770 18 766
39225 210168 17 745
39246 210859 18 724
39267 210768 19 779
39287 210631 17 757
39306 209454 16 734
39328 210825 20 756
39354 209800 24 729
39375 209654 18 751
39394 210379 17 738
39415 209969 18 767
39435 210148 17 747
39454 210546 17 729
39474 209302 17 753
39496 210679 19 816
39515 210106 17 756
39534 210128 17 744
39563 209963 26 763
39585 209925 18 759
39609 209227 21 740
39629 209617 17 760
39648 210261 17 752
39668 209946 17 739
39688 210507 18 791
39708 209359 17 757
39730 210079 20 731
39754 211273 21 757
39779 208917 21 745
39806 208996 24 750
39825 210079 17 743
39845 208341 17 756
39865 210372 18 784
39886 209515 18 760
39912 209729 23 785
39932 209235 18 763
39955 209892 20 766
39987 210459 30 763
40013 209636 21 777
40034 210442 18 759
40057 209732 21 755
40080 209962 20 754
40102 209353 20 773
40126 210505 21 782
40148 209753 19 748
40175 209250 24 756
40196 211351 19 795
40223 209347 22 757
40242 208547 16 726
40262 208464 17 741
40282 209571 17 754
40302 209645 17 752
40323 210362 19 763
40344 209412 18 775
40366 209511 18 792
40385 209318 17 759
40407 209899 19 732
40431 209223 21 730
40450 210047 16 717
40470 209474 18 783
40491 209673 18 764
40510 210036 17 731
40529 208917 17 734
40551 209006 19 769
40569 209278 16 738
40589 209318 17 762
40612 210802 20 756
40636 208987 22 724
40655 209713 16 729
40675 210297 17 758
40695 209789 17 766
40717 210838 19 783
40741 210492 19 800
40761 210426 18 769
40781 208859 17 745
40804 209765 21 763
40844 210007 36 791
40876 210156 24 751
40899 209684 19 755
40920 210416 18 790
40940 209887 17 755
40959 209393 17 734
40979 209308 16 736
41000 210151 19 778
41019 208891 16 718
41045 209532 22 776
41070 209566 22 788
41090 209751 17 754
41110 210211 17 751
41129 209974 17 753
41150 210056 18 774
41170 209036 18 775
41190 209503 18 770
41210 210023 17 731
41229 209035 17 755
41250 210284 18 783
41280 209260 27 756
41303 210583 20 751
41323 210781 18 735
41343 209901 18 747
41363 209081 17 767
41383 209966 17 748
41403 210519 17 751
41423 210313 18 758
41442 209257 17 725
41464 210489 19 760
41492 208448 24 767
41512 209642 17 757
41531 210496 17 734
41552 209708 18 788
41571 208505 16 734
41590 209638 16 732
41609 209400 17 747
41629 209919 17 741
41650 209530 18 778
41669 209156 17 717
41692 210717 21 811
41719 209803 24 745
41737 208195 16 714
41758 211956 18 771
41777 209155 16 711
41798 209944 18 775
41818 210535 17 779
41838 210373 18 771
41859 209744 17 771
41884 210431 22 775
41917 209534 31 777
41945 209165 25 750
41965 209627 17 762
41985 210102 18 773
42019 209555 31 757
42041 210355 19 774
42061 210692 18 764
42081 210116 18 780
42101 210036 17 758
42121 209928 17 754
42143 210827 20 778
42169 210764 24 782
42189 209641 17 751
42209 209219 18 739
42237 209861 25 725
42257 210010 17 753
42277 209903 17 747
42298 209154 18 749
42318 210249 18 770
42340 210340 19 743
42369 209325 26 780
42388 210397 17 765
42408 210805 17 756
42428 209614 17 750
42448 209761 17 723
42468 210560 17 756
42491 210035 21 780
42515 211292 21 798
42539 210163 20 755
42573 209585 30 778
42594 209555 18 784
42614 210279 18 763
42635 210191 18 759
42654 208586 17 748
42674 208907 17 741
42696 210318 19 781
42719 209761 20 763
42742 209985 20 763
42769 209908 24 763
42802 208837 31 763
42822 210325 17 745
42843 209440 18 761
42864 210233 18 761
42884 209932 17 762
42903 210777 17 753
42922 210149 17 754
42942 209780 17 769
42963 209629 18 746
42989 209901 22 755
43008 209066 16 726
43027 209985 17 755
43051 209474 22 775
43071 209277 18 766
43091 209997 17 762
43112 209283 18 746
43135 208993 20 731
43155 209860 17 742
43174 209459 17 747
43196 209740 19 736
43228 211256 28 786
43250 210047 19 742
43276 209369 23 782
43298 209838 20 788
43319 209467 18 747
43339 210602 17 737
43362 210229 21 780
43386 209881 20 763
43421 210255 31 768
43442 210246 19 790
43465 209458 20 731
43486 209371 18 764
43506 209841 17 750
43527 209920 19 781
43548 210024 19 765
43568 208465 18 759
43590 209570 19 754
43612 210173 19 753
43639 210033 24 776
43660 210601 19 797
43682 209066 20 738
43703 209352 18 739
43723 210744 17 719
43742 210033 17 743
43761 209434 17 743
43781 209629 17 759
43801 209645 17 770
43821 209319 17 744
43847 209327 23 767
43867 208910 17 763
43887 209391 17 771
43906 209692 17 756
43927 210001 18 785
43947 210896 18 762
43966 209846 17 737
43985 210205 17 743
44008 209768 20 737
44045 210856 34 782
44076 210601 25 769
44098 210016 19 798
44118 209804 18 758
44139 210763 18 780
44159 210678 18 771
44179 208948 17 742
44198 208645 17 764
44221 208261 20 725
44244 210191 20 754
44284 210758 36 797
44307 209766 20 751
44330 211239 20 773
44353 209756 19 748
44375 209993 19 750
44397 208704 20 723
44419 209337 18 746
44441 210001 20 782
44470 209926 26 752
44505 209919 32 750
44525 209928 18 782
44549 211322 21 764
44579 209768 27 761
44616 209084 30 747
44643 209625 24 764
44664 209552 19 747
44694 209724 26 776
44713 208647 16 718
44733 209884 17 758
44753 209194 17 768
44772 209950 16 716
44793 210272 18 787
44816 209474 20 770
44837 209583 19 776
44857 209014 17 753
44877 209622 17 758
44906 208655 26 743
44927 209760 17 760
44947 209986 17 756
44966 209223 17 753
44985 209696 17 728
45005 210426 17 743
45025 209829 18 755
45045 209742 17 766
45069 209881 22 743
45092 209564 19 746
45133 209928 37 761
45154 209583 18 741
45174 210024 18 773
45194 209874 17 755
45214 209979 17 755
45233 209885 17 754
45252 210052 16 732
45272 210324 17 750
45291 209880 17 755
45314 209431 21 735
45344 210049 25 745
45364 209931 17 747
45383 208897 17 731
45402 209561 17 736
45422 210104 17 770
45441 210138 17 741
45461 209115 17 750
45480 209323 17 759
45500 209467 17 755
45520 209674 17 770
45549 209758 26 762
45570 210261 18 772
45589 208747 16 713
45609 210366 17 757
45629 210608 17 757
45650 210204 18 785
45670 210515 18 752
45689 210368 17 756
45709 209641 17 750
45731 209218 20 771
45758 209765 24 773
45778 209136 18 755
45798 210039 17 752
45818 210228 17 759
45838 210058 18 785
45858 209816 17 764
45877 210132 16 716
45896 208419 17 753
45916 210409 17 750
45938 210841 20 808
45963 209742 22 782
45983 209678 18 783
46003 209550 17 752
46023 210672 17 771
46059 209625 34 761
46085 210193 21 781
46109 210156 21 794
46132 209903 21 755
46158 209752 23 764
46191 210003 23 752
46214 210553 20 769
46243 209479 25 739
46274 209795 25 798
46296 210137 19 752
46329 209993 30 782
46360 209784 25 754
46397 209581 34 744
46420 209986 18 735
46452 209649 30 755
46473 209254 18 742
46507 209030 31 753
46539 207985 27 762
46564 210271 21 771
46587 211011 20 770
46618 209289 27 770
46644 209222 23 763
46665 210307 18 765
46686 210267 18 771
46706 210453 18 776
46736 210757 21 777
46769 209578 30 754
46805 211095 32 747
46850 209831 42 778
46882 211069 29 775
46908 209482 22 753
46940 209720 29 759
46971 210128 27 740
46993 208685 19 779
47049 209765 53 779
47075 210050 23 759
47101 210427 23 767
47123 209965 18 733
47150 208753 21 761
47170 209355 17 747
47191 210598 19 754
47212 209488 18 744
47236 209808 21 723
47264 210562 25 775
47284 210271 17 767
47316 210155 28 807
47344 210519 26 750
47386 209305 38 752
47412 209815 22 779
47434 209318 19 763
47470 209485 34 772
47500 209184 27 732
47533 209905 29 757
47567 209601 23 764
47593 209930 24 757
47621 210929 25 806
47651 209735 27 732
47674 209787 20 730
47719 209724 42 739
47754 210917 33 782
47781 210541 24 774
47801 209092 17 751
47821 209528 17 766
47841 209106 17 740
47860 208971 17 745
47884 209260 20 772
47918 210167 30 753
47938 209836 18 770
47960 211021 20 761
47981 209099 18 763
48002 210083 18 786
48021 208709 17 685
48052 210762 25 804
48073 210663 19 796
48106 209525 30 767
48140 209832 27 730
48159 209617 17 706
48180 210040 18 787
48201 210172 17 778
48220 210039 17 744
48239 210000 17 760
48258 210337 16 751
48278 209814 17 752
48298 210598 17 763
48329 208934 28 756
48350 209935 18 756
48370 210408 18 774
48390 210167 17 765
48409 208727 16 733
48429 209967 17 742
48448 209841 16 721
48468 209815 17 763
48487 209769 16 713
48510 209181 20 743
48546 209268 30 761
48567 209072 18 750
48590 210155 19 752
48614 209913 22 757
48640 210174 22 749
48661 209869 19 783
48682 211424 18 763
48703 210677 18 780
48729 209977 24 761
48760 210860 28 748
48780 209806 18 758
48801 209334 18 753
48821 208772 17 732
48848 210227 25 769
48873 210430 22 738
48896 209434 18 735
48925 210031 27 786
48950 209477 22 761
48977 210062 24 788
48997 210515 18 757
49018 209611 18 775
49047 210808 27 796
49086 210578 35 764
49107 209513 18 784
49128 210544 18 765
49148 210674 17 757
49178 209070 28 749
49199 209174 18 767
49221 209545 20 746
49251 210519 27 787
49280 209623 25 762
49305 209858 22 757
49325 210154 18 742
49345 209698 17 738
49366 210457 18 752
49401 210636 31 740
49423 210119 18 773
49443 209801 17 748
49462 209227 16 725
49482 210887 18 758
49503 210061 18 763
49523 210711 18 772
49547 210885 21 792
49566 210799 17 759
49587 210625 18 764
49614 209863 23 761
49634 209804 17 754
49655 209987 18 754
49674 210087 17 754
49696 210023 19 805
49716 209280 17 730
49738 210343 20 768
49759 208829 18 752
49782 210013 20 779
49808 210281 23 749
49834 209980 24 773
49855 210448 18 749
49874 208907 17 734
49894 210558 18 777
49921 208789 24 778
49941 210833 18 769
49964 210278 20 761
49988 209992 21 747
50009 209268 18 771
50039 209285 28 776
50059 208946 17 750
50079 211069 17 760
50098 209322 17 775
50118 209991 17 748
50138 210168 18 761
50158 209672 17 762
50178 210072 17 760
50197 209325 16 738
50217 209893 17 756
50239 209121 20 736
50266 210315 22 804
50285 210071 17 730
50304 210678 16 726
50324 208639 17 746
50343 210571 17 770
50363 209997 17 747
50383 209753 17 751
50402 209219 17 752
50422 209863 17 741
50441 210658 17 764
50476 210022 32 748
50499 209323 18 767
50518 210579 17 745
50538 209633 17 752
50560 210485 19 760
50580 208888 17 712
50600 209714 17 753
50620 209704 18 750
50641 210091 19 755
50664 208814 21 762
50701 209410 33 782
50722 209913 18 765
50741 209380 17 747
50762 208966 19 726
50782 209437 17 744
50811 210023 26 716
50835 209702 20 748
50859 210591 21 773
50880 210893 18 746
50916 209998 33 774
50940 210298 22 793
50962 209224 19 767
50984 209432 19 726
51009 209780 23 763
51031 209617 19 746
51051 209031 17 719
51072 208499 18 760
51091 209628 17 769
51115 209465 21 750
51140 209790 20 743
51160 210226 17 744
51180 210480 18 770
51199 209502 16 730
51219 209103 17 753
51237 209758 16 701
51257 208743 17 755
51277 209621 18 765
51299 209191 19 777
51324 210043 23 761
51351 210248 25 739
51371 209924 17 724
51393 209886 19 779
51416 210294 20 773
51437 209885 19 764
51458 210280 18 766
51478 210765 17 753
51498 209517 17 745
51518 209977 17 742
51539 210012 19 736
51567 210660 24 750
51588 208761 18 722
51608 209700 17 746
51627 209599 17 766
51648 209331 18 772
51667 209204 16 743
51687 209561 17 770
51706 208397 17 742
51727 209942 18 778
51750 209813 19 766
51775 210417 23 773
51795 210567 17 753
51815 210202 17 760
51833 209663 16 722
51854 210288 18 788
51875 210661 18 781
51894 209137 17 738
51914 209810 17 764
51933 209646 17 743
51953 210391 17 770
51983 209633 27 762
52008 210795 20 750
52028 210177 18 775
52052 209175 21 767
52077 209423 21 764
52098 209617 18 736
52119 209825 19 771
52139 209587 17 739
52159 210560 18 765
52186 209786 24 776
52210 209888 20 768
52230 209606 17 746
52249 210379 16 712
52269 210456 17 758
52288 209901 17 728
52308 209665 17 762
52330 209733 19 738
52353 210057 20 771
52373 208194 17 735
52398 209597 22 763
52422 210091 20 733
52447 209394 22 773
52468 209200 19 726
52489 210737 18 742
52509 210330 18 752
52530 210069 17 769
52550 210626 18 780
52569 209336 17 761
52597 209751 25 746
52635 209949 33 779
52658 209985 20 768
52680 208683 19 726
52707 209298 24 758
52730 210241 20 764
52753 210233 21 786
52775 210465 18 710
52798 210968 20 759
52823 210193 23 762
52853 209751 28 770
52907 210335 50 794
52936 209476 25 777
52957 209638 18 751
52978 210461 18 726
52997 209402 16 720
53017 209844 18 766
53045 209286 25 751
53069 211008 19 791
53089 209364 18 776
53109 209623 17 762
53129 209231 17 745
53149 210231 18 748
53169 210598 17 752
53189 209822 17 743
53209 209965 17 762
53229 210101 18 776
53252 210545 19 755
53282 210961 28 756
53303 210201 18 784
53322 209406 17 712
53342 209868 18 771
53363 210070 18 791
53383 209598 18 759
53404 209940 18 774
53423 211065 17 766
53443 209293 18 772
53470 209888 24 761
53497 208962 22 743
53517 210030 18 779
53537 210002 17 750
53558 209703 18 768
53579 210196 18 798
53599 209193 17 765
53621 209713 19 742
53645 209886 21 736
53669 210365 22 781
53703 209623 31 764
53724 209864 18 758
53744 211122 18 777
53764 209192 17 720
53784 209265 18 714
53804 210352 18 762
53827 211013 20 783
53848 210202 19 776
53867 209870 16 731
53897 210135 26 760
53917 210441 18 757
53937 209920 17 711
53957 209402 18 751
53977 209347 17 770
53999 211081 19 769
54020 209019 18 778
54041 210245 18 779
54061 209419 18 751
54084 210238 20 753
54114 210305 26 768
54135 211399 18 782
54155 210456 18 784
54177 211092 19 798
54196 209538 17 721
54217 209380 19 762
54238 209549 17 749
54260 209545 20 765
54281 209654 17 759
54301 209291 17 763
54331 211140 27 824
54350 209280 17 754
54370 209305 17 740
54389 209644 16 740
54408 208523 17 752
54428 210431 17 766
54448 209791 17 760
54469 209840 18 761
54495 210320 23 751
54518 209630 20 770
54547 209564 26 749
54567 208828 18 738
54588 210157 18 778
54608 209408 18 771
54628 209697 17 738
54649 210880 18 767
54670 209962 19 758
54691 210519 18 768
54711 208862 17 751
54738 209966 24 761
54771 210328 28 782
54794 209759 21 754
54815 209886 18 764
54835 210066 18 783
54855 209455 18 766
54875 209896 17 755
54894 209690 17 742
54913 210104 17 736
54933 208951 17 742
54956 210271 20 749
54982 209704 24 767
55005 209594 21 748
55025 209946 17 767
55044 209277 16 737
55071 210737 24 776
55092 208825 18 747
55113 209896 19 763
55145 209830 29 750
55174 209622 27 728
55194 209143 17 744
55216 209562 19 772
55238 209936 19 766
55258 210641 18 761
55279 209683 18 772
55299 210135 18 767
55319 209604 17 739
55344 210606 21 746
55381 209696 33 743
55405 208124 20 702
55425 210597 18 760
55448 210173 19 756
55473 210682 22 754
55495 210383 19 776
55515 209791 18 753
55537 210113 19 776
55559 209751 19 745
55580 210375 18 750
55609 210867 26 757
55629 210381 17 742
55655 210625 22 770
55691 209886 33 764
55718 209178 24 759
55738 209653 17 732
55762 210439 22 744
55784 209905 19 779
55808 210182 20 744
55834 210101 23 762
55855 208905 18 746
55877 211072 18 771
55898 208969 19 773
55920 210111 19 778
55940 209533 18 778
55960 209754 17 745
55980 210640 18 774
56000 210163 17 732
56023 209510 20 720
56060 210373 31 765
56083 210248 18 752
56102 210600 16 716
56122 209957 17 760
56140 208889 16 714
56160 210139 17 761
56180 209715 17 768
56199 209957 16 731
56219 209541 17 765
56238 209026 17 737
56262 210763 22 798
56287 210355 20 759
56306 209444 17 743
56325 209826 17 738
56345 211107 17 782
56366 210085 17 789
56386 210075 17 763
56405 209740 17 747
56424 209569 17 760
56443 208763 16 716
56465 209684 20 767
56490 209675 22 743
56510 210304 17 764
56530 210213 18 765
56552 208750 19 724
56572 208751 17 762
56591 210106 17 757
56611 209469 17 745
56630 211059 17 751
56650 209774 17 766
56669 210008 17 732
56691 209889 20 782
56716 210501 22 750
56737 210029 18 778
56758 209230 18 731
56777 209928 17 736
56797 210138 17 751
56816 209898 17 762
56836 209549 17 770
56857 210933 18 772
56876 209323 17 755
56902 210350 24 752
56925 208599 18 741
56944 210408 17 733
56965 210176 18 787
56985 209581 17 765
57005 210019 17 771
57024 208944 16 708
57046 210369 19 754
57067 209717 18 760
57087 209821 18 753
57110 210503 20 753
57136 209881 24 761
57156 209154 17 754
57176 210531 17 738
57196 210247 18 753
57218 209587 19 750
57239 209917 19 752
57265 209834 23 746
57289 209485 21 744
57320 209957 29 782
57360 209765 33 760
57384 210482 20 791
57409 210856 23 773
57442 210044 30 748
57463 210167 19 779
57486 209588 20 745
57508 210304 19 782
57534 209665 23 775
57566 208455 29 743
57595 210784 26 794
57616 210185 18 742
57637 210607 18 750
57662 208926 23 731
57689 209862 23 777
57711 208890 19 743
57741 209852 28 727
57776 209442 30 733
57797 209465 19 759
57818 209025 18 768
57839 209770 18 758
57861 209800 20 785
57887 209516 22 747
57908 209509 18 743
57929 210578 18 799
57949 210826 18 792
57971 209646 19 725
57997 210325 23 776
58017 209566 17 764
58037 209856 17 782
58057 209922 18 782
58077 210073 18 746
58098 210349 17 772
58117 209676 17 752
58136 208980 16 707
58156 209354 17 758
58178 209305 20 751
58204 210569 23 763
58223 210104 17 721
58244 209831 18 789
58264 209846 18 769
58284 210257 17 760
58303 209748 17 737
58324 210804 18 784
58343 209596 17 746
58363 210197 17 748
58382 209180 17 745
58405 208690 20 715
58439 210436 31 789
58466 209651 23 787
58488 209276 19 763
58512 210504 21 788
58538 210175 23 763
58562 210447 21 731
58591 209936 26 798
58623 209157 29 754
58657 209871 30 752
58684 209110 24 760
58706 211169 19 781
58726 209939 17 741
58746 209360 17 721
58768 210545 20 794
58790 208636 19 771
58810 210508 18 756
58837 210203 25 750
58862 209594 20 754
58882 210070 18 771
58923 209526 38 746
58955 209131 29 764
58976 209090 18 724
59002 209984 23 758
59024 210851 20 763
59056 209124 28 735
59078 209233 20 753
59099 209100 18 731
59120 209482 18 729
59142 211292 19 781
59163 209376 19 729
59184 209603 18 783
59204 210554 17 759
59225 210983 18 790
59248 208655 20 769
59275 209894 24 765
59294 209698 17 757
59314 210728 17 772
59334 209238 17 786
59353 210012 16 722
59372 208814 17 762
59391 208502 16 725
59410 209346 16 718
59429 209607 17 721
59451 210559 19 784
59480 211327 27 796
59503 210065 19 785
59523 210006 18 747
59542 210127 17 724
59562 209043 17 753
59582 209673 17 765
59601 210381 17 763
59621 209878 17 752
59641 210108 18 786
59660 209560 17 749
59685 209962 22 755
59706 209896 17 748
59725 209116 17 729
59745 209666 18 767
59765 210366 17 768
59791 210610 23 813
59817 209970 24 750
59841 209788 20 776
59862 209441 18 757
59886 210240 21 739
59914 209189 23 738
59934 209816 17 759
59953 210214 17 744
59974 210743 18 778
59993 208975 17 725
60013 209131 17 766
60032 207925 16 720
60052 209922 17 739
60071 209474 17 749
60094 210167 20 749
60119 208987 23 745
60139 209629 17 758
60160 210873 18 764
60187 209842 25 764
60208 210177 19 741
60232 210632 21 774
60254 208681 19 730
60275 208671 19 717
60301 209474 23 721
60331 209748 27 729
60352 210464 18 744
60374 209606 19 755
60397 209241 20 723
60417 210129 18 741
60436 209743 17 721
60455 209478 17 734
60475 209827 17 780
60495 208345 17 752
60516 210041 19 753
60541 209475 22 742
60561 209383 17 761
60580 209303 16 737
60600 209557 17 742
60619 209996 17 752
60639 209412 17 781
60659 209769 17 770
60679 208579 17 759
60698 210901 17 762
60718 209516 17 749
60742 210191 22 797
60766 209950 20 742
60785 209484 17 752
60806 209865 18 790
60826 210761 17 772
60846 210211 18 801
60866 208614 17 757
60885 210293 16 730
60905 208714 17 767
60924 210941 17 753
60946 208617 18 764
60973 209740 24 745
60995 210328 19 774
61024 209503 26 730
61048 210825 20 774
61069 209284 18 769
61094 210208 22 790
61116 209043 19 776
61135 210608 17 748
61157 209691 19 743
61189 210326 28 759
61209 209714 18 747
61229 210342 18 777
61250 209019 18 769
61271 209279 18 754
61291 210674 18 756
61311 209703 17 740
61331 211646 17 769
61350 209485 16 728
61382 209114 29 778
61408 209522 24 724
61430 208958 20 773
61455 210137 21 766
61478 208615 19 748
61499 210284 18 736
61518 209973 17 740
61538 209588 17 729
61557 209619 17 744
61581 209459 21 755
61607 208745 22 749
61627 209175 17 745
61647 209522 18 767
61667 208512 17 740
61688 211478 18 774
61708 210443 17 755
61728 210274 17 755
61749 210223 18 782
61769 209083 17 749
61790 209666 18 786
61811 209814 19 764
61838 210004 24 760
61857 209403 17 736
61877 209177 17 762
61898 210263 18 758
61918 209986 18 769
61939 209023 18 783
61959 209533 17 753
61978 209206 17 727
61998 209931 17 753
62021 210184 21 774
62053 209202 22 757
62074 209931 18 767
62093 209138 17 761
62117 209165 21 752
62140 209617 20 725
62162 209931 18 776
62181 209678 17 731
62201 210485 17 779
62228 209903 24 722
62256 210856 25 778
62276 210041 17 725
62299 210010 18 765
62319 209774 17 748
62339 209142 18 760
62358 209510 16 729
62382 210152 21 758
62401 209957 16 727
62424 209667 20 750
62443 209338 17 731
62485 209813 38 760
62511 209275 24 733
62540 209030 26 741
62561 209731 18 754
62581 209525 17 750
62601 210026 17 769
62621 210435 17 755
62644 208872 20 745
62677 210777 29 773
62696 210248 17 753
62717 210584 18 780
62737 209202 18 761
62758 209586 19 769
62777 208515 16 722
62796 209761 17 732
62817 209590 18 786
62837 208914 17 774
62861 208953 21 759
62893 208145 28 747
62915 209926 20 745
62937 209517 18 736
62961 209980 21 774
62985 209701 20 744
63010 209264 23 725
63035 210124 20 760
63057 210482 19 777
63084 208962 23 754
63103 209403 17 741
63123 209509 17 755
63143 209923 18 771
63163 208931 17 774
63182 210122 17 757
63203 209434 18 792
63222 210461 16 740
63241 209522 17 761
63261 210476 17 769
63284 210086 20 767
63311 210718 25 781
63333 210160 18 725
63353 209486 17 754
63373 209655 17 760
63393 209454 18 784
63413 210281 17 749
63433 210964 18 789
63453 210686 17 764
63474 211575 19 812
63501 209488 24 757
63520 209355 17 756
63540 209027 17 749
63560 209878 17 754
63579 210404 16 739
63598 209151 17 743
63618 210211 17 765
63637 209789 17 758
63657 209545 17 740
63676 210287 17 774
63695 208795 16 733
63718 209658 20 766
63742 210428 20 789
63762 208768 17 758
63781 210059 16 726
63800 210384 17 749
63821 210279 18 781
63846 209556 22 745
63871 209464 22 745
63892 210390 18 778
63913 209090 18 763
63947 209771 31 775
63972 209984 19 759
63992 209420 17 720
64013 209602 18 770
64032 210296 17 759
64054 210192 19 790
64073 210009 17 762
64094 209947 18 807
64114 209703 17 757
64135 210337 19 731
64160 209361 22 715
64179 209676 16 738
64199 210257 18 793
64219 210331 17 772
64239 210656 17 735
64259 210542 18 788
64279 209857 17 761
64305 208948 24 731
64325 209033 16 732
64353 210584 26 771
64381 210733 19 768
64402 209125 18 743
64423 209207 18 747
64443 209454 17 752
64463 209833 17 769
64481 208765 16 726
64501 209390 17 731
64520 209905 17 754
64540 209538 17 767
64561 209189 18 740
64585 208467 21 730
64604 209186 16 745
64623 209643 17 757
64644 209300 18 795
64664 210351 17 756
64684 210046 17 754
64703 209324 17 753
64723 210647 17 760
64743 210582 18 800
64762 209498 17 737
64784 210181 19 758
64811 210467 24 758
64830 210338 16 733
64850 209931 17 757
64869 208799 17 748
64889 209611 17 762
64909 211231 17 769
64928 210284 17 738
64948 209716 18 768
64968 209871 17 761
64990 209917 19 768
65016 209535 23 745
65036 209831 17 775
65055 208912 16 723
65074 208701 17 720
65093 209619 17 739
65113 210640 17 761
65133 209626 17 763
65159 209081 23 742
65187 209875 24 724
65215 209823 25 742
65247 209801 27 793
65267 208298 18 756
65293 209009 23 724
65319 209769 23 752
65345 209332 23 785
65388 209319 40 734
65416 209075 25 744
65450 210720 30 746
65472 209589 18 758
65492 209945 18 743
65514 209561 19 718
65543 209582 27 741
65576 209887 28 743
65596 210866 18 757
65616 209607 17 752
65641 210145 22 768
65669 209178 25 755
65689 209862 18 753
65713 210158 21 781
65738 210494 21 754
65764 209087 24 749
65790 209447 23 780
65817 209057 24 739
65849 209705 28 740
65881 209166 30 735
65903 209708 18 763
65926 209447 20 746
65959 209770 31 760
65986 210051 24 752
66009 210810 19 767
66033 209646 21 757
66059 208968 23 743
66081 209687 20 717
66108 210139 24 766
66128 210743 17 745
66148 209452 17 766
66167 209621 17 734
66187 210046 17 735
66206 210609 17 738
66226 209619 18 774
66246 210577 17 758
66266 210386 17 758
66287 208708 18 701
66311 209569 19 758
66331 209987 17 770
66351 209148 17 778
66372 210140 18 791
66392 209698 17 764
66411 209277 16 713
66430 209770 17 745
66450 209723 17 762
66471 208720 18 789
66491 210115 18 786
66523 209949 29 751
66542 209783 17 741
66562 210503 17 770
66581 208962 16 736
66602 210277 19 758
66621 209836 16 716
66641 209768 17 766
66660 209217 17 750
66680 210020 17 763
66701 210902 18 782
66722 209562 19 744
66746 208893 21 729
66766 210435 18 755
66786 209796 17 764
66806 209733 18 771
66826 208822 17 748
66844 210458 16 743
66864 209540 17 764
66883 210167 17 729
66902 209392 17 757
66922 209468 17 744
66946 210429 22 772
66976 209752 25 784
67005 210715 26 749
67026 210780 18 784
67045 209025 17 738
67075 211244 25 804
67094 208924 17 737
67114 209796 17 764
67135 210230 18 783
67167 210157 29 755
67191 209825 20 745
67211 209879 17 754
67230 209598 17 735
67250 209536 17 767
67270 210764 18 796
67289 209476 16 724
67308 210876 17 747
67328 209475 17 740
67347 209961 17 747
67369 209574 19 767
67396 208941 24 745
67415 209710 17 740
67434 209856 17 749
67453 208867 16 709
67474 209272 18 770
67494 209153 18 752
67518 210245 21 749
67545 209900 25 770
67572 210613 23 758
67594 209907 20 774
67620 209920 23 780
67639 210039 17 737
67659 210509 17 769
67680 209752 18 791
67700 210235 18 778
67720 210263 17 757
67739 210121 17 746
67759 210811 17 774
67779 210249 18 788
67798 208719 16 709
67822 209226 22 722
67845 210219 19 794
67864 210517 17 758
67883 209502 17 740
67902 209073 17 741
67922 209651 17 755
67941 210022 17 750
67961 209904 17 752
67980 209271 17 740
68001 210229 18 796
68030 209292 27 739
68054 209584 20 716
68075 210032 18 773
68094 209667 17 738
68114 209600 17 756
68133 209790 17 763
68153 210732 17 747
68172 209945 17 759
68191 210227 17 742
68211 210220 17 751
68232 210164 19 760
68257 208518 22 763
68276 208987 17 749
68296 210958 17 758
68316 210276 17 758
68334 208600 16 724
68354 209111 17 762
68373 209532 17 758
68394 209914 18 757
68413 209832 17 742
68435 209470 20 754
68463 210814 25 770
68482 207478 17 746
68503 210397 18 790
68526 209737 21 766
68552 210242 22 774
68577 210965 21 766
68597 209603 18 752
68621 208847 21 731
68641 211105 17 757
68668 210724 25 789
68689 210071 18 775
68709 210408 18 767
68735 211084 19 778
68755 209755 17 767
68774 209925 17 754
68793 209368 16 732
68817 209778 20 748
68840 210432 20 752
68860 208842 17 763
68884 210187 22 744
68906 209671 18 762
68926 208897 17 747
68946 209131 17 767
68966 210258 17 757
68986 209481 17 758
69005 209709 17 748
69025 209684 17 767
69044 210327 17 761
69064 210636 17 759
69089 209782 22 782
69111 209999 18 766
69130 209823 17 735
69149 209318 17 751
69169 209928 17 764
69188 210243 17 763
69208 209975 17 776
69228 209704 17 750
69248 209860 17 777
69267 209639 17 744
69289 210208 19 791
69318 210824 26 756
69339 210344 17 765
69358 209911 17 746
69377 209774 17 744
69397 209834 17 731
69416 208814 17 755
69436 210331 17 737
69465 209417 17 751
69485 210405 17 758
69505 210143 18 776
69533 208330 24 748
69554 210857 18 773
69573 210420 17 751
69593 209986 17 762
69612 209742 17 755
69631 210666 17 759
69650 208126 16 727
69669 210678 17 764
69688 209117 16 742
69708 210159 17 760
69736 209881 26 737
69758 209176 19 742
69777 209984 16 737
69798 210102 18 790
69817 210301 17 762
69837 210231 17 752
69856 209731 17 737
69875 208537 16 723
69894 210336 16 737
69914 210669 17 766
69936 209783 20 759
69963 210451 24 759
69983 210233 18 783
70006 209871 20 749
70026 210678 17 769
70045 210005 16 734
70064 209216 17 769
70084 209834 17 751
70103 209894 17 762
70123 210406 18 768
70146 209969 21 763
70172 209133 22 770
70193 209765 18 775
70215 209049 18 772
70235 209258 18 782
70256 210339 18 800
70275 210386 16 733
70294 209988 17 764
70314 209934 17 752
70334 210623 18 771
70355 209837 18 751
70381 210612 23 744
70402 210239 18 784
70420 210137 16 715
70440 210620 17 764
70459 210419 17 765
70479 210319 17 772
70499 209674 17 752
70518 208642 16 730
70538 209180 17 768
70558 210227 18 782
70581 210040 21 784
70610 210566 24 779
70629 209030 17 733
70649 209939 17 777
70668 210083 16 742
70687 210403 17 757
70707 210977 17 764
70726 209613 17 757
70746 210101 17 754
70765 210372 17 766
70785 210585 17 759
70812 209459 24 758
70832 210795 17 754
70851 209370 17 756
70871 210214 17 750
70890 209085 16 727
70910 210373 18 783
70930 210418 18 780
70950 209789 17 760
70970 210061 17 750
70989 209486 17 759
71016 208256 24 727
71035 209510 17 753
71055 210106 17 764
71075 209944 18 765
71095 210305 18 781
71115 210476 17 743
71133 209451 16 724
71153 209990 17 790
71173 209073 17 771
71193 210908 18 803
71216 209078 20 744
71240 209221 22 741
71260 209352 17 750
71280 209927 17 744
71299 209384 17 742
71319 210447 18 779
71339 209586 17 760
71358 209755 17 755
71377 209617 17 773
71396 209868 16 738
71417 209613 18 762
71443 209193 23 748
71463 209509 17 749
71482 209436 16 734
71502 209335 17 746
71522 209900 17 777
71541 208892 17 747
71561 209585 17 748
71580 210054 17 756
71599 209282 17 757
71619 210628 17 778
71642 210576 21 783
71667 210305 22 729
71686 208545 17 743
71706 208493 17 764
71725 209867 17 742
71745 210750 18 786
71765 210517 18 770
71786 210681 18 773
71805 208991 17 755
71824 209715 16 713
71843 209646 17 750
71877 209844 32 787
71905 210135 25 754
71925 208362 17 738
71945 209677 17 773
71964 209362 17 750
71984 210167 17 755
72003 209519 17 766
72022 209362 16 748
72041 209928 16 735
72064 209877 21 793
72089 208589 22 739
72108 209049 16 720
72127 210264 16 744
72145 208893 16 735
72165 210288 17 767
72187 209331 17 740
72207 210921 17 765
72227 209722 18 787
72247 209694 17 751
72267 209598 17 746
72289 209917 20 759
72316 210947 22 745
72335 209088 17 753
72355 209903 17 762
72375 209169 18 773
72395 209465 17 760
72414 210547 17 758
72433 208375 16 735
72452 209460 16 718
72471 209328 17 776
72493 210714 19 745
72518 209684 22 747
72538 210144 18 778
72558 209575 17 737
72578 210163 17 770
72598 211097 18 788
72618 209658 17 735
72637 210462 17 760
72657 210928 17 767
72677 210528 17 755
72698 209618 18 798
72720 210500 20 777
72746 209317 23 761
72766 209579 18 766
72787 210381 18 784
72807 211376 17 779
72826 209285 17 748
72846 209114 18 789
72866 209731 17 784
72886 210204 17 765
72905 210356 17 737
72925 210457 18 771
72951 208859 23 743
72971 209586 17 746
72991 209890 16 738
73010 209157 17 759
73030 209059 17 770
73049 210708 16 732
73068 210280 17 760
73088 210085 17 749
73107 209038 17 741
73126 209810 17 741
73159 209547 30 756
73180 210453 18 768
73200 209831 17 759
73220 209635 17 772
73240 209260 18 799
73261 210826 18 786
73281 208836 17 762
73300 209292 17 756
73319 209620 16 724
73338 209853 17 734
73361 209611 20 761
73385 210293 21 737
73405 210452 18 785
73424 210358 16 748
73443 209200 17 744
73462 210360 17 743
73482 209813 17 745
73503 210578 18 749
73524 210172 18 794
73553 209776 18 773
73575 209511 19 762
73610 211512 31 763
73631 210615 19 799
73651 210633 18 777
73671 210288 17 758
73691 208419 17 728
73710 210155 17 739
73731 210453 18 777
73750 209328 17 767
73769 209915 17 755
73794 210368 22 763
73816 208792 17 735
73836 210745 18 740
73856 209240 17 749
73877 210281 19 806
73896 209035 17 743
73915 209604 16 735
73936 210448 18 780
73955 209093 17 750
73974 209777 17 750
73998 209384 21 752
74021 209961 19 784
74040 209732 16 732
74059 210173 17 739
74078 210079 17 756
74098 209959 17 760
74118 210196 18 786
74138 210267 17 758
74158 209052 17 742
74177 208901 17 751
74200 209611 20 782
74225 210398 22 773
74244 209293 17 758
74264 209607 17 763
74284 209852 17 725
74305 210963 18 793
74325 208765 17 751
74348 210119 20 760
74368 210612 17 768
74387 210807 17 769
74408 209475 18 704
74437 210674 26 773
74456 209595 16 735
74475 210244 17 734
74496 210583 18 791
74515 210249 17 749
74535 209656 17 764
74556 209816 18 718
74577 209752 17 731
74597 209341 17 766
74621 210608 21 748
74642 208958 17 761
74662 209941 17 761
74683 210334 18 801
74703 210697 18 765
74722 209236 17 742
74743 209254 18 785
74763 209085 18 741
74783 210060 17 770
74804 210333 18 792
74825 210342 19 776
74852 208860 23 769
74871 208981 16 721
74891 210262 17 782
74922 209356 17 765
74942 208662 18 733
74961 208806 16 726
74980 210220 17 739
75000 209881 17 767
75019 210438 17 769
75040 209591 18 774
75066 210122 23 787
75086 209167 17 756
75104 208842 16 733
75124 208696 17 764
75143 210160 17 749
75163 210723 18 774
75183 209302 17 761
75204 209869 19 781
75225 209092 17 775
75244 209231 17 741
75266 209316 19 730
75291 211451 23 783
75311 209543 17 758
75331 209328 17 762
75351 210164 18 784
75371 210516 17 774
75390 209878 16 737
75410 210966 17 773
75429 209087 17 740
75448 209837 17 723
75467 210150 17 744
75490 209810 20 758
75518 210201 24 767
75539 210138 18 796
75559 210139 17 752
75579 209841 17 756
75599 210318 17 736
75618 209186 17 753
75637 210049 17 756
75658 209510 18 791
75677 209092 17 754
75712 209737 32 731
75733 210435 18 778
75753 210204 17 744
75773 209925 17 759
75792 209614 17 748
75812 209449 17 758
75831 209767 17 748
75850 209680 17 765
75870 209592 17 753
75889 209556 17 738
75913 210093 21 772
75937 209709 20 731
75956 209284 17 742
75976 209691 17 764
75995 210165 17 765
76015 210292 18 779
76035 210745 17 770
76054 209717 17 752
76073 209318 17 749
76094 210207 18 803
76113 210183 17 750
76139 209860 22 769
76160 209653 17 759
76179 209325 17 763
76198 208072 17 745
76218 209359 17 743
76237 210095 17 773
76257 210600 18 792
76277 210039 17 772
76298 210541 18 786
76318 209681 17 775
76339 209610 18 738
76363 209559 22 757
76383 210022 17 758
76403 210658 17 775
76422 209711 17 753
76442 208951 18 744
76462 209789 17 735
76481 209532 17 769
76501 210308 17 743
76521 210149 17 763
76541 209779 18 734
76567 210936 22 709
76586 208773 17 736
76606 209829 17 765
76625 209506 17 747
76644 209110 17 741
76663 210423 16 704
76682 210284 17 741
76702 211390 17 763
76722 210305 17 771
76741 209969 17 737
76769 209282 26 779
76790 209907 17 765
76809 209901 16 730
76828 209096 17 739
76848 209910 17 767
76868 209563 17 765
76886 209545 16 728
76906 209259 17 769
76926 211477 18 794
76947 209774 18 780
76969 210089 20 728
76997 209154 25 747
77016 209649 16 739
77036 208718 17 777
77055 209167 16 715
77074 210206 17 756
77093 209794 16 724
77112 209739 17 749
77132 209552 17 760
77151 209435 17 745
77171 210702 17 734
77201 209409 27 764
77224 209736 20 774
77243 209911 17 747
77264 210820 18 786
77284 209436 17 766
77303 210636 17 733
77323 209743 17 769
77343 210827 17 790
77363 209848 17 777
77382 210101 17 753
77409 209870 25 761
77433 209599 20 740
77454 208398 18 748
77473 209505 17 741
77493 209762 18 766
77513 210008 17 774
77532 209661 17 757
77551 209115 16 736
77573 209110 19 719
77592 210080 16 735
77619 210653 24 735
77646 210376 19 794
77668 210415 18 754
77687 209640 16 724
77707 209607 17 742
77727 209166 17 751
77747 209773 18 780
77767 210015 17 758
77787 209134 18 790
77810 209864 20 775
77836 209916 24 762
77856 210444 17 746
77875 210060 17 767
77894 209216 16 722
77913 209322 17 764
77933 209814 17 742
77953 210555 18 804
77973 208748 17 750
77993 210127 17 769
78013 211074 17 779
78035 209915 20 767
78060 209906 21 763
78080 209960 17 761
78099 209395 16 742
78118 210224 16 734
78138 211263 17 772
78157 209192 17 765
78177 209904 17 770
78196 209902 16 731
78215 211256 17 764
78237 210410 19 768
78262 210082 23 738
78281 209648 17 737
78301 209517 17 763
78320 210463 16 740
78340 210688 17 782
78360 210238 17 772
78379 209855 17 763
78398 209843 16 745
78418 209868 17 747
78437 209774 17 758
78466 209292 27 762
78491 209709 21 786
78511 209547 17 766
78531 209674 17 751
78551 209674 17 767
78571 211163 17 754
78591 209821 18 767
78611 210648 18 793
78630 210197 16 738
78649 209802 16 738
78671 210454 19 755
78693 209153 19 744
78718 209582 20 733
78738 209791 18 753
78758 209620 17 742
78778 210283 18 806
78798 209667 17 785
78817 209636 16 740
78837 209215 17 778
78856 210344 17 751
78875 209703 17 785
78900 209792 22 775
78923 209440 20 721
78942 210636 16 745
78962 210642 17 754
78983 208993 18 800
79021 209951 17 759
79041 210128 17 756
79060 209438 17 770
79079 208677 16 716
79099 209359 17 775
79126 209443 23 784
79145 209793 16 747
79165 209704 17 775
79184 210918 16 747
79203 209468 17 766
79222 210006 16 740
79241 209562 16 734
79260 209041 16 726
79279 210019 17 761
79299 208597 17 748
79318 209877 16 730
79343 209948 22 737
79365 210345 18 769
79384 208447 17 758
79403 209860 16 742
79422 209972 16 727
79441 209372 17 762
79462 210199 18 799
79481 209439 17 766
79502 209981 18 783
79520 208922 16 721
79549 210012 26 792
79569 210206 17 748
79589 210516 17 746
79608 209792 17 761
79628 209751 17 760
79647 209878 16 733
79666 210734 17 764
79687 210587 18 787
79707 210420 17 772
79727 209999 17 766
79748 209768 19 763
79778 209217 27 738
79798 209743 17 755
79816 210072 16 729
79836 210651 17 784
79855 208891 17 738
79876 210761 18 787
79895 209545 17 737
79915 210226 17 769
79935 209568 17 746
79955 210065 18 792
79989 211294 31 764
80011 208656 17 743
80030 209353 17 736
80050 209924 17 748
80069 208955 17 753
80089 209904 17 769
80108 208331 17 753
80129 210016 18 771
80149 209215 18 769
80171 210436 19 769
80196 209763 23 752
80215 209577 16 735
80235 209774 17 751
80254 209409 17 750
80274 210041 17 765
80294 211037 17 752
80313 210066 17 753
80333 210046 17 765
80366 209416 17 764
80388 210045 20 755
80415 210342 24 779
80434 209044 16 735
80453 210957 16 743
80472 209638 17 758
80493 210014 18 772
80512 209976 16 739
80531 209841 16 745
80550 210822 16 739
80570 208673 18 748
80589 210333 16 731
80610 210335 18 744
80635 208247 22 753
80655 210228 17 782
80675 209123 18 749
80696 210932 18 792
80716 209659 17 752
80736 210362 17 749
80756 210020 17 761
80775 208787 17 757
80796 210822 18 789
80816 209724 17 769
80842 210537 23 780
80864 209343 18 770
80884 209692 17 756
80903 208710 17 713
80923 209996 17 758
80943 209502 18 780
80966 209712 21 755
80995 208855 26 774
81015 208688 18 760
81035 209517 17 771
81062 210658 23 787
81082 209944 17 765
81102 209959 17 760
81122 209761 17 772
81140 209038 16 729
81160 209897 17 763
81179 209505 16 724
81199 210164 17 786
81218 209713 17 749
81237 210202 17 745
81259 208712 19 730
81287 210307 25 778
81308 210057 18 775
81327 208813 17 766
81348 209279 18 792
81367 209491 17 748
81387 210403 17 778
81406 209588 17 757
81426 210454 17 779
81446 209408 17 764
81466 210244 17 764
81488 209525 20 769
81513 211179 22 763
81535 209855 17 768
81554 209384 17 753
81573 209524 17 749
81593 209818 17 754
81613 210331 17 747
81634 209925 18 805
81653 208672 16 742
81672 210111 17 758
81697 210719 23 786
81720 210165 19 797
81740 209753 17 757
81760 210341 17 766
81779 210604 17 757
81799 210139 17 759
81818 209763 17 766
81838 210358 17 757
81858 210776 17 763
81878 210806 17 753
81898 208894 18 731
81924 210448 23 780
81944 209054 17 757
81964 210555 17 766
81991 209881 25 750
82014 209521 17 715
82034 209677 17 744
82053 210864 17 772
82073 210483 17 759
82093 210065 17 749
82111 208789 16 709
82138 211147 24 755
82159 209364 17 745
82181 209801 19 745
82211 209951 27 748
82231 209422 18 749
82252 209741 18 772
82279 210418 24 732
82300 209930 17 748
82322 210545 20 796
82354 209996 28 756
82374 209689 17 741
82396 210767 19 781
82418 209972 18 762
82439 209546 19 746
82460 210421 19 769
82483 210002 20 761
82504 210098 18 760
82524 209026 17 727
82558 210696 31 760
82586 210524 25 755
82606 209708 18 755
82627 210503 18 765
82656 210709 26 792
82684 209606 26 737
82704 209461 18 770
82724 208999 17 730
82758 209654 31 766
82788 210419 27 746
82813 210140 22 759
82832 209482 17 727
82852 209938 18 775
82882 209846 27 751
82902 209511 17 728
82925 209708 21 751
82946 210593 18 786
82966 208751 17 753
82991 210163 21 740
83024 210271 31 763
83051 208358 22 714
83077 208749 24 764
83106 208675 25 750
83127 208435 19 781
83150 209670 20 751
83180 210426 26 788
83203 211047 21 774
83228 209871 22 730
83248 210542 17 758
83267 210866 17 749
83287 209905 17 764
83305 209381 15 701
83324 210381 17 748
83343 209628 17 756
83362 208869 17 747
83381 209999 17 752
83411 209882 26 735
83448 210106 33 771
83477 210232 26 762
83499 210532 19 776
83526 209708 25 738
83548 210357 18 770
83568 209123 17 722
83590 210640 19 758
83610 210317 17 759
83632 210100 19 760
83659 208937 24 738
83687 210179 25 773
83708 209911 18 774
83728 209887 17 755
83747 210467 17 745
83767 211166 17 771
83786 209820 17 755
83806 209772 17 759
83830 209279 22 743
83872 209797 38 761
83901 210555 26 779
83922 210992 18 781
83943 209186 18 800
83964 209849 19 755
83989 208631 22 744
84009 209536 17 741
84028 208162 17 743
84051 208679 20 756
84076 208788 21 754
84094 209612 16 720
84113 209920 17 753
84133 210332 17 747
84152 209463 17 773
84173 210770 18 799
84192 209398 16 746
84211 210184 17 773
84231 209003 17 740
84251 211003 17 771
84275 210344 22 790
84299 210632 20 755
84324 209918 22 773
84346 210397 20 759
84367 209704 17 740
84394 209824 25 767
84415 210137 19 772
84436 210582 18 763
84457 210731 18 811
84485 210164 25 779
84506 209368 18 755
84525 209930 17 747
84544 209359 16 739
84563 209248 17 737
84582 209408 17 740
84602 209804 17 773
84623 210578 18 801
84641 209311 16 737
84661 209018 17 757
84682 209681 19 754
84707 209343 22 771
84727 209519 17 781
84746 209738 17 756
84767 210280 18 780
84786 210379 17 754
84806 209964 17 753
84825 210052 17 745
84845 210422 17 751
84864 210281 17 756
84884 210400 17 766
84912 209969 26 770
84932 209255 17 739
84950 208629 16 707
84969 209074 16 726
84988 209101 16 717
85007 210694 17 758
