fo time ls_time n_ls_moves
18 202952 18 718
38 202991 17 760
57 202382 17 733
77 203238 18 783
97 203017 17 747
116 202921 17 747
135 202713 16 714
154 203246 16 728
176 203179 19 755
200 202769 20 739
219 202502 16 720
237 202902 16 706
257 202657 17 747
277 202874 17 793
296 202702 16 729
315 202996 17 765
343 203891 25 774
367 203205 20 726
404 203291 33 763
440 203416 31 738
460 202299 18 738
486 202104 24 731
512 202839 23 742
533 203746 18 782
553 202985 18 753
573 203527 17 740
596 203041 21 757
621 202681 22 740
641 202885 17 745
660 202687 16 715
680 202647 16 697
700 203193 17 742
720 202898 17 746
739 203081 17 738
758 202322 17 719
776 202355 16 706
795 202682 16 748
826 203293 28 750
848 203111 18 747
868 203443 17 756
887 202298 16 742
906 201903 17 748
925 202913 16 730
944 202572 16 734
964 202943 17 776
985 202945 19 753
1004 202590 16 736
1028 202816 21 743
1052 201400 22 724
1072 202787 17 756
1092 204009 18 772
1112 203329 17 757
1132 203436 17 756
1153 202768 19 734
1173 203041 17 753
1193 203200 18 760
1214 203201 19 747
1246 203503 29 746
1267 203444 18 760
1286 202534 16 709
1305 202799 17 755
1325 203029 17 741
1345 202549 18 778
1365 203125 17 737
1383 203086 16 715
1404 203711 18 782
1424 203672 17 760
1445 202615 19 700
1474 204028 26 787
1496 203051 18 754
1516 202929 17 742
1536 203628 18 749
1556 202255 18 754
1576 203214 17 745
1596 203608 18 780
1615 203298 17 743
1635 203800 17 742
1656 203573 19 732
1681 203271 20 751
1701 203344 17 750
1720 203821 17 745
1740 203649 17 752
1759 203298 17 754
1779 202804 17 737
1798 203733 17 753
1817 202130 17 732
1837 203283 17 750
1856 202923 17 763
1879 202311 20 754
1902 202036 18 735
1921 202062 16 725
1939 202228 16 704
1958 202579 16 725
1977 202823 17 736
1996 203627 17 751
2016 203557 17 770
2035 203456 17 755
2054 202709 17 746
2077 203927 20 738
2102 203758 22 749
2125 202933 20 740
2145 203537 18 779
2165 201775 17 750
2184 202558 17 742
2204 203401 17 745
2224 202843 18 749
2244 202641 17 724
2263 202748 16 722
2286 203057 21 697
2312 204214 24 782
2332 203216 17 739
2355 203598 20 745
2375 203117 17 764
2395 203448 17 767
2415 203877 18 778
2436 202855 18 750
2458 202918 18 731
2477 202534 17 744
2499 202999 19 733
2524 202728 21 720
2544 204039 17 760
2563 203430 16 725
2582 202543 16 739
2600 201026 16 699
2620 203856 17 750
2639 202842 17 758
2659 202280 17 743
2679 203205 18 718
2698 203668 16 729
2720 203482 19 746
2744 203321 22 761
2763 203763 17 758
2782 203628 17 746
2801 202047 16 727
2821 203154 17 766
2840 203280 16 736
2859 203295 17 767
2878 202982 16 723
2896 203334 15 703
2916 202563 17 715
2941 202962 22 759
2961 204125 17 758
2982 202791 18 770
3011 203192 26 782
3040 203489 27 731
3061 203580 18 750
3106 202786 41 750
3136 202176 24 715
3169 203892 31 749
3192 202950 20 751
3222 203746 25 751
3249 202675 24 737
3272 204733 20 787
3297 203584 22 755
3320 203353 20 757
3349 203607 27 763
3380 203533 28 793
3404 202760 21 748
3431 203211 25 750
3460 203869 25 788
3480 202250 17 724
3509 203093 26 825
3533 203947 21 783
3555 201965 20 751
3589 203584 30 778
3612 202583 20 731
3655 202933 39 721
3680 203039 23 777
3699 202397 17 727
3720 203711 18 759
3739 201774 17 735
3760 204115 18 755
3783 203005 20 741
3816 203857 30 760
3842 203294 22 750
3862 203100 17 740
3882 203429 18 786
3902 203491 17 755
3921 203899 17 759
3941 204154 17 753
3960 203168 17 739
3983 203461 21 779
4012 202256 26 748
4031 202265 17 757
4051 203301 18 765
4071 203079 17 757
4091 204496 17 749
4111 204309 17 774
4130 202669 17 759
4150 203168 17 767
4170 203192 18 741
4191 202338 18 741
4217 203248 24 758
4237 203542 17 740
4256 203151 16 737
4275 203212 17 751
4293 201928 16 712
4312 202950 17 740
4331 202392 16 716
4350 202917 16 718
4369 202440 17 751
4388 203188 17 754
4411 202566 20 752
4436 204289 23 798
4456 203048 17 726
4475 203252 17 736
4495 203687 18 782
4515 202676 17 755
4534 203333 17 753
4554 203709 17 760
4574 203567 17 762
4593 201742 17 740
4613 202736 18 775
4640 203032 23 777
4659 202521 16 712
4679 203299 17 728
4698 203142 17 753
4717 201911 16 721
4736 202044 17 738
4756 203055 17 762
4775 203144 16 724
4794 203086 16 742
4812 201518 16 717
4833 202932 18 756
4862 202529 26 745
4882 203068 17 751
4902 203263 18 788
4921 202785 17 754
4941 203383 17 772
4960 203014 16 724
4980 203356 17 762
4999 203285 17 747
5019 202391 17 746
5038 203870 17 746
5060 202731 19 745
5083 203248 21 722
5102 202339 17 753
5122 202698 17 767
5141 201521 16 730
5160 203116 17 751
5180 203156 17 753
5199 202907 16 737
5218 203190 17 756
5237 201808 16 733
5259 202940 19 768
5285 203187 23 745
5305 203388 17 768
5325 202905 17 758
5344 201805 16 734
5363 202173 17 740
5382 203218 16 745
5403 203439 18 786
5422 203004 17 741
5442 203679 18 767
5462 203519 18 779
5484 203187 19 740
5515 202248 28 778
5536 203356 19 805
5559 203116 20 765
5579 201679 18 741
5601 202215 19 744
5630 203553 27 773
5652 204003 18 757
5672 203036 17 745
5698 203209 23 743
5727 202593 25 730
5752 203325 22 735
5774 203993 20 767
5796 203871 19 704
5819 202675 20 740
5842 203457 20 804
5866 202048 21 751
5887 203024 19 721
5909 203000 19 753
5937 202884 24 738
5958 203421 19 750
5980 202722 19 767
6000 202263 17 706
6024 203414 22 759
6047 203073 20 756
6068 203696 19 752
6089 202021 18 738
6107 202425 16 726
6134 203246 24 767
6156 202681 19 742
6176 202575 17 732
6195 202115 17 748
6216 203595 18 770
6236 203817 18 765
6255 203532 17 736
6276 203260 18 785
6295 202023 17 749
6314 203358 17 752
6335 202787 18 755
6360 204006 22 773
6379 201612 16 726
6397 203173 16 712
6417 203201 17 745
6436 204256 17 760
6457 203659 17 780
6476 202688 17 756
6495 202937 16 736
6514 203216 17 749
6532 203066 16 719
6560 203837 25 752
6580 203084 16 707
6598 202624 16 724
6618 203387 17 760
6637 203041 17 741
6656 202910 17 738
6675 203313 16 731
6695 202878 17 762
6714 202615 17 767
6733 203124 16 730
6756 202349 20 767
6780 203085 18 738
6798 202291 16 721
6819 203212 18 802
6837 202588 16 721
6857 204407 17 754
6876 202773 17 758
6895 203029 16 727
6914 203319 17 763
6933 202028 17 742
6954 203069 19 747
6977 202898 20 736
6999 203557 18 756
7018 202632 17 752
7037 204743 16 748
7056 202002 17 745
7075 202735 16 743
7094 201959 17 752
7113 202545 16 728
7132 203199 16 748
7150 202502 16 720
7171 203584 18 739
7195 202980 21 740
7215 202791 17 769
7235 203528 17 749
7255 202562 17 764
7274 202808 17 758
7294 202407 17 755
7314 202724 17 754
7333 203470 17 738
7352 204703 17 774
7371 202633 16 722
7394 202516 21 728
7423 203594 25 734
7442 201966 16 726
7461 202237 17 741
7480 203051 16 729
7502 203487 20 753
7522 202871 17 760
7541 203197 16 744
7560 201919 17 734
7579 203433 17 744
7601 202729 19 741
7627 203408 23 768
7646 203235 17 763
7666 202959 17 760
7685 202440 16 740
7704 203033 17 767
7725 203046 18 800
7745 203420 17 766
7764 202126 17 749
7783 203321 17 746
7804 203219 18 755
7830 203600 23 760
7849 203220 17 752
7869 203544 17 756
7888 203796 17 753
7907 202319 17 739
7926 203405 16 732
7945 202992 16 729
7964 203973 17 743
7983 202648 17 741
8002 202964 16 740
8023 202277 18 729
8050 203723 24 765
8070 203820 17 772
8090 203269 17 761
8108 203160 16 718
8128 204441 17 744
8147 203640 17 747
8167 203039 17 749
8186 202340 16 727
8204 203094 16 711
8224 202684 17 745
8245 202859 19 742
8269 202448 21 739
8287 201304 16 695
8307 202311 17 748
8327 203012 17 759
8346 203009 17 749
8365 202668 16 731
8385 202953 17 756
8405 203286 18 762
8425 202342 17 730
8444 203502 17 775
8466 203322 19 744
8495 202588 27 765
8516 202478 18 748
8540 203566 21 771
8560 202272 17 714
8579 203513 17 717
8599 202795 17 744
8621 203077 19 757
8642 203081 18 751
8663 203533 19 741
8698 202845 31 767
8719 202276 18 721
8740 203529 19 786
8765 202506 22 744
8791 202487 23 718
8812 203884 19 737
8832 203232 17 723
8855 203283 20 751
8876 202854 18 748
8903 203633 24 763
8928 203376 21 755
8948 203932 17 721
8969 202033 18 735
8989 202235 18 706
9011 203691 18 760
9032 203139 18 784
9052 202571 18 756
9076 202995 22 746
9104 202004 25 760
9134 203675 26 780
9154 203470 18 745
9176 203727 19 774
9197 203842 19 771
9221 202395 21 771
9241 203917 17 766
9260 202757 17 738
9280 202466 18 783
9302 204046 19 751
9327 203897 22 737
9347 203635 17 774
9366 202777 17 724
9386 203223 17 738
9407 203957 18 762
9427 203343 17 772
9446 202769 17 752
9466 203173 17 783
9486 201428 17 737
9509 203749 20 719
9539 202099 27 738
9559 202139 17 742
9584 202696 22 731
9603 203942 17 762
9623 203212 17 737
9643 203363 17 761
9663 203247 17 767
9682 202089 17 739
9701 201891 16 720
9722 203469 18 745
9749 202274 23 701
9773 204485 21 770
9794 202600 18 766
9813 202233 17 712
9832 202251 17 722
9852 203909 17 763
9872 202656 17 740
9891 204428 17 742
9910 203034 17 745
9929 203324 17 748
9950 202564 19 729
9975 202207 22 746
9995 202955 17 757
10014 202786 17 748
10034 203693 17 772
10052 201207 16 711
10072 202773 17 771
10091 202451 16 725
10110 203423 17 771
10130 203031 17 788
10152 202647 20 743
10181 202805 26 737
10200 202219 16 723
10219 202932 17 743
10238 201788 17 742
10257 202804 17 740
10276 202498 16 718
10295 205281 17 756
10331 202417 17 746
10351 202812 17 766
10372 202817 18 735
10396 202421 22 740
10416 202443 17 743
10435 202553 16 734
10455 204028 17 780
10473 203069 16 732
10493 202562 17 743
10512 203820 17 768
10532 202468 17 780
10551 202265 17 741
10574 202902 20 759
10599 202480 23 739
10620 202898 18 756
10639 202504 16 707
10658 202195 16 727
10677 203052 16 723
10696 203399 17 778
10716 203481 18 784
10735 202748 16 734
10755 202283 17 761
10774 203132 17 743
10796 202251 20 767
10824 204016 24 779
10843 202729 17 740
10862 202703 16 730
10881 203707 17 749
10901 203211 17 753
10920 203389 17 763
10941 203572 18 798
10960 202906 17 757
10980 203499 17 760
11001 203262 19 753
11027 203387 22 743
11047 202043 17 729
11065 203290 16 695
11085 202771 17 749
11104 203199 17 759
11123 202306 16 742
11142 202714 17 740
11161 203125 16 741
11181 203136 17 763
11199 202407 16 727
11223 203702 22 725
11245 203487 18 767
11265 203693 17 741
11284 202966 17 750
11303 203124 17 747
11323 202623 17 737
11342 203611 16 733
11361 203221 17 768
11380 202998 16 732
11400 203600 17 744
11419 203794 17 755
11445 202444 23 739
11471 203224 23 755
11489 203276 16 712
11509 202840 17 754
11529 203190 17 762
11548 204185 17 767
11568 204360 17 772
11588 203903 17 768
11607 202342 17 741
11626 203658 17 775
11647 202691 18 707
11670 202471 21 722
11690 203565 17 764
11710 202816 18 774
11730 203282 17 755
11750 203373 17 739
11771 203266 18 738
11792 202940 18 775
11813 203517 18 750
11836 204394 19 776
11859 203762 21 759
11891 203349 28 755
11916 203771 23 756
11941 202674 22 735
11960 203721 17 725
11989 202695 26 768
12012 203304 19 782
12032 202980 17 744
12053 202821 18 770
12077 203921 22 772
12109 203894 30 754
12133 202376 21 744
12170 202912 33 705
12191 202532 18 741
12214 202342 20 725
12235 203765 18 747
12261 203049 23 789
12284 203228 21 744
12310 203573 22 729
12329 203524 17 746
12348 203034 16 719
12367 202261 17 743
12387 201754 17 744
12408 204185 18 774
12427 203328 17 763
12447 202837 17 763
12466 202221 16 723
12484 202669 16 715
12510 202860 23 717
12529 202597 16 738
12548 203125 17 750
12568 203083 17 755
12587 202822 17 745
12607 202912 17 739
12626 204004 17 759
12645 202663 17 735
12665 203232 17 747
12684 202206 17 749
12711 203389 24 734
12736 202677 20 743
12756 202485 18 780
12775 203558 17 747
12799 202574 21 737
12820 203464 18 768
12841 203012 19 756
12863 202959 19 739
12883 202781 17 742
12903 203821 17 739
12932 203041 27 759
12959 203392 21 762
12982 203267 21 746
13006 203106 21 752
13033 203291 24 786
13054 203427 18 765
13073 202504 17 729
13094 202991 19 754
13116 202953 19 780
13147 202732 28 726
13167 203003 17 729
13199 203590 30 777
13220 203661 18 750
13240 203072 18 752
13260 201770 17 725
13282 203201 20 779
13305 202799 20 760
13326 202849 17 730
13349 202810 21 754
13372 202536 19 729
13392 203238 17 734
13411 202570 17 752
13430 203474 16 735
13449 202643 16 737
13467 203770 16 720
13490 202950 20 783
13509 202994 16 744
13529 204043 17 776
13549 203433 18 746
13576 202993 23 747
13595 203246 16 740
13614 202156 17 750
13633 203378 17 757
13653 204245 17 790
13672 202906 16 721
13691 202356 16 729
13711 202558 17 758
13730 202254 16 730
13749 203234 16 727
13771 203230 19 741
13794 202946 20 760
13818 202557 20 778
13837 202652 17 760
13857 202451 17 741
13875 201809 16 719
13895 203400 17 761
13915 203076 17 773
13934 203285 16 720
13953 203140 17 725
13974 202509 19 750
14007 203046 29 742
14027 203658 17 746
14047 204189 17 754
14066 203111 17 749
14087 202560 18 762
14106 202922 17 744
14125 202644 16 707
14145 202730 17 753
14165 203648 17 751
14184 202566 16 712
14207 202507 21 739
14235 203532 20 749
14255 203103 17 759
14275 202622 17 741
14295 203705 18 779
14315 203429 17 735
14334 203254 17 749
14354 202874 17 762
14373 204051 17 753
14393 202476 18 769
14441 202725 25 726
14460 202285 16 733
14479 203506 17 761
14499 203260 17 754
14520 203448 17 757
14538 202897 16 713
14558 202006 17 735
14576 203786 16 724
14596 203166 17 759
14616 202312 17 718
14643 203222 24 768
14662 202405 17 759
14682 203338 17 776
14702 202711 17 747
14721 203523 17 735
14739 201360 16 705
14759 202285 17 748
14778 203185 17 736
14797 202846 16 725
14816 202982 17 753
14837 203061 19 749
14862 202742 22 745
14882 203084 18 786
14902 203327 17 748
14921 202030 16 736
14940 202955 17 751
14959 201638 17 742
14978 202979 16 718
14996 201992 16 711
15016 203223 17 764
15036 203572 18 770
15064 203793 24 744
15083 203835 16 719
15102 203747 17 741
15121 204417 17 765
15140 202404 16 712
15159 202859 17 753
15178 202810 17 745
15198 203071 17 764
15218 203652 18 754
15237 203716 17 766
15260 203006 20 769
15283 202696 21 733
15303 203036 17 757
15323 203176 17 757
15342 203059 17 730
15360 202751 16 725
15380 202566 17 754
15400 203813 18 772
15420 203141 18 799
15440 202632 17 775
15459 203171 17 744
15488 202850 26 742
15516 202782 20 771
15535 202414 16 733
15554 203816 16 740
15572 202704 16 731
15592 203047 17 752
15611 202559 17 744
15630 202354 17 739
15650 203351 18 779
15671 204192 18 773
15694 202574 21 720
15717 202300 18 749
15737 203436 17 734
15756 202660 17 743
15776 203795 17 775
15795 202004 16 733
15815 203924 18 765
15835 202961 17 767
15854 202889 17 738
15873 203354 17 749
15892 202907 17 762
15919 203035 24 726
15939 203177 17 772
15958 202624 16 732
15976 202424 16 738
15996 203255 17 754
16016 203425 17 744
16036 202794 18 782
16055 203136 17 750
16074 203334 16 741
16094 203426 17 764
16119 203266 23 716
16140 203946 17 759
16159 203216 17 745
16178 202511 16 737
16198 202456 18 756
16218 203076 17 749
16237 202928 17 735
16255 203088 16 706
16274 203176 16 728
16293 203005 17 733
16312 202215 17 753
16342 203386 27 806
16362 203023 17 759
16381 202252 16 713
16401 202959 17 729
16420 202559 17 767
16440 203837 17 755
16459 202920 16 738
16480 203628 18 776
16499 202598 17 734
16518 203589 17 752
16540 202904 20 728
16567 203556 23 786
16586 203215 17 738
16606 202936 17 707
16626 203345 18 777
16645 202871 16 724
16665 203163 18 771
16685 203483 17 752
16705 203254 17 753
16724 203575 16 727
16746 202533 19 717
16778 202954 30 751
16798 202874 17 752
16818 202890 17 751
16837 203610 17 737
16857 202321 17 758
16876 202912 16 727
16895 202987 16 704
16913 202019 16 713
16933 202639 17 744
16954 203723 18 781
16985 203020 28 757
17005 203943 17 755
17024 202496 16 727
17044 201412 17 753
17063 202829 17 747
17083 203393 17 745
17103 203924 18 766
17123 204180 17 744
17143 203526 17 776
17162 203182 17 745
17185 204597 20 727
17214 202375 26 742
17234 202798 18 756
17258 202855 21 748
17277 202901 16 726
17296 203856 17 760
17316 202361 17 725
17334 202739 16 730
17353 202490 16 723
17373 202596 17 744
17393 203445 18 760
17416 202467 21 762
17443 202921 24 740
17469 203262 23 745
17488 203030 17 750
17509 202161 18 724
17531 203237 19 803
17551 203304 17 736
17570 203094 17 735
17590 203264 17 754
17609 203052 17 755
17631 203008 19 736
17655 203181 22 749
17676 203375 19 825
17695 202615 17 734
17715 202852 17 733
17734 203348 17 756
17753 202655 17 725
17773 203299 17 764
17794 203524 18 775
17813 202923 17 752
17834 202609 18 758
17860 203234 23 734
17879 202512 16 742
17898 202387 16 723
17918 202096 17 761
17936 202236 16 707
17955 203112 17 742
17975 203665 17 781
17994 202059 16 730
18012 201931 16 722
18032 203332 17 765
18052 203273 17 756
18083 202901 27 733
18103 202935 17 732
18122 202313 17 739
18142 202889 17 740
18162 203603 18 791
18183 204231 18 802
18203 203795 17 777
18224 202795 19 785
18243 202490 17 744
18265 202515 19 727
18290 203332 22 770
18310 203700 17 768
18329 203680 17 752
18349 203985 17 774
18368 201785 16 741
18386 202373 16 718
18405 202102 17 718
18424 202935 16 733
18443 201958 16 712
18463 202426 18 725
18487 202027 21 715
18532 203042 18 781
18551 202485 16 740
18570 203776 17 765
18589 202635 17 741
18609 203414 17 765
18629 202638 17 731
18648 202842 17 750
18666 201539 16 724
18688 202906 19 749
18715 202235 23 740
18734 202116 16 724
18754 202513 17 727
18773 202914 17 756
18793 203269 17 748
18812 202483 16 710
18830 201994 16 712
18849 202564 16 728
18869 203702 17 752
18888 202492 16 729
18913 202585 21 726
18934 202870 17 757
18953 203909 17 742
18973 202969 17 767
18992 202774 16 733
19011 202826 17 739
19030 202839 17 738
19050 202616 17 742
19068 203037 16 704
19087 203131 16 718
19107 203059 17 771
19128 203207 19 738
19152 203402 19 759
19172 202428 17 769
19192 202850 17 769
19210 202334 16 718
19229 201843 16 726
19247 202475 16 731
19266 202308 16 720
19284 202878 16 718
19303 203647 16 724
19325 204505 20 796
19351 202625 24 742
19370 202519 16 724
19391 203931 19 785
19411 202888 17 752
19430 202551 17 736
19450 203291 17 747
19469 202231 16 724
19488 203063 17 750
19507 203333 16 710
19525 201778 16 730
19548 203532 20 779
19577 203004 26 750
19596 202639 17 750
19616 203324 17 765
19636 203831 17 758
19654 202520 16 729
19674 202900 17 785
19693 203566 17 755
19713 203100 17 763
19732 202905 16 729
19751 203234 17 736
19778 203455 24 782
19798 203153 17 764
19817 202735 17 745
19836 203099 17 762
19856 203608 17 755
19875 202515 16 729
19894 202242 17 742
19913 201760 16 728
19932 202674 17 753
19952 203951 17 782
19973 203389 19 765
19999 202917 22 729
20018 202889 17 737
20037 203662 17 745
20056 202680 16 736
20074 203093 16 697
20094 203490 17 750
20113 203661 17 779
20132 202114 16 725
20150 201962 16 731
20169 201867 16 720
20193 201880 22 735
20218 202727 21 735
20238 203903 17 739
20257 203026 17 725
20276 203447 16 726
20295 202350 16 743
20314 203067 17 715
20333 202804 17 758
20352 202695 17 739
20372 203244 17 748
20391 201999 17 724
20417 202630 22 735
20437 204108 16 724
20455 203298 16 732
20475 202740 17 752
20494 203555 17 757
20515 204145 19 761
20533 201472 16 709
20553 202963 17 744
20571 201602 16 728
20590 203189 16 729
20612 203104 19 749
20639 203131 25 753
20659 203676 17 736
20677 202437 16 736
20697 203079 17 777
20717 203385 17 747
20736 203663 17 745
20755 202975 16 732
20774 203007 17 741
20793 203194 16 737
20812 203581 17 745
20841 203985 25 771
20862 203033 17 752
20881 203459 17 742
20901 202163 17 734
20920 202023 16 731
20940 203409 17 773
20959 203534 16 733
20978 203935 17 744
20997 201870 16 746
21016 203914 16 733
21038 203375 20 755
21064 202367 23 756
21084 203547 17 766
21103 203913 17 759
21123 203710 17 770
21143 204114 17 755
21162 203597 17 746
21182 203289 17 717
21218 201906 34 757
21244 203436 22 753
21273 202999 26 739
21296 203906 21 774
21330 203223 31 747
21356 203354 23 762
21379 203031 20 761
21402 202855 20 737
21424 203372 18 740
21446 203637 19 749
21468 201557 20 712
21492 201567 21 726
21514 203061 20 791
21534 203093 17 757
21554 202688 18 779
21574 204371 17 740
21593 203066 17 777
21613 202757 17 754
21632 202853 16 730
21650 201865 16 713
21671 202636 18 731
21696 202819 22 735
21716 202394 17 748
21735 203279 16 723
21755 203063 18 750
21774 202728 17 727
21794 203048 17 752
21815 202621 18 748
21837 204479 19 741
21860 202217 20 744
21886 204598 23 786
21912 203376 23 755
21932 203439 17 759
21951 204073 17 739
21971 203887 17 768
21991 203414 17 776
22010 203835 16 735
22030 203284 18 755
22059 202207 26 766
22083 203389 21 770
22120 203197 34 789
22159 203149 32 739
22180 203060 19 758
22201 203675 18 742
22224 203397 19 788
22245 201857 19 710
22267 203151 19 767
22288 203473 18 732
22309 203336 19 717
22335 204304 23 784
22356 203332 18 764
22377 202062 18 748
22397 202941 17 754
22416 203149 17 753
22436 203156 18 760
22456 202808 18 765
22477 203604 18 779
22496 203372 16 726
22521 202582 22 731
22543 203268 18 785
22562 202107 17 743
22582 202975 17 747
22601 202245 16 735
22618 202180 15 694
22638 202630 17 770
22658 203173 17 750
22677 203277 16 732
22696 203745 17 755
22715 202046 17 756
22747 202603 29 717
22779 202271 27 726
22799 203031 18 763
22820 202900 18 760
22839 201664 17 732
22859 202765 17 745
22878 202713 17 749
22898 204092 17 759
22918 202372 17 767
22939 203883 18 768
22965 202675 23 721
22985 203167 17 759
23004 202391 16 721
23023 202676 16 725
23042 203876 17 742
23062 201612 17 735
23081 201975 17 738
23101 202934 17 771
23121 203460 17 769
23139 202366 16 713
23161 203552 19 755
23188 203046 25 736
23209 202266 18 760
23228 202599 17 731
23248 202759 18 742
23268 202235 17 732
23287 202573 17 740
23309 202711 18 715
23327 202053 16 707
23347 202322 17 752
23371 203584 22 801
23408 203471 33 736
23427 202736 17 741
23446 202477 17 722
23466 202852 17 743
23486 202887 18 750
23508 202188 18 734
23528 203336 17 750
23547 203000 17 715
23567 202966 17 753
23590 203692 20 740
23625 201544 31 718
23647 203811 19 786
23669 202802 20 733
23691 202668 19 757
23713 203850 20 769
23735 203494 20 770
23755 203223 18 716
23777 203234 19 758
23809 203176 29 771
23839 203973 27 776
23860 202838 19 736
23882 202871 19 752
23901 202412 16 719
23920 203084 16 721
23939 203076 17 743
23958 203210 16 737
23977 203026 17 749
23996 201869 16 728
24016 202516 17 761
24041 202736 21 737
24062 203963 17 765
24081 204806 17 770
24101 204118 17 760
24121 203664 18 784
24140 202800 16 728
24159 203505 17 748
24178 202849 16 727
24197 202439 17 761
24217 203743 17 734
24240 203079 20 759
24270 202178 26 752
24289 202484 17 740
24310 203545 19 799
24331 202022 18 764
24350 203254 17 743
24369 203029 17 745
24388 202703 16 736
24408 203663 16 731
24427 202632 17 767
24446 203594 17 751
24468 202707 19 737
24493 203327 22 744
24513 203362 17 735
24532 202818 17 755
24551 203111 17 747
24571 203599 17 780
24590 202410 16 726
24609 202745 17 748
24628 202954 16 745
24648 203068 17 740
24671 203622 21 737
24701 203327 26 740
24723 203726 20 738
24744 202391 17 730
24763 202243 17 719
24782 202025 16 725
24802 202825 17 756
24821 202232 17 719
24840 203217 16 730
24859 203637 16 716
24884 203172 22 753
24907 202495 20 753
24927 203381 17 759
24951 203267 20 752
24970 203157 17 760
24992 203039 19 771
25015 202611 20 770
25037 202710 20 724
25057 203110 17 749
25078 203023 19 718
25104 203890 23 788
25123 202654 16 728
25142 202330 16 716
25161 202277 16 735
25180 202903 17 745
25199 203059 17 736
25218 203300 16 732
25237 202753 17 742
25257 203111 18 759
25276 203026 17 740
25298 202497 20 733
25321 202924 19 738
25341 203502 18 772
25360 201979 16 718
25378 203014 16 718
25398 202871 17 762
25417 201523 16 729
25436 204303 17 733
25456 202395 17 755
25475 202594 17 777
25495 202850 17 746
25519 203097 22 756
25542 202821 19 771
25561 203246 17 737
25581 202862 17 771
25600 202255 17 748
25621 203861 18 780
25640 201713 17 759
25660 202788 17 770
25680 202281 17 731
25698 202295 16 733
25720 203235 19 744
25744 203480 20 747
25763 201780 16 715
25782 202831 17 756
25802 203123 17 764
25822 202947 17 765
25843 203239 18 748
25865 202540 20 729
25886 202625 18 740
25918 203128 29 725
25954 203734 33 735
25990 202870 31 735
26025 203440 31 750
26043 203381 16 711
26062 202688 16 718
26082 202680 17 734
26102 204219 18 761
26122 203673 17 772
26141 202341 17 753
26162 202743 18 711
26189 202964 25 743
26210 202191 17 753
26229 202552 17 748
26249 203348 18 764
26269 202988 17 744
26288 202818 17 765
26307 202619 17 735
26327 203450 17 761
26347 202334 17 764
26369 204012 20 741
26394 202539 22 751
26413 203547 17 754
26433 202591 17 769
26453 202539 17 735
26472 202747 16 726
26492 203466 18 772
26513 202856 19 749
26532 203151 17 754
26552 202746 17 739
26574 204056 20 784
26598 203249 22 748
26618 203603 17 755
26636 202088 16 726
26656 202941 17 754
26675 203881 17 767
26695 202874 17 740
26714 203099 17 753
26734 203262 17 730
26753 203438 17 757
26785 203710 29 770
26819 202691 30 724
26839 202402 18 720
26861 203093 20 725
26886 203387 21 729
26906 201914 18 715
26927 202953 18 754
26951 202849 20 747
26973 202462 20 748
26996 202851 21 771
27026 202494 24 763
27046 202673 17 750
27066 203228 17 772
27085 203626 17 756
27105 203617 17 766
27130 202689 22 769
27150 202986 16 726
27170 201620 18 737
27189 203056 17 742
27213 202823 21 742
27247 204072 29 800
27266 202647 17 746
27286 203260 17 776
27306 203179 17 750
27325 202519 16 731
27345 203699 17 756
27369 203633 22 753
27389 202798 17 750
27410 203449 17 745
27438 203524 25 753
27457 203446 17 738
27475 203046 16 702
27495 203211 17 754
27516 202875 18 735
27536 203692 17 751
27555 203209 16 736
27574 203022 17 765
27593 202302 17 733
27613 203693 17 748
27634 202767 19 760
27659 202438 22 728
27679 202668 17 745
27699 203993 18 788
27718 203252 16 717
27738 203233 17 753
27757 202624 17 751
27776 202930 17 735
27796 202738 18 772
27815 203463 16 725
27835 203116 17 713
27862 203823 24 785
27881 203509 17 759
27900 202895 16 732
27919 203058 17 760
27939 203248 17 777
27959 203172 17 761
27977 202010 16 737
27997 202640 17 746
28016 203066 17 764
28037 203196 18 803
28059 203012 19 747
28083 202521 22 762
28103 202767 17 757
28122 202949 17 726
28142 203253 17 760
28162 202771 17 734
28181 203204 17 736
28201 203080 18 786
28221 203508 17 762
28240 202839 17 735
28260 203301 17 745
28283 203835 21 777
28314 203433 22 735
28333 201505 17 739
28353 202811 17 740
28372 203204 17 730
28392 202992 17 727
28412 203024 18 763
28431 202487 17 749
28450 202382 16 730
28470 204583 18 788
28507 203913 33 769
28526 202727 17 740
28546 203441 17 761
28565 202804 17 743
28585 203753 17 761
28605 202902 17 756
28624 202662 17 739
28642 202417 15 692
28662 203503 17 770
28683 204307 19 745
28708 203528 22 730
28728 202701 17 752
28747 202922 17 757
28767 203762 18 768
28788 203025 17 767
28807 202874 17 764
28827 203014 17 748
28845 203287 16 723
28864 202222 17 748
28884 202534 17 769
28906 203016 19 778
28931 202301 22 780
28950 202649 17 744
28969 203944 17 749
28988 203490 16 736
29007 202817 16 729
29027 201914 17 747
29047 203521 17 753
29066 203382 17 748
29086 203250 17 773
29105 203201 17 748
29128 203781 20 774
29150 203845 19 743
29170 203600 17 743
29190 203316 18 798
29209 202669 17 760
29229 203916 17 760
29249 202777 17 753
29269 203813 18 774
29289 203088 18 757
29308 203663 16 723
29331 202321 21 759
29357 203560 21 783
29376 202972 17 755
29396 203653 17 744
29415 202621 17 736
29434 202731 17 755
29454 203060 17 748
29472 203155 16 740
29491 202554 16 738
29512 203163 18 746
29532 202736 17 744
29558 202961 22 756
29577 203321 16 725
29596 202668 17 768
29616 202978 17 745
29635 202895 17 745
29654 202745 17 746
29673 202573 16 734
29692 203033 17 743
29711 203295 16 742
29730 202411 17 748
29749 203203 16 749
29774 203360 22 769
29801 204644 23 777
29820 202982 17 731
29840 202403 17 753
29858 202753 16 714
29878 202990 17 770
29897 202667 17 764
29915 202520 16 719
29934 203222 16 734
29952 203387 16 730
29975 203858 20 774
29998 202469 21 702
30019 204243 18 795
30038 201997 17 752
30057 202155 16 735
30077 202433 17 761
30096 203503 16 715
30116 202334 17 750
30134 203387 16 723
30154 203285 17 752
30173 203495 17 774
30201 203241 25 761
30221 203329 18 773
30242 203862 18 795
30263 204435 18 800
30281 202527 16 727
30301 202260 17 751
30320 202242 16 720
30338 201909 16 707
30358 203783 17 770
30378 203396 18 777
30399 203177 18 743
30426 203266 24 768
30446 203906 17 771
30466 203992 17 782
30484 202055 16 714
30505 202327 18 753
30525 203019 17 762
30544 202504 17 732
30563 203238 16 729
30582 203232 16 718
30604 202584 19 746
30629 202422 23 733
30649 202079 17 734
30668 203703 17 735
30688 202547 17 747
30708 204278 18 802
30727 202057 16 717
30747 202801 17 737
30766 202594 17 762
30785 202720 16 733
30804 202837 16 729
30826 203100 19 759
30851 202411 23 728
30870 203010 17 753
30890 203438 17 763
30910 203316 18 766
30929 203351 17 747
30948 203594 16 741
30967 202058 16 715
30986 203137 16 733
31005 203811 17 737
31027 202790 19 749
31053 201569 23 722
31072 203006 17 739
31091 202002 16 722
31111 202812 17 762
31130 203531 17 719
31166 203577 33 769
31186 203122 17 760
31206 203749 18 761
31226 202084 17 747
31248 202809 20 748
31274 202232 23 705
31294 203197 17 752
31312 203125 16 715
31331 202304 17 755
31350 202566 16 744
31368 202382 15 701
31386 203103 16 718
31407 203414 18 782
31426 202883 17 740
31445 202046 16 727
31466 202401 19 742
31490 203650 21 736
31509 202230 17 748
31529 203216 17 761
31549 203205 17 772
31568 202873 17 763
31588 202566 17 754
31608 203097 17 764
31627 203021 16 736
31646 202434 17 772
31667 202507 18 718
31695 203085 24 765
31714 202378 17 748
31734 203585 18 773
31753 202264 17 736
31772 202416 16 737
31791 202377 16 737
31810 203423 17 761
31830 203266 18 766
31850 204026 17 771
31869 202697 16 721
31891 203625 20 785
31917 204075 21 759
31936 202758 17 747
31956 202923 17 773
31976 204658 18 792
31995 202552 16 730
32014 202238 16 742
32033 203404 16 727
32053 203185 17 745
32074 203453 18 787
32094 203615 17 770
32119 203364 23 724
32141 203028 18 783
32162 202782 17 770
32182 202734 18 753
32203 203005 19 762
32223 203085 17 750
32243 202989 17 782
32262 202880 16 722
32281 203052 16 742
32300 203408 17 756
32321 202610 18 723
32353 202960 28 734
32374 202716 18 769
32398 203314 22 751
32417 203398 17 761
32437 203922 17 758
32456 202160 16 731
32476 204082 18 785
32497 203365 18 783
32517 202910 18 734
32545 204078 25 792
32565 203354 17 752
32588 203111 21 773
32607 202548 16 735
32628 203405 18 741
32648 203240 17 759
32669 203265 18 775
32688 202981 17 743
32708 202611 17 759
32728 203859 17 773
32749 202569 19 741
32774 203341 23 726
32793 202457 16 720
32812 203283 16 735
32831 203255 17 772
32851 203577 17 765
32870 201404 16 718
32889 203463 16 733
32908 202304 17 741
32927 202844 16 742
32946 202746 17 743
32967 202313 19 740
32993 202323 22 757
33013 203281 17 752
33032 203775 16 732
33051 203466 17 770
33071 202939 17 749
33090 202353 16 724
33109 202469 17 742
33128 201783 16 742
33146 202391 16 722
33168 203111 19 783
33193 203569 22 768
33216 203001 20 753
33236 203408 17 763
33256 203699 18 782
33275 202683 17 739
33294 202881 16 727
33313 202437 16 727
33332 202964 16 730
33351 204358 17 751
33370 203850 17 757
33394 203373 22 730
33417 203533 17 740
33436 202746 17 749
33455 203489 17 761
33474 202716 16 741
33494 202886 17 757
33515 203368 18 758
33534 202947 17 725
33553 203138 17 740
33573 203413 17 773
33596 204193 20 730
33626 202460 25 730
33645 202812 17 746
33665 203574 17 753
33683 202397 16 703
33703 203257 18 758
33722 203065 17 733
33742 202766 17 735
33761 202060 17 728
33781 202240 17 757
33802 203694 18 752
33828 202475 22 746
33848 202661 17 776
33867 203032 17 744
33887 203311 17 765
33906 203505 17 756
33926 203508 17 766
33944 201761 15 686
33963 203948 17 771
33983 202708 17 770
34002 203186 16 724
34030 203155 25 763
34050 203422 17 747
34069 203150 17 752
34089 202789 17 755
34108 202281 17 744
34128 203483 17 761
34147 204026 17 731
34166 202843 16 724
34186 203215 18 764
34206 202668 17 734
34228 202209 20 721
34252 203757 22 769
34271 202974 16 725
34291 203982 18 790
34311 204577 17 770
34331 203051 17 769
34350 202679 17 751
34370 203796 17 774
34389 202531 16 746
34409 202993 17 758
34428 201655 16 736
34450 203519 20 760
34475 202970 23 782
34495 203292 17 760
34518 202531 20 732
34537 202134 17 749
34556 203110 17 760
34576 202955 17 771
34595 202066 16 732
34614 203310 17 747
34633 202824 17 760
34657 203527 21 780
34682 203545 21 769
34701 202750 16 710
34720 203839 17 745
34740 203727 17 756
34761 203766 18 754
34781 204033 17 719
34799 202390 16 722
34819 203418 17 745
34838 203697 17 738
34858 202565 17 750
34881 202345 20 717
34904 201914 18 721
34922 203395 16 709
34941 202030 17 736
34959 201301 16 708
34979 203376 17 744
34998 202752 17 761
35017 202843 17 753
35036 202230 16 736
35055 202581 17 750
35075 203137 17 738
35104 202267 26 755
35126 204807 19 755
35144 202793 16 721
35163 202484 17 750
35183 202475 17 747
35202 203100 17 762
35222 204266 17 751
35241 203131 17 757
35260 202590 16 735
35280 201715 18 759
35307 203149 24 763
35346 203775 31 749
35365 202169 17 749
35386 203636 18 773
35409 201777 20 716
35429 203874 17 730
35448 202302 16 717
35467 202738 16 726
35486 203533 17 761
35506 202420 17 751
35527 202728 19 733
35554 203354 24 742
35573 202865 17 735
35594 203300 18 773
35614 203917 18 775
35634 202672 17 745
35653 203297 17 758
35673 203482 17 731
35693 202981 18 778
35715 204001 19 728
35735 203368 17 770
35759 202826 21 725
35781 202019 19 740
35801 204073 17 753
35822 202678 18 780
35842 202476 17 717
35862 203723 18 774
35882 203259 18 740
35903 204232 17 763
35922 203233 17 749
35942 203279 17 763
35964 203399 20 770
35990 203026 23 727
36009 203546 16 734
36029 203165 17 745
36048 203959 17 758
36069 203940 18 785
36088 202882 17 753
36108 203480 17 737
36127 202574 17 746
36146 203355 16 736
36168 202398 19 769
36195 202826 24 757
36214 203371 17 744
36233 203736 16 735
36252 201640 17 728
36272 202681 17 727
36292 202041 17 761
36312 202899 17 759
36331 203374 17 761
36351 202191 17 739
36371 203875 17 755
36404 202724 30 758
36426 203007 18 751
36445 203474 17 747
36465 203549 17 729
36484 202975 17 737
36504 203983 18 748
36524 202774 17 739
36544 202996 17 760
36563 203767 17 759
36585 202727 19 747
36611 203543 23 762
36630 202446 16 727
36650 203680 17 782
36669 202187 17 723
36688 202791 17 746
36708 202476 17 728
36728 203141 17 756
36747 203110 17 755
36767 202607 17 751
36787 203065 17 749
36807 201752 18 712
36834 203746 25 732
36855 203743 18 796
36875 202141 17 748
36895 203170 17 755
36914 203166 16 728
36933 202143 16 717
36952 201993 16 695
36971 202955 17 736
36992 202707 18 740
37011 202750 17 741
37033 202140 20 745
37059 203738 21 758
37078 203107 17 731
37097 203619 16 722
37116 202410 17 727
37136 202416 17 747
37156 202956 18 759
37175 202651 17 734
37195 203548 17 754
37214 202587 17 743
37234 203903 17 771
37264 204035 27 812
37283 202921 16 719
37302 203135 17 734
37321 202867 17 745
37341 203662 17 753
37360 203148 16 722
37380 203237 17 754
37402 202314 19 769
37422 204095 18 777
37442 203156 17 743
37464 203341 19 751
37491 202734 25 775
37512 203368 18 775
37531 202313 17 739
37550 203248 16 735
37569 201894 17 726
37588 202945 17 736
37609 203786 18 771
37627 202848 16 720
37646 202942 17 752
37669 203229 21 747
37704 203484 31 730
37723 203752 17 731
37742 202750 17 731
37762 202938 17 727
37780 202806 16 721
37800 202413 17 733
37820 202564 17 766
37839 202995 17 739
37859 202922 17 773
37879 203234 17 758
37904 203066 22 717
37925 202615 18 734
37944 202090 16 715
37964 202939 17 746
37983 203755 17 743
38002 203034 17 751
38022 202663 17 759
38042 204103 18 785
38061 202638 17 752
38080 203599 17 746
38107 202522 24 724
38128 203391 17 728
38147 202700 17 759
38167 202432 17 765
38186 202476 17 742
38206 202805 17 758
38226 202689 17 744
38245 203147 17 752
38265 203388 17 745
38285 202838 17 757
38307 203432 20 740
38332 202268 22 728
38352 203385 17 751
38372 203402 18 777
38391 204051 17 745
38411 203094 17 764
38431 203696 17 765
38450 203024 16 711
38470 203118 17 727
38492 204121 19 770
38519 202895 25 748
38548 202779 24 734
38574 202713 23 751
38595 202940 19 790
38615 203658 18 772
38634 203181 17 736
38653 202671 16 727
38672 202123 16 723
38690 202658 16 708
38709 203825 16 747
38730 203578 19 764
38753 201956 20 717
38773 203890 17 773
38793 203272 17 763
38812 203910 17 742
38832 203875 17 771
38851 202909 17 758
38870 203240 17 748
38890 203994 17 771
38909 202317 17 727
38929 202922 17 743
38956 202941 24 741
38985 203532 23 781
39006 203283 18 785
39026 203456 17 730
39045 202557 17 732
39064 202549 17 736
39083 202982 16 751
39102 202899 16 730
39121 203982 17 753
39140 203085 17 749
39166 201761 24 749
39186 202073 17 744
39206 203454 18 781
39226 203154 17 751
39245 202957 17 762
39265 203193 17 749
39284 203341 17 754
39303 202553 17 742
39322 203050 17 740
39342 203264 17 750
39364 203875 19 772
39388 203371 21 735
39413 203016 23 746
39433 202743 17 745
39453 203512 17 745
39472 203077 16 729
39491 202500 17 751
39513 202822 19 723
39536 203422 20 746
39556 202307 17 711
39580 203807 20 780
39609 203179 26 718
39631 203315 20 782
39652 202657 18 746
39672 202269 18 748
39693 202759 18 746
39713 203594 17 743
39734 202569 18 738
39754 203212 18 765
39776 203321 19 750
39796 202780 17 745
39830 202903 30 730
39852 203277 18 748
39879 203291 24 731
39901 202654 19 744
39922 202484 18 738
39944 202517 19 756
39967 203416 20 752
39988 204039 19 741
40013 203114 22 795
40039 203405 22 752
40063 203618 21 764
40082 202718 17 737
40101 203183 16 701
40121 203611 17 769
40141 202607 18 778
40161 203223 17 776
40181 202950 17 764
40200 201712 17 740
40220 203557 17 739
40246 202057 23 718
40270 203132 20 747
40290 203080 17 752
40309 202682 17 736
40329 203809 17 766
40348 202707 16 713
40368 203046 17 764
40388 203152 17 770
40407 202663 17 751
40429 203280 18 750
40455 202849 24 729
40476 202987 18 794
40496 203792 18 785
40516 203509 18 759
40535 203617 17 743
40555 203040 17 760
40575 202731 18 760
40595 203439 17 751
40614 202065 16 715
40633 202504 16 732
40655 202856 20 774
40680 203434 20 718
40699 202812 17 737
40718 203928 17 764
40738 203189 17 760
40759 203883 19 819
40779 203177 17 775
40798 202068 16 717
40817 203330 16 739
40835 203223 16 723
40857 203771 19 765
40883 203355 23 753
40903 203304 18 761
40922 202847 16 728
40940 201619 16 728
40960 203841 17 769
40980 203147 17 749
40998 202809 16 711
41017 203074 16 735
41036 203246 17 742
41055 203271 16 723
41076 202906 19 722
41100 203155 22 723
41120 202397 17 740
41140 202986 18 758
41160 203094 17 726
41180 202806 17 737
41200 203037 18 759
41219 203121 16 731
41239 203537 18 756
41259 203296 18 764
41281 202909 19 745
41306 203058 22 730
41326 203269 18 795
41345 203481 16 723
41365 203324 17 746
41385 202389 17 745
41405 203624 18 757
41426 204329 17 771
41445 203686 17 747
41464 203084 17 764
41484 202593 17 767
41514 203155 26 757
41536 202621 18 752
41556 203803 17 755
41576 203609 18 745
41596 203108 17 741
41616 202881 17 739
41637 203038 18 766
41656 202919 17 750
41677 204072 18 781
41696 202158 17 734
41718 201830 20 733
41742 203396 21 735
41761 202971 17 751
41781 202443 17 757
41801 203588 17 771
41820 202219 17 716
41839 201384 17 729
41859 202763 17 742
41878 202911 17 748
41901 203716 20 775
41924 202950 21 746
41948 202467 19 724
41967 203611 17 752
41986 202194 17 735
42006 201827 17 741
42025 202545 16 731
42045 203941 17 767
42064 202741 16 736
42085 203249 18 785
42105 203398 18 774
42127 203460 19 766
42151 203218 22 775
42171 204189 17 755
42191 203915 18 791
42210 202320 16 726
42229 203145 16 713
42247 202704 16 714
42267 203059 17 757
42286 203374 17 742
42305 202305 17 738
42325 202328 17 741
42350 203003 23 773
42371 202179 17 739
42390 203083 17 753
42409 203617 16 745
42430 202411 18 751
42450 202469 17 760
42469 203122 16 736
42489 203929 17 761
42508 202805 17 749
42527 202617 17 754
42546 203236 16 737
42571 203484 22 751
42592 203041 17 752
42611 202583 17 731
42631 203263 17 756
42650 202881 17 745
42670 203736 17 757
42689 203045 17 773
42709 203813 18 784
42730 203478 18 792
42751 202843 19 814
42777 202400 23 740
42808 203364 27 772
42828 202845 17 754
42848 202934 17 744
42866 202385 16 710
42885 202945 16 724
42905 202658 17 741
42924 204061 17 754
42943 202037 16 718
42961 201040 16 716
42984 203214 21 764
43010 201601 23 731
43057 203671 17 760
43077 202639 17 749
43096 202970 17 745
43116 202428 17 758
43136 203219 17 738
43156 203061 17 758
43174 202385 16 721
43195 202416 19 707
43220 203276 22 745
43239 202993 17 734
43258 204216 17 754
43277 202772 17 750
43298 203526 18 764
43318 203150 17 759
43338 203279 18 766
43358 202996 17 758
43377 202490 17 735
43397 203508 18 769
43419 203464 19 749
43445 202370 24 739
43464 203054 17 755
43483 203231 17 753
43502 202785 16 717
43521 202045 17 754
43540 203140 16 732
43559 203518 16 733
43577 202427 16 742
43596 202278 16 718
43615 203566 17 756
43637 203605 19 775
43663 203511 23 776
43683 202649 18 741
43702 203135 16 732
43722 203143 17 760
43741 201955 17 733
43760 202512 17 743
43781 202269 18 767
43801 203372 18 765
43822 203734 18 761
43844 202891 20 735
43871 203259 24 787
43891 203409 17 758
43911 202822 17 729
43931 204226 18 749
43951 202299 17 742
43971 203099 17 773
43991 203201 17 743
44011 203628 18 782
44031 203495 17 758
44050 203049 17 736
44079 204260 26 757
44100 202942 17 751
44120 202453 17 757
44141 203452 18 770
44160 202947 17 736
44179 202833 17 744
44198 202738 17 733
44219 202871 18 759
44239 203270 17 752
44261 202505 20 752
44285 202630 22 728
44305 202911 17 740
44325 203376 17 769
44344 203254 16 736
44364 203068 18 784
44385 202191 18 742
44405 203818 18 771
44425 202547 17 753
44445 202134 17 742
44464 203433 17 770
44486 203498 20 744
44510 202968 19 743
44530 203118 17 771
44552 203723 18 764
44572 203155 17 758
44591 202818 17 741
44611 202151 17 734
44630 203665 17 771
44651 202498 18 748
44673 203176 20 772
44695 203534 19 747
44722 203261 24 753
44741 202987 17 730
44761 202782 17 761
44780 202767 17 759
44801 203582 18 756
44820 202809 17 743
44839 203464 17 751
44858 201900 16 738
44878 203937 17 752
44899 203373 19 750
44923 202674 21 722
44944 202394 17 750
44963 202492 17 736
44982 202848 17 736
45001 202878 16 710
45020 203216 17 743
45039 203405 16 727
45058 202115 16 705
45076 202298 16 719
45095 202819 17 757
45116 202733 18 741
45142 202796 23 742
45162 202706 17 716
45181 202842 16 736
45201 201733 17 748
45222 202963 19 751
45242 203588 17 747
45263 203980 18 770
45282 203132 17 757
45301 202951 17 730
45322 203738 18 763
45355 202374 29 740
45375 203383 17 788
45395 203386 17 739
45415 202816 17 779
45436 202702 18 749
45458 203587 19 767
45477 202047 17 717
45496 201244 16 730
45515 203717 17 745
45537 202178 19 717
45561 202449 21 708
45580 203633 16 732
45599 202247 16 740
45618 202332 17 746
45638 202888 17 762
45657 202469 17 761
45677 202801 17 746
45697 203394 17 768
45716 202658 16 729
45735 204070 17 776
45759 203258 21 786
45787 203277 25 771
45806 203481 17 729
45826 203356 17 761
45844 203274 16 736
45864 202372 17 774
45882 203445 16 725
45902 204056 17 755
45921 203597 17 753
45940 203341 17 765
45963 203142 21 753
45986 202503 20 756
46012 202520 24 744
46031 202894 17 753
46050 203086 16 748
46069 203360 16 736
46090 203122 18 790
46110 201497 18 690
46132 203296 19 775
46152 202682 17 746
46173 203171 19 776
46197 202924 22 764
46221 203218 22 740
46240 201907 16 707
46260 202971 17 775
46279 203463 17 749
46298 202350 16 726
46317 203288 17 770
46337 204249 17 782
46356 203142 17 770
46375 202593 16 720
46396 202968 18 760
46417 203363 19 766
46442 203640 22 745
46461 202687 16 730
46480 202420 17 769
46500 203258 17 750
46519 203685 16 740
46537 203919 16 734
46557 203098 17 765
46576 202027 17 769
46596 203568 17 760
46616 201764 18 714
46650 202992 31 737
46670 203237 17 737
46689 203654 17 756
46709 203854 17 745
46728 202268 17 768
46748 203933 18 784
46768 203941 17 739
46787 203078 17 749
46807 203231 17 760
46826 203490 17 753
46852 202846 23 752
46873 203724 18 753
46891 202351 16 717
46911 202406 17 736
46930 203222 16 726
46949 202627 17 744
46969 202880 17 748
46988 202529 17 740
47007 203162 17 752
47026 203082 17 741
47046 202564 18 740
47070 203100 21 767
47094 202847 19 753
47113 203018 17 742
47132 202479 17 717
47152 203609 17 751
47171 203537 17 750
47192 202784 17 755
47212 203284 17 754
47232 203025 17 756
47251 202669 17 741
47272 203514 19 767
47299 203440 23 728
47319 202723 17 759
47338 202819 16 723
47357 202837 16 730
47376 203567 17 739
47396 202216 17 737
47414 203328 16 711
47436 202258 19 737
47455 203641 17 744
47475 202846 17 740
47498 202043 20 717
47526 203003 25 737
47547 202927 19 814
47573 203467 22 770
47593 204221 17 735
47613 202549 17 771
47632 202637 17 737
47652 203277 17 755
47671 203297 17 739
47691 203248 18 746
47717 203261 22 755
47737 202074 18 724
47759 202525 18 737
47778 203363 16 731
47802 203751 21 790
47822 203049 17 754
47840 203243 16 722
47859 202991 16 731
47878 202703 16 746
47896 202213 16 732
47918 202415 19 731
47948 203906 27 768
47968 202012 17 723
47987 203319 17 750
48007 202309 17 735
48027 203802 17 758
48046 203482 16 740
48065 203170 17 752
48084 202716 17 751
48103 203164 16 727
48121 202802 16 725
48144 202261 21 730
48168 204078 19 746
48187 203673 17 759
48207 203017 18 746
48227 202598 17 730
48246 203482 17 751
48265 203704 16 729
48284 202980 17 753
48304 202953 17 756
48324 202413 18 758
48347 202660 20 749
48372 203541 20 760
48392 202481 17 722
48411 202759 17 718
48431 203493 17 759
48452 203060 19 753
48471 202276 16 724
48490 202273 16 727
48509 203160 16 735
48528 202873 16 748
48550 202638 20 750
48575 202951 22 757
48595 203624 17 778
48616 202892 18 734
48638 202481 20 750
48657 203513 17 762
48677 202497 17 755
48697 203352 17 774
48717 202319 17 727
48736 202201 16 731
48757 203344 19 767
48781 202866 21 720
48801 203250 17 759
48821 203387 17 766
48840 203543 17 732
48859 201822 16 724
48878 203296 16 752
48896 202632 16 726
48915 203058 17 755
48933 202809 16 714
48953 202412 17 766
48971 202941 16 699
48997 203917 22 765
49017 203411 17 761
49036 202218 17 740
49055 202972 17 755
49075 202686 17 767
49094 202947 17 748
49113 202917 16 753
49132 202926 17 763
49153 203194 18 736
49172 202925 17 747
49195 203336 21 755
49225 203714 27 758
49245 202805 17 746
49264 203194 17 759
49284 203818 17 774
49303 202563 16 732
49321 202794 16 735
49340 202586 17 755
49359 203835 16 734
49379 203209 17 756
49400 203141 19 743
49426 201815 22 754
49445 202075 17 742
49464 203230 17 766
49483 202870 16 745
49502 202511 17 735
49521 203662 17 757
49542 204108 17 781
49562 203837 18 791
49580 202306 15 703
49598 203325 16 724
49621 203088 20 767
49647 203247 23 741
49666 203412 17 758
49686 203032 18 746
49705 202481 16 726
49725 203191 17 760
49743 202015 16 700
49762 202808 16 722
49781 202059 17 739
49801 203110 17 758
49821 202595 18 732
49846 201871 21 726
49865 203001 17 756
49885 203930 17 769
49905 202968 17 772
49924 203404 16 731
49943 203852 17 741
49963 203048 17 785
49982 202732 17 768
50001 202500 16 720
50020 203784 17 747
50046 203541 24 754
50067 201772 18 706
50086 202744 17 737
50106 203734 17 747
50125 201857 17 732
50144 203351 17 763
50163 202558 16 715
50183 202530 17 731
50202 203986 17 771
50222 202689 17 707
50243 203823 18 766
50269 203097 22 731
50289 202949 17 743
50309 202587 17 752
50328 202448 16 734
50347 203512 17 760
50366 204068 17 761
50385 202244 16 748
50405 202723 17 725
50425 203745 17 785
50443 202464 16 727
50465 203199 19 749
50493 203365 25 745
50511 202315 16 717
50530 201893 16 713
50550 203815 18 795
50569 202743 17 756
50590 203603 18 777
50610 202163 17 741
50629 203149 17 752
50648 203379 17 760
50667 203436 16 747
50693 203888 23 769
50716 203516 19 755
50735 202566 17 747
50753 202716 16 711
50773 202930 17 762
50793 202404 17 752
50812 202024 16 742
50831 203331 17 763
50850 202297 16 739
50869 203222 17 775
50889 203390 17 773
50915 203411 23 750
50935 203413 16 739
50954 201974 17 760
50973 202417 16 734
50992 202347 16 729
51011 203050 17 748
51031 202789 17 754
51050 202829 17 742
51070 202588 18 766
51089 203035 16 718
51113 202970 21 721
51137 204872 19 755
51157 203251 17 770
51176 203227 17 759
51195 204072 17 767
51216 203177 18 782
51235 202000 16 726
51254 203336 17 748
51275 202984 18 767
51294 201945 16 716
51314 202992 17 757
51340 202760 22 747
51360 203466 17 749
51379 202969 16 750
51399 203158 18 747
51419 204560 17 774
51437 202713 16 713
51456 203259 16 731
51476 203869 17 772
51495 202574 17 738
51515 203136 17 741
51538 203324 20 762
51562 202628 22 743
51582 202756 17 760
51602 203197 18 778
51622 203496 17 776
51643 202620 18 747
51662 203050 17 740
51682 203301 17 759
51701 203303 17 751
51721 203325 17 736
51741 204016 17 756
51774 203900 30 791
51794 202284 17 715
51815 203686 18 762
51835 204578 18 782
51855 203136 17 773
51875 202766 16 745
51894 203202 17 757
51913 203582 17 744
51932 202559 16 743
51951 202878 17 749
51974 202375 21 748
51999 203432 20 784
52018 202996 17 758
52037 203046 16 732
52056 202307 17 742
52076 203215 18 768
52095 202263 16 721
52114 202537 17 739
52133 201521 17 762
52153 202948 17 773
52175 203957 19 752
52201 203427 22 743
52220 202706 17 752
52240 202832 17 736
52259 203200 17 739
52278 202635 17 734
52297 204097 17 751
52317 203036 18 747
52337 203335 17 752
52357 202229 17 747
52377 203545 18 765
52401 203460 21 731
52423 202571 17 732
52442 202247 16 731
52461 202726 17 751
52481 203098 17 750
52500 203266 17 740
52519 203887 17 746
52538 203815 17 762
52558 204411 17 769
52578 202696 18 781
52599 202705 18 734
52626 202289 23 722
52645 203748 17 752
52665 202997 17 777
52684 203051 17 763
52703 202785 17 766
52722 202763 16 716
52741 203548 17 749
52759 202607 16 707
52779 203673 17 747
52799 202388 18 780
52821 202286 19 745
52848 203225 25 734
52867 202979 16 733
52886 203195 16 720
52906 202842 17 753
52926 203733 18 773
52946 203175 17 755
52965 203297 17 755
52984 203805 17 747
53004 203661 17 766
53025 201761 18 751
53052 201854 24 771
53070 203646 16 704
53090 203385 17 747
53110 202218 18 767
53130 202623 17 759
53150 203856 17 769
53168 203153 16 719
53188 203351 17 754
53207 202859 17 747
53227 202765 17 749
53252 202411 22 720
53281 202177 25 736
53300 202720 16 728
53319 202800 17 735
53338 201871 16 715
53358 202824 17 756
53378 203059 17 747
53398 202953 18 738
53417 203168 17 734
53437 203639 17 772
53457 203389 17 750
53483 203918 23 774
53503 202563 17 764
53522 202737 17 740
53541 202392 17 749
53560 202911 17 739
53579 202655 16 725
53598 203844 17 754
53617 203384 17 760
53636 203512 17 751
53655 202241 16 735
53679 202915 21 741
53701 202846 17 724
53720 201794 17 749
53739 203835 17 739
53757 202814 16 724
53776 202875 16 721
53795 203694 16 717
53814 202796 16 732
53832 202777 16 729
53852 203741 17 759
53871 202529 17 743
53893 203051 19 770
53918 203601 21 765
53937 202497 17 729
53957 203003 17 758
53976 203266 16 719
53996 202348 17 760
54016 202442 17 765
54036 204084 18 791
54056 202910 18 784
54076 203701 17 765
54094 202978 16 749
54121 204163 24 739
54141 203675 16 754
54160 202852 16 749
54180 202527 18 750
54199 203021 17 771
54219 203770 17 740
54238 202185 17 740
54258 202381 17 769
54277 203255 17 756
54296 203588 16 735
54318 203549 20 781
54344 202784 22 764
54364 203644 18 740
54385 203539 18 762
54405 202726 18 766
54426 203649 18 775
54446 202946 18 768
54466 203400 17 725
54485 202993 17 763
54504 202305 16 725
54525 203134 18 720
54555 202852 27 730
54574 203561 17 750
54593 203011 16 734
54611 201641 16 703
54630 202823 17 746
54649 202841 16 722
54667 201674 15 696
54686 203656 17 764
54706 203154 17 747
54725 203253 17 743
54748 203583 20 795
54772 203818 22 782
54791 203998 17 754
54810 202546 16 721
54829 202037 16 739
54847 202374 16 715
54866 203159 16 737
54885 202564 16 735
54904 203259 16 739
54923 204087 16 727
54942 202707 17 735
54969 201637 23 695
54988 202880 17 722
55008 202944 18 769
55029 202639 18 776
55048 203342 17 766
55067 202451 16 737
55087 203031 17 763
55107 202657 18 774
55126 203262 16 730
55145 203721 17 753
55168 203255 20 754
55197 202411 26 771
55216 202024 16 726
55241 202486 22 761
55261 202563 17 750
55280 203180 17 762
55302 202898 17 751
55321 203725 16 736
55340 202243 17 750
55360 203123 17 771
55387 203122 24 731
55407 202722 18 731
55430 202984 20 749
55449 203112 16 730
55468 203509 17 746
55489 204213 19 781
55509 203931 18 768
55529 202966 17 740
55548 202462 17 750
55567 202430 16 742
55589 202717 19 749
55615 203749 23 788
55633 202919 16 723
55653 202265 17 758
55673 202692 17 759
55692 203113 17 744
55711 203696 17 733
55731 202750 17 772
55752 203045 18 785
55771 203211 17 779
55793 203878 19 748
55819 202765 23 759
55838 203386 17 730
55858 203709 17 749
55876 202798 16 725
55895 202536 16 718
55915 202250 17 765
55933 203014 16 713
55953 203341 17 755
55972 202060 17 741
55991 203188 17 750
56014 203209 20 786
56045 203677 28 762
56065 202207 17 758
56085 202121 17 753
56104 202259 16 731
56122 202969 16 732
56142 203301 17 771
56161 203628 16 730
56180 203229 17 740
56199 203010 17 736
56220 203146 19 775
56246 203691 22 778
56265 202439 16 725
56285 202577 17 749
56304 203790 16 750
56323 202469 17 752
56343 203898 17 761
56363 203592 17 770
56384 203094 18 760
56404 203220 18 761
56424 203162 17 755
56452 202853 24 752
56472 202473 17 756
56492 202993 17 767
56511 202975 17 712
56530 202806 16 716
56551 203594 18 751
56570 202020 17 714
56591 203168 18 756
56610 202693 17 736
56630 202237 17 753
56651 201192 19 727
56677 203505 23 792
56697 202042 17 760
56716 202438 17 738
56736 203231 17 759
56756 203379 17 760
56776 203980 17 751
56794 202935 16 730
56814 203232 17 763
56833 202893 16 727
56854 203415 18 739
56878 204095 22 750
56898 203301 17 753
56918 202499 17 764
56937 203200 17 762
56957 203879 17 761
56976 203299 17 758
56996 203475 17 738
57015 202983 17 747
57035 204125 17 762
57053 203842 16 709
57078 203111 23 753
57106 202441 19 728
57126 203324 17 743
57146 203152 17 733
57165 202511 17 744
57186 203760 18 759
57205 202679 17 759
57225 202974 17 768
57245 202892 17 781
57265 202801 17 766
57286 202431 18 764
57315 204045 25 754
57334 203688 17 749
57354 202419 17 733
57373 202554 17 742
57393 201938 17 738
57412 203024 17 753
57431 203585 17 730
57450 203113 17 748
57470 202802 17 754
57489 202931 17 727
57516 202415 24 728
57540 203517 21 759
57560 202269 17 744
57580 203507 17 750
57599 203078 17 769
57620 203432 19 783
57641 203808 18 759
57660 202967 17 722
57679 202301 16 736
57698 203382 16 719
57727 203942 26 767
57752 202285 19 750
57772 203245 17 749
57792 203138 17 743
57813 202699 19 770
57832 202841 17 744
57852 202835 17 776
57872 204010 17 766
57892 203173 17 772
57910 201856 16 715
57934 202908 22 733
57964 203035 27 752
57983 203304 16 735
58002 202656 17 733
58021 203760 17 747
58040 202568 16 733
58060 201946 17 745
58078 202831 16 709
58099 203523 18 775
58120 202908 18 709
58143 203311 20 743
58167 202141 20 731
58187 203731 17 756
58207 202707 18 750
58228 202503 18 727
58248 202649 17 742
58268 203939 18 788
58287 202283 17 744
58306 203441 17 744
58326 203021 17 742
58345 203904 16 730
58368 203258 21 748
58391 202611 18 758
58411 203911 18 783
58431 203296 17 765
58449 203226 16 706
58469 203696 17 766
58488 203417 17 762
58507 202296 17 759
58526 202398 16 737
58546 202860 17 751
58568 202438 20 730
58604 203465 32 773
58623 201892 17 731
58642 202909 17 724
58662 203923 17 744
58682 203158 17 760
58700 202642 16 726
58721 201874 18 708
58742 202742 18 749
58761 202023 16 725
58783 202250 20 767
58816 203819 28 739
58835 202872 17 764
58854 202271 16 722
58874 203982 17 774
58894 202926 17 730
58915 203367 19 743
58936 204300 18 760
58955 203108 16 726
58976 202916 19 750
58999 202798 20 744
59024 202424 21 742
59044 203440 17 745
59068 203935 21 775
59088 202830 18 725
59107 202950 16 737
59126 202838 16 712
59145 202858 17 761
59164 202832 16 738
59184 203058 18 715
59205 203176 18 761
59232 201498 23 745
59252 202892 18 770
59271 202787 17 722
59291 203081 16 730
59311 203462 18 772
59330 202685 17 749
59349 202926 17 733
59368 202053 16 723
59387 203150 17 725
59407 202440 17 713
59435 203914 26 762
59458 203402 19 747
59477 203414 17 746
59497 202818 17 750
59517 203570 17 771
59536 201850 16 727
59556 203626 18 766
59575 202502 16 729
59594 203526 17 739
59614 202740 17 758
59636 201530 20 728
59660 203029 18 743
59679 202299 17 727
59698 202205 17 738
59717 201876 16 736
59736 203188 17 738
59756 203372 17 755
59774 202815 16 725
59793 203472 16 734
59813 202601 17 763
59833 203246 18 770
59870 202707 34 732
59890 202858 18 765
59910 202773 17 752
59930 202437 17 744
59949 202193 17 712
59971 203221 19 760
59991 202561 17 739
60010 202642 17 716
60029 202182 16 741
60052 203281 21 748
60080 202995 24 746
60100 202368 17 730
60119 202911 17 752
60142 203198 20 767
60161 202849 17 746
60182 203323 18 758
60202 203059 17 755
60220 202103 16 717
60239 203049 17 748
60260 203166 18 756
60285 203155 22 719
60305 202687 17 745
60324 202587 17 745
60345 203437 18 791
60365 203639 17 784
60383 203184 16 737
60403 202463 17 765
60423 202471 17 752
60441 202188 16 722
60461 202724 17 759
60483 202514 20 754
60513 203458 27 803
60533 203015 17 750
60552 203694 17 766
60572 203655 17 745
60591 202950 17 748
60611 203383 17 748
60629 202884 16 721
60648 203091 16 727
60665 201505 15 685
60686 204223 18 754
60708 203070 18 736
60732 203244 20 747
60752 202960 17 773
60771 202837 17 732
60791 203366 17 752
60810 202532 17 736
60829 203771 16 719
60849 203834 18 778
60872 202781 21 772
60897 203184 21 765
60923 204246 24 766
60943 203328 17 744
60963 203590 18 797
60982 202499 16 702
61001 202794 17 750
61020 203181 16 727
61039 202524 17 735
61059 202893 17 749
61079 204429 17 791
61100 201809 19 756
61123 203263 20 739
61150 203642 23 771
61170 203522 18 787
61191 203011 18 775
61210 202329 17 748
61231 203251 17 778
61250 202804 17 755
61270 203390 17 767
61290 202648 18 770
61309 202589 16 740
61336 202414 24 753
61361 203053 20 747
61380 203374 16 727
61403 202840 20 753
61425 203547 20 773
61444 202899 17 744
61464 203532 17 774
61483 201985 17 729
61502 203346 17 714
61522 203194 17 742
61544 203332 20 732
61569 203193 23 768
61589 203441 17 741
61612 203344 20 757
61633 203457 19 774
61653 203251 17 756
61672 202719 16 722
61690 203239 16 728
61710 202267 18 724
61730 203816 17 759
61751 203327 19 793
61777 202783 22 751
61798 203564 17 755
61817 202133 16 735
61836 203747 17 760
61859 202256 20 727
61879 203462 17 744
61899 203172 18 781
61918 202477 16 738
61937 203289 17 741
61958 202863 19 733
61985 202629 23 763
62004 203349 17 749
62023 202912 16 726
62042 203646 17 743
62061 202605 16 720
62080 203869 17 751
62099 202938 17 750
62119 203367 17 746
62139 203291 17 743
62158 203254 17 742
62180 202161 19 738
62204 202414 22 727
62223 201790 16 712
62242 202719 16 740
62261 203116 16 740
62280 202802 17 732
62299 202837 16 737
62318 202890 17 735
62337 202991 17 755
62356 203570 17 732
62376 202707 17 749
62400 203371 21 766
62424 203350 22 749
62443 202868 16 732
62462 202658 16 743
62481 203403 16 741
62500 202808 16 731
62519 203534 17 755
62538 202420 16 715
62557 202992 16 737
62577 202555 17 786
62596 203731 17 735
62629 202330 29 731
62651 203048 19 737
62676 202843 22 746
62696 201865 17 705
62716 204430 18 789
62735 203537 16 715
62754 202883 17 746
62774 203438 17 754
62794 203707 17 748
62819 202879 22 717
62852 203205 30 771
62873 202831 18 744
62897 201492 21 687
62918 203324 18 751
62955 203671 25 738
62975 202656 17 731
62996 203301 19 795
63019 203005 20 756
63049 201984 24 741
63069 203022 17 739
63090 202566 18 764
63110 203748 18 767
63131 203077 18 757
63150 203461 17 750
63170 203384 17 756
63190 202520 17 759
63210 202996 17 739
63233 203145 21 740
63262 202156 26 716
63282 203701 17 745
63302 201979 17 739
63325 203920 21 813
63346 203380 18 744
63367 203322 19 765
63386 202153 17 736
63407 203120 18 771
63426 203496 16 731
63446 203986 17 770
63468 202996 19 745
63495 202431 23 754
63514 202691 17 763
63535 203046 19 755
63555 203384 17 761
63574 203158 17 729
63594 203522 17 736
63614 203936 18 754
63634 203365 17 766
63654 203283 18 736
63681 202260 24 744
63703 203191 18 743
63722 202264 17 746
63741 202351 17 732
63762 202852 18 788
63782 203219 17 772
63801 202527 16 719
63820 202682 17 738
63839 202954 17 761
63859 202912 17 759
63878 203580 17 758
63910 203439 29 749
63930 202595 17 743
63950 201975 17 743
63970 203529 18 772
63994 202834 22 760
64014 203302 17 762
64033 202338 16 735
64056 202836 20 743
64075 202172 17 732
64094 201529 16 726
64125 203186 29 767
64156 204516 27 740
64180 203152 21 723
64207 203154 25 717
64227 203457 17 745
64247 202670 17 746
64267 204003 17 767
64286 201836 16 721
64304 203293 16 742
64325 201232 18 711
64350 203478 23 758
64369 203061 17 755
64389 203183 17 750
64408 203240 16 732
64428 203485 17 743
64446 201994 16 723
64465 202620 17 739
64484 203074 16 740
64504 203227 17 771
64523 203291 16 725
64545 203871 20 746
64572 202935 25 718
64593 203870 18 761
64612 203097 17 724
64631 203599 16 737
64650 203498 17 749
64670 203361 17 757
64690 202859 17 747
64709 202688 17 741
64729 203251 17 755
64752 203420 21 744
64776 203144 19 724
64796 202461 17 753
64815 203367 17 743
64834 203431 17 740
64854 203100 17 756
64872 202466 16 726
64892 203380 17 775
64911 203370 16 730
64930 201987 16 742
64948 202461 16 738
64972 202731 21 783
64997 203264 22 732
65017 203852 17 764
65036 202380 17 758
65054 202377 16 711
65073 203930 16 722
65092 202618 17 772
65111 203193 16 737
65130 202651 16 735
65149 202886 16 731
65172 201876 20 764
65199 202646 23 742
65219 202980 17 753
65239 203941 18 726
65259 202113 17 727
65278 202835 17 734
65297 203068 17 738
65316 203276 16 733
65336 203571 17 759
65355 202686 16 718
65374 202572 17 739
65404 202752 26 745
65433 203592 23 754
65453 202717 17 756
65475 202361 20 753
65497 202917 18 748
65519 202510 18 743
65540 203267 18 757
65559 202865 16 718
65579 202744 17 721
65611 204108 30 745
65630 202931 16 715
65650 201852 18 734
65670 202722 17 773
65689 202320 16 729
65709 202188 17 761
65729 202660 17 759
65749 202497 18 759
65769 203069 17 743
65789 202468 18 757
65812 202226 20 756
65838 203614 24 752
65858 202693 17 749
65878 204124 17 767
65897 204222 17 733
65917 202602 17 757
65936 202741 17 756
65955 202525 16 737
65974 203458 17 751
65995 204376 19 773
66023 202970 25 755
66044 203518 17 731
66064 203463 18 767
66084 203255 17 763
66104 202883 17 760
66122 202260 16 717
66140 202275 16 721
66159 203123 16 729
66180 204400 18 774
66213 202376 17 753
66234 203341 18 749
66258 202767 22 747
66278 202926 17 746
66297 203882 17 739
66317 203628 17 756
66337 204012 18 772
66357 203364 17 770
66376 203954 16 738
66396 203177 17 751
66415 202983 16 726
66433 202571 16 687
66481 202440 46 717
66506 204145 22 763
66536 202849 26 738
66559 203145 20 744
66585 203159 24 766
66620 203332 33 755
66644 202429 20 760
66668 203225 21 748
66697 202299 27 755
66716 202516 16 713
66735 204372 17 741
66755 203072 17 743
66774 202530 17 741
66793 203756 17 760
66812 203080 16 735
66832 204453 17 767
66850 202311 16 707
66869 203030 17 742
66892 203431 20 796
66918 203846 23 717
66940 202750 20 770
66962 202480 19 713
66983 202746 19 785
67004 203432 18 777
67023 202621 17 749
67043 202911 17 744
67063 202928 17 745
67083 202891 17 745
67104 202394 19 719
67131 203573 24 738
67150 203006 17 739
67168 201628 15 697
67189 202173 19 716
67211 201795 18 736
67230 202649 16 706
67249 202883 16 736
67270 203687 18 770
67290 202994 18 768
67312 202948 19 722
67338 202797 23 724
67358 202608 17 757
67377 203510 17 740
67396 203533 17 715
67416 202709 17 734
67435 203141 16 714
67454 202383 17 739
67474 202321 17 765
67493 202776 17 742
67513 202244 17 741
67534 202896 18 748
67563 202546 26 759
67582 201654 16 723
67601 202039 17 723
67621 203564 17 735
67640 203056 16 717
67660 203202 18 798
67680 202721 17 741
67698 202758 16 700
67718 203455 18 756
67738 201752 17 733
67768 203093 27 721
67787 203523 17 755
67806 202672 17 747
67825 203144 16 709
67845 202785 18 780
67865 203143 17 776
67884 204100 17 774
67904 203071 17 743
67923 203128 17 746
67943 202465 17 733
67965 202427 20 721
67992 202277 24 744
68012 203285 17 757
68032 202970 17 733
68052 203854 18 785
68071 203041 17 740
68091 202852 17 743
68110 203405 17 751
68130 203186 17 768
68150 203495 17 759
68169 202474 16 729
68194 202601 23 724
68223 203859 24 740
68242 202582 16 698
68261 202236 17 732
68281 203263 18 765
68301 203123 17 724
68321 203768 18 765
68341 202832 18 774
68361 203449 17 747
68380 202582 17 746
68404 203903 21 771
68437 202819 30 745
68457 202662 18 746
68478 203742 18 756
68497 203477 17 748
68516 203367 16 723
68535 201666 16 734
68555 202411 18 777
68575 203051 17 768
68597 202726 18 715
68619 203520 19 744
68647 202697 26 750
68667 203413 17 738
68686 202734 17 730
68706 203548 17 766
68725 203470 16 740
68743 202441 16 714
68762 202898 17 743
68782 201823 17 753
68800 202230 16 733
68825 202561 22 743
68873 202477 43 757
68895 202877 18 740
68923 204187 25 746
68944 203203 19 758
68964 202631 17 727
68991 203225 25 731
69012 203792 19 795
69034 203420 19 739
69061 203074 24 780
69081 202408 17 747
69101 203532 17 766
69120 202739 17 759
69139 202585 16 721
69158 203673 17 766
69177 203228 16 734
69197 202495 17 771
69217 203402 18 768
69237 203905 17 760
69266 203129 25 736
69286 203632 17 776
69306 201852 17 745
69326 202459 18 778
69349 202298 20 717
69370 202450 17 728
69391 203042 18 758
69411 202626 18 747
69431 203436 17 737
69455 202810 21 753
69486 203878 29 786
69506 202537 17 729
69526 203972 17 757
69545 203474 17 731
69565 202927 17 751
69585 202978 17 748
69604 203334 17 753
69625 203593 18 767
69648 203384 20 771
69670 203526 20 751
69697 202539 22 754
69716 202800 17 741
69736 203988 17 779
69756 203031 17 757
69776 203254 18 775
69796 202696 17 764
69815 202377 17 734
69835 204442 18 791
69856 203400 18 741
69875 203060 17 738
69898 201459 20 730
69921 203351 18 757
69941 203964 17 766
69960 203069 17 742
69980 203098 17 743
69999 203477 17 751
70019 201603 17 759
70038 203108 17 745
70058 203436 17 758
70077 203045 17 767
70099 203480 18 742
70126 203681 24 760
70145 202641 17 734
70164 202349 17 760
70184 203106 17 732
70203 202438 17 733
70223 203229 18 751
70243 202747 18 773
70263 203191 17 752
70283 204182 18 763
70306 203930 20 761
70335 202537 25 739
70357 203083 19 747
70378 202776 18 742
70397 203107 17 711
70417 203996 17 759
70437 203197 17 760
70456 202484 16 727
70476 202798 17 753
70495 202420 17 728
70520 202619 23 739
70543 203315 18 734
70566 203360 21 739
70586 203453 17 743
70605 202058 17 728
70625 202753 17 749
70645 204346 17 774
70664 202533 17 737
70684 203377 17 782
70704 203759 18 763
70727 203199 20 765
70756 203020 26 745
70775 203915 17 763
70795 202287 17 754
70814 202571 16 709
70833 203125 17 747
70853 203073 17 756
70873 202470 17 735
70892 202561 17 740
70912 203378 17 736
70935 205047 21 791
70960 203169 22 752
70980 202758 18 765
71000 202404 17 738
71020 204077 17 778
71039 202453 17 752
71059 203722 17 754
71079 202470 17 762
71098 202203 17 753
71117 202944 16 712
71135 203473 16 734
71156 202924 18 719
71195 203994 36 748
71216 202685 17 721
71235 203778 17 758
71256 203115 18 739
71275 203463 17 742
71296 202547 18 723
71316 202813 17 739
71335 202846 16 735
71353 202076 16 721
71374 202774 18 729
71398 202518 21 733
71418 203247 17 744
71438 202821 17 782
71458 203711 18 795
71477 202548 17 749
71497 203543 16 732
71516 203461 17 748
71536 202206 17 773
71557 202664 18 728
71579 203096 19 752
71605 203186 23 756
71625 202878 17 754
71646 203534 19 758
71669 203274 20 736
71692 204165 21 774
71718 203697 23 786
71742 203875 20 763
71769 203542 24 758
71792 202168 21 736
71822 202890 26 752
71842 203112 18 723
71864 203089 19 753
71890 203277 23 781
71911 202579 18 747
71934 202945 20 734
71953 201556 17 703
71979 202969 23 736
72009 202878 27 775
72045 202998 33 771
72069 203451 21 747
72098 203988 25 757
72122 203030 21 767
72144 202061 20 707
72188 203194 41 761
72214 202920 22 731
72246 202928 29 759
72281 203054 32 768
72305 202502 21 720
72325 202857 18 764
72345 203202 18 760
72365 203320 17 730
72384 204276 17 771
72404 202828 17 735
72425 202181 18 736
72451 202709 23 724
72470 203717 17 739
72490 203353 18 791
72509 202527 16 725
72529 203536 18 800
72549 204210 17 774
72568 202333 17 740
72588 203698 17 757
72607 202594 17 727
72627 202513 17 758
72653 202789 22 733
72673 203117 17 755
72692 204070 17 741
72712 203474 18 776
72731 202724 17 733
72751 202920 17 768
72771 201624 17 740
72790 202622 17 749
72810 203299 17 732
72831 202968 18 788
72853 203078 20 790
72880 202711 24 688
72902 202997 19 760
72921 202143 17 734
72941 203499 17 761
72961 202553 17 720
72980 202894 17 752
73000 202977 17 769
73018 202983 16 712
73036 202916 16 727
73056 203025 17 759
73080 201783 22 721
73106 203732 24 773
73127 202560 18 766
73146 203095 17 729
73166 202937 17 737
73185 202894 17 742
73205 202113 17 726
73224 202826 16 725
73243 202986 17 767
73263 202913 17 740
73284 202298 18 698
73309 203662 22 743
73334 204081 21 798
73353 203012 17 731
73372 203369 17 747
73392 203382 18 746
73413 202313 18 749
73443 203144 28 740
73465 204268 18 766
73484 202795 17 744
73511 203621 25 732
73533 203376 19 791
73553 202060 17 750
73574 203198 18 753
73593 202962 17 753
73613 203108 17 735
73633 202699 18 733
73652 202614 17 750
73671 202002 16 719
73690 202363 17 723
73716 202985 23 753
73736 204130 17 767
73755 204302 17 747
73775 203283 17 770
73795 203168 17 771
73814 202608 16 731
73833 202841 17 745
73852 202391 17 723
73872 203331 17 760
73893 203240 18 752
73916 203116 21 771
73942 202566 23 751
73967 202454 22 738
73988 203056 19 737
74009 202278 18 715
74029 203747 17 754
74050 203051 19 742
74070 203323 17 714
74091 203230 18 743
74111 203239 18 737
74142 202658 28 728
74179 202156 33 706
74201 202630 20 707
74226 203152 22 772
74246 202889 18 736
74267 202703 18 753
74287 202162 17 773
74308 204078 17 774
74327 203197 17 733
74349 203117 20 764
74377 203271 24 745
74397 203446 18 751
74417 202817 17 729
74436 202496 17 760
74457 203106 18 740
74479 203605 20 740
74501 202924 19 727
74521 203224 17 711
74543 202827 19 782
74565 204475 20 747
74601 204046 32 751
74622 202470 18 735
74643 202753 18 744
74664 202673 18 756
74684 203506 17 742
74703 203643 17 758
74723 203707 17 756
74742 202594 17 751
74762 202795 18 774
74792 202681 27 776
74811 203517 16 733
74830 203448 16 714
74849 203000 17 739
74868 203499 17 755
74888 203340 17 751
74908 203106 17 751
74928 204171 18 777
74948 203846 17 764
74966 203322 16 731
74985 203532 16 732
75011 202615 22 729
75032 203098 19 749
75052 202957 17 750
75073 203575 18 785
75092 202554 16 752
75111 202963 17 742
75133 202082 19 726
75153 203255 17 757
75173 203169 18 764
75194 202271 18 750
75222 202743 24 725
75242 203773 18 772
75262 202043 17 743
75284 203504 19 751
75316 203684 29 758
75336 201976 18 743
75356 202813 17 741
75376 203733 17 761
75396 202223 17 717
75418 201921 20 737
75448 203115 27 751
75468 202953 17 753
75488 203341 17 748
75508 203118 17 725
75528 203192 18 774
75547 202270 16 732
75567 203115 18 781
75587 201732 17 760
75607 203143 17 738
75627 202162 17 739
75650 201953 20 725
75672 202518 19 746
75691 203281 17 749
75711 203323 17 741
75737 203190 24 770
75772 203866 21 770
75795 202372 19 763
75821 202634 23 732
75844 203156 20 763
75878 203287 29 776
75898 202990 18 761
75917 203290 17 726
75937 202410 17 735
75956 203528 17 748
75976 202304 17 754
75995 202320 17 744
76015 202758 17 751
76035 202822 17 751
76059 203036 22 742
76094 203587 32 741
76115 203250 18 766
76134 202026 17 750
76155 204557 18 778
76173 202058 15 693
76198 202822 23 755
76218 202709 18 741
76239 202787 19 815
76264 202919 22 740
76291 203449 23 767
76311 201867 17 739
76333 202735 19 742
76353 202032 18 733
76374 203805 18 772
76395 203113 19 773
76416 204381 18 804
76435 203302 17 749
76455 203007 17 753
76479 203367 21 786
76504 203389 23 767
76524 202318 17 757
76543 202927 17 735
76563 203218 17 736
76583 203142 17 757
76607 202735 22 781
76627 203159 17 736
76649 203041 19 715
76669 204395 18 764
76697 202982 25 714
76723 204391 23 718
76742 202805 17 740
76761 202566 17 742
76780 202302 17 735
76800 203013 18 781
76820 202948 17 747
76839 203042 17 741
76859 202446 17 737
76879 203338 18 760
76898 203129 17 720
76922 203613 21 784
76948 203003 23 738
76968 202885 18 769
76988 202476 17 736
77008 202403 17 736
77026 202194 16 708
77046 202355 17 757
77065 202707 17 746
77084 201792 16 722
77103 203873 16 734
77122 203097 17 777
77144 203470 19 740
77171 203196 24 751
77190 202443 17 748
77210 203594 17 748
77229 203704 17 760
77250 203486 18 741
77270 202224 17 769
77289 203220 17 733
77309 203815 17 754
77329 203140 17 763
77351 203253 20 749
77376 202014 22 710
77396 203630 18 760
77416 203336 17 771
77436 203828 17 774
77455 203164 17 763
77475 203429 17 758
77494 202300 16 729
77514 203046 17 767
77533 203577 17 738
77553 201906 17 747
77579 203556 23 754
77600 202944 19 750
77622 203182 18 765
77642 203976 18 776
77662 202751 17 738
77681 202957 16 738
77702 203876 19 750
77721 203120 17 740
77740 203030 17 744
77759 202711 16 742
77783 202265 21 736
77807 201510 20 729
77827 202623 17 757
77850 202995 20 726
77869 202117 16 715
77888 204021 17 755
77908 203281 17 753
77927 203391 17 736
77947 203431 18 786
77966 203159 16 738
77986 202826 17 740
78009 203221 20 756
78033 203089 22 744
78052 203405 17 760
78075 203293 20 742
78095 203295 18 763
78115 202024 17 760
78135 202755 18 780
78155 203072 18 786
78174 202062 16 726
78193 202307 17 752
78215 203568 19 730
78239 202772 21 721
78258 202774 16 723
78277 202277 17 728
78297 203195 17 754
78316 204114 17 754
78334 202503 16 709
78354 205090 17 773
78373 202607 16 752
78393 203658 18 751
78412 202936 16 737
78434 204152 20 758
78459 204182 22 759
78480 204038 17 742
78500 202609 17 737
78526 203446 24 736
78552 202916 19 728
78573 203235 18 737
78592 203162 17 748
78611 203147 16 727
78631 202625 17 724
78653 203409 19 735
78679 202218 24 732
78698 202593 17 739
78718 202795 17 765
78738 203495 18 780
78758 202693 17 749
78777 202184 16 722
78796 202119 16 719
78816 203324 18 770
78835 203096 16 737
78857 202929 19 754
78883 202463 23 780
78902 204061 17 767
78922 204258 17 756
78941 203685 17 739
78961 203512 17 752
78980 202891 16 745
79000 203796 18 783
79020 203642 17 763
79040 203517 17 761
79059 201852 17 746
79081 202511 19 769
79106 202820 22 731
79125 203896 17 756
79144 202723 16 734
79164 203391 17 768
79183 203124 17 744
79203 203608 17 741
79222 202076 17 755
79243 203360 18 779
79262 202657 17 771
79281 202285 16 722
79308 203491 24 748
79328 203620 17 771
79347 203029 17 751
79367 203529 17 744
79385 202704 16 727
79406 203323 18 764
79424 202237 16 714
79444 202675 17 744
79463 202744 16 720
79482 203242 16 734
79508 202577 24 763
79530 202103 18 734
79550 202164 17 744
79570 203202 18 762
79590 202736 17 758
79610 203051 18 782
79630 203311 17 755
79649 203351 17 747
79669 203650 18 788
79687 202508 16 727
79709 202467 19 752
79735 203523 23 747
79754 202704 16 728
79773 203454 17 743
79793 203576 17 779
79812 202773 16 731
79841 203490 16 733
79861 203459 17 767
79880 202207 16 732
79900 202979 17 764
79920 203708 17 782
79947 203979 25 751
79969 202688 18 769
79989 203615 18 792
80008 203149 17 744
80028 202416 17 748
80047 202072 17 765
80067 203482 17 773
80086 202904 16 739
80105 202045 16 708
80124 202663 17 739
80143 203104 17 737
80168 202213 21 725
80190 202938 19 712
80210 202272 18 735
80230 202760 17 755
80249 203205 17 751
80268 203205 16 735
80287 202231 16 702
80307 202441 17 747
80327 203113 18 756
80349 202057 20 779
80381 202256 27 733
80401 202116 18 754
80425 203113 22 742
80445 202664 17 731
80466 204460 18 788
80486 203457 17 745
80512 203439 23 766
80536 203227 20 719
80562 201599 23 720
80598 202864 33 745
80627 202567 25 717
80647 203569 17 745
80668 203283 19 753
80705 203636 33 745
80728 203229 20 726
80747 202441 17 730
80767 202900 17 708
80790 203455 21 764
80817 202523 24 761
80836 202867 17 739
80855 202750 16 715
80875 203250 18 777
80895 203520 17 775
80913 202502 16 732
80933 202963 17 764
80952 202261 17 735
80972 202919 17 769
80993 202855 19 766
81020 203475 24 738
81039 203528 17 747
81059 203583 18 792
81078 204015 16 737
81097 202863 17 733
81117 203273 17 750
81137 203353 17 760
81155 203134 16 714
81175 202992 17 750
81193 203252 16 736
81215 202681 19 736
81242 202668 24 735
81261 203814 17 749
81280 203094 16 748
81300 203469 17 760
81319 203347 17 757
81339 203715 17 749
81359 202981 17 738
81378 202217 17 741
81400 202368 19 746
81424 202932 21 736
81467 202814 39 782
81487 203005 17 762
81510 202222 20 732
81530 203070 17 744
81562 202787 29 756
81591 202468 26 757
81615 201942 20 726
81639 203845 22 763
81668 202718 26 762
81688 203395 18 747
81711 203079 20 761
81746 203115 31 748
81767 203121 19 737
81801 202395 30 766
81825 202829 19 777
81845 203148 17 756
81871 203320 24 745
81891 202813 17 755
81910 203033 16 721
81929 202214 16 741
81948 202688 17 751
81967 203113 17 741
81986 202717 17 748
82005 203454 17 738
82025 203134 17 756
82045 202527 17 753
82066 203928 19 776
82091 203511 22 758
82110 202581 16 724
82130 203556 17 762
82149 203182 17 752
82169 203135 17 779
82189 203078 17 762
82208 202958 16 737
82227 203175 16 731
82246 202510 17 762
82266 202740 17 751
82287 202823 19 779
82311 203780 21 737
82330 202821 16 726
82350 203948 17 750
82369 202489 17 744
82390 203770 18 783
82410 202713 18 755
82430 202658 17 782
82449 202214 17 735
82468 203073 16 746
82487 202242 16 701
82514 203352 23 748
82533 203370 17 768
82552 201009 16 728
82571 202234 17 744
82591 203505 17 745
82610 203756 17 741
82630 202604 17 749
82649 203010 16 731
82669 203282 17 778
82687 201097 16 729
82711 203398 21 776
82737 202951 23 737
82756 203282 16 725
82776 203294 17 756
82795 202230 16 725
82814 202096 16 730
82833 202493 17 742
82852 202395 16 733
82871 203040 16 739
82890 203782 17 769
82910 204631 17 781
82932 202559 19 749
82956 203224 22 756
82976 202759 17 744
82995 203050 17 740
83014 202874 17 748
83033 202607 17 742
83053 202498 17 762
83071 202529 15 697
83090 202292 17 745
83109 202370 17 748
83128 202464 17 699
83159 203674 28 740
83178 203445 17 721
83198 202205 17 733
83218 202825 18 776
83238 202615 16 713
83257 203414 17 749
83277 202625 17 746
83296 203486 17 751
83316 202843 17 755
83334 202642 16 713
83356 203137 19 752
83382 203240 24 732
83403 202934 18 745
83424 203592 18 801
83445 203657 18 765
83465 203947 18 786
83484 202575 16 706
83504 203117 18 744
83524 202731 17 750
83543 202597 16 726
83562 202991 17 755
83590 202828 25 740
83611 202595 18 770
83630 203705 17 757
83650 202532 17 714
83669 202844 17 720
83689 203596 17 745
83707 202569 16 728
83727 202590 17 752
83746 202274 16 703
83766 202516 18 766
83788 202901 20 752
83815 204069 24 778
83835 203095 17 750
83855 202534 18 773
83876 203758 18 753
83895 203539 17 750
83920 202841 22 763
83942 203905 20 741
83963 202542 18 767
83983 202939 17 743
84016 203374 30 765
84035 202969 17 731
84055 202666 17 733
84076 202413 17 747
84095 202104 17 730
84115 203021 17 763
84135 203561 18 787
84154 204180 17 746
84173 202208 17 756
84193 202569 17 758
84215 202787 19 718
84243 202294 25 732
84263 202984 18 769
84282 202929 17 746
84302 203527 17 753
84321 202718 17 746
84340 202771 16 734
84361 203406 18 795
84380 203060 17 756
84399 202715 17 741
84418 202728 17 755
84445 203680 24 765
84465 202031 17 756
84484 203128 17 733
84503 202016 16 720
84523 202929 17 743
84542 202954 17 760
84561 203282 16 741
84583 203259 19 749
84603 202512 17 769
84622 202206 16 744
84644 203773 19 771
84668 203132 19 738
84687 202731 16 735
84707 202259 17 760
84725 202775 16 720
84744 202568 16 726
84763 203094 17 731
84783 203120 17 756
84803 203037 17 760
84822 202678 17 766
84842 202365 17 753
84868 203832 24 747
84888 203010 17 739
84908 203800 17 754
84928 202567 17 774
84948 202666 17 738
84973 202991 23 765
85000 202639 24 754
85029 203912 26 738
