fo time ls_time n_ls_moves
18 212535 18 764
37 210983 16 727
57 211538 17 753
78 211609 18 781
97 212627 17 751
117 212352 17 764
136 210697 16 727
156 210899 17 764
176 211901 17 754
199 211903 21 793
225 211591 22 778
244 211654 17 737
264 209143 17 727
283 210827 17 737
303 211479 17 757
321 211217 16 722
342 212632 18 800
361 211591 17 750
380 211554 17 749
400 212459 18 777
424 212557 21 774
447 210884 18 764
467 210794 17 762
491 211352 21 740
515 211471 18 751
535 211930 18 762
554 211112 16 726
574 210035 17 743
593 211088 17 736
616 211118 20 760
646 211875 27 741
666 211261 17 739
686 211125 17 767
705 212756 17 768
725 211422 17 775
745 211012 17 753
766 211385 19 802
785 210797 17 737
805 211383 17 750
825 211219 17 753
849 211620 22 779
874 211676 23 744
894 211614 17 746
914 211930 17 772
933 211197 17 769
954 210369 18 756
974 212771 17 773
994 210797 17 767
1015 212305 18 784
1034 210851 17 743
1060 211322 23 727
1080 212165 17 750
1100 211877 17 742
1119 210914 17 743
1138 211285 16 741
1158 211782 18 767
1179 212877 18 770
1199 210767 18 769
1219 211128 17 751
1238 210883 16 726
1260 211950 20 755
1286 211410 23 762
1307 211841 19 790
1327 211510 17 725
1347 210768 17 742
1367 211090 17 755
1388 211446 18 788
1408 212610 17 769
1429 212170 19 814
1450 212277 18 778
1475 211600 22 749
1503 210857 25 761
1524 212020 18 765
1544 211910 17 761
1565 211789 18 775
1586 212099 18 742
1608 211788 19 768
1629 211678 18 788
1648 211498 17 740
1669 211515 18 788
1695 211470 23 750
1716 211477 18 765
1736 210547 17 765
1757 210942 18 776
1777 212159 18 808
1797 211496 17 766
1816 211354 17 742
1836 211146 17 762
1857 211902 18 813
1877 211398 17 729
1904 211901 25 771
1924 212126 17 765
1944 211613 17 752
1964 212658 17 784
1984 212199 17 779
2004 211600 18 795
2024 211652 17 764
2044 211319 17 745
2065 212521 19 815
2084 210493 17 727
2107 210941 20 756
2144 210982 33 762
2165 212187 18 771
2186 211512 19 790
2206 211681 17 748
2225 211510 17 743
2245 210838 17 753
2267 212623 19 774
2287 211521 18 766
2307 211371 18 743
2338 211392 28 778
2357 210983 17 747
2377 211452 17 745
2397 211389 17 743
2418 212573 18 796
2438 211230 18 772
2458 211177 17 749
2479 212493 19 795
2499 211455 17 752
2518 211487 17 745
2541 211571 20 731
2567 211479 24 793
2588 211986 18 811
2608 213218 17 767
2628 211843 17 748
2648 212064 17 778
2668 211322 18 763
2688 211672 17 770
2708 212295 17 778
2727 210236 17 747
2757 211786 28 761
2783 211069 21 788
2802 211141 17 722
2823 211224 17 760
2842 212392 17 738
2862 211458 17 755
2882 212598 18 777
2902 211795 17 757
2922 211000 17 760
2942 211518 18 767
2970 211913 24 782
2990 212236 17 755
3009 210995 17 738
3028 211714 16 725
3048 211831 17 765
3068 211092 17 736
3088 211630 18 768
3108 211778 17 755
3129 211018 18 775
3149 211832 18 782
3177 211331 25 746
3201 211613 19 748
3222 212340 18 775
3242 210905 17 766
3263 211796 18 782
3283 212453 18 778
3304 212350 18 775
3324 210974 18 772
3344 211114 17 736
3365 211143 19 729
3394 211837 25 769
3415 211578 19 763
3435 210772 17 745
3456 211842 18 770
3476 210843 17 748
3496 212128 17 773
3516 211559 17 758
3536 211644 17 742
3555 211997 17 731
3575 211530 17 739
3605 211800 27 773
3626 211771 19 764
3647 211805 18 786
3666 211625 17 753
3687 211084 18 719
3717 211897 26 786
3738 211492 18 769
3760 212720 19 763
3787 212084 24 768
3810 211736 20 719
3837 210796 24 728
3857 212482 18 756
3877 210751 18 758
3897 211861 18 756
3918 211846 18 781
3938 212580 18 759
3958 212214 17 756
3978 212537 17 748
3998 212140 17 773
4020 211251 19 751
4048 211751 25 769
4069 211609 18 780
4088 210392 17 744
4107 211297 16 734
4126 211186 17 748
4146 212455 18 785
4167 210274 18 773
4186 211607 16 729
4205 210801 17 731
4228 212003 20 769
4256 210601 26 773
4277 211692 18 783
4297 212077 17 748
4316 211761 17 752
4336 211845 17 775
4356 212567 17 756
4382 211519 24 731
4403 211372 18 751
4422 211364 17 745
4446 211449 21 780
4476 211190 27 751
4499 212295 19 768
4519 211119 18 781
4540 211455 18 775
4585 211299 20 785
4605 211606 17 759
4625 210568 17 749
4644 210362 17 732
4667 211120 20 767
4694 210981 23 769
4713 211420 16 720
4734 210401 18 707
4759 211667 22 743
4781 212549 18 785
4807 212645 23 759
4826 211305 17 753
4850 210714 21 747
4873 210542 21 767
4905 211734 28 781
4924 211382 17 742
4944 211563 17 770
4965 212160 18 806
4984 210625 17 751
5005 212289 18 779
5024 211031 17 733
5044 211277 17 753
5064 210185 18 763
5085 211939 19 715
5112 211473 24 761
5131 210907 17 758
5151 211149 18 784
5170 210418 16 711
5193 210548 20 757
5214 211228 18 772
5234 210642 18 764
5254 210240 18 765
5274 212471 17 754
5295 210147 18 777
5323 211932 25 775
5344 211518 18 777
5364 212093 17 740
5384 210433 17 722
5404 211396 17 752
5424 210551 17 746
5444 210914 17 763
5464 210692 17 746
5489 211144 23 726
5523 211678 31 763
5544 212187 18 758
5564 211365 17 734
5585 210869 18 753
5606 210679 17 734
5626 212823 18 771
5647 211904 18 770
5667 212178 18 765
5687 210796 17 748
5707 211794 17 760
5735 210935 26 769
5765 211251 24 768
5790 212000 22 768
5811 211014 18 719
5831 211946 17 755
5853 212273 20 791
5874 212251 18 769
5896 211824 19 787
5916 212309 18 751
5940 211344 21 759
5970 211079 25 752
5990 211330 17 739
6015 212204 22 740
6047 211524 30 747
6068 212088 18 746
6088 211271 17 725
6108 210750 17 757
6128 211919 17 758
6154 212182 23 776
6191 211033 33 761
6213 212348 18 782
6233 211104 17 731
6254 211328 18 770
6278 211920 21 771
6306 211552 25 761
6330 212627 20 770
6357 211339 23 759
6385 212185 24 809
6417 212009 30 793
6438 210561 18 759
6459 211909 18 768
6479 211938 18 785
6499 211675 17 770
6523 211602 21 755
6543 210873 18 745
6563 211214 17 762
6586 212315 20 762
6612 210835 23 726
6631 211811 17 727
6652 211128 18 786
6674 211389 19 759
6694 211754 18 754
6714 211757 17 766
6734 210829 17 739
6754 212399 17 744
6774 212280 18 780
6797 211921 20 759
6835 211102 31 747
6856 211717 18 786
6877 211322 18 789
6897 211103 18 753
6919 210428 19 745
6940 211963 18 761
6961 211199 18 785
6981 210409 17 742
7006 211772 23 767
7033 211827 24 784
7053 212213 17 774
7076 211120 21 741
7096 211104 18 740
7116 212057 17 741
7137 212404 18 807
7156 211374 17 749
7181 211165 22 764
7203 211945 20 777
7227 211228 21 773
7253 210371 23 766
7273 212557 18 770
7295 211041 19 753
7315 210129 17 740
7335 212428 17 774
7354 211091 17 764
7373 210837 17 739
7393 210990 17 773
7413 211678 17 763
7439 211696 23 772
7464 211753 18 763
7483 210992 17 715
7503 210671 17 737
7524 212438 18 784
7544 211429 18 760
7564 210738 17 726
7582 210869 16 726
7602 210983 17 766
7622 211290 17 769
7643 212753 18 764
7668 211104 22 738
7690 211019 18 763
7709 211578 17 725
7729 210506 17 761
7749 212115 17 762
7769 211665 18 770
7790 211421 18 807
7809 210126 17 739
7829 212040 17 779
7849 211231 17 765
7870 210784 19 735
7895 211306 22 768
7915 211946 17 764
7933 210568 16 719
7953 211379 17 745
7972 212081 17 761
7991 211558 17 731
8011 211300 17 768
8031 211405 17 755
8052 211566 18 798
8075 212091 20 777
8100 210817 22 756
8120 212243 17 749
8139 210793 17 742
8159 210544 17 747
8180 212427 18 738
8199 211116 17 743
8220 211278 18 803
8240 210656 17 756
8259 211115 17 739
8284 211553 23 747
8306 210912 17 762
8325 210990 17 739
8345 210985 17 748
8365 212285 17 754
8385 210526 17 746
8404 211509 17 752
8424 211242 17 771
8444 211505 18 790
8463 211653 17 740
8483 211570 17 766
8507 211569 21 727
8530 211441 19 768
8549 211099 17 752
8568 212246 16 722
8589 211867 18 789
8609 211890 18 774
8628 211785 17 749
8648 211324 17 747
8667 211238 16 733
8687 211418 17 770
8714 212033 24 759
8734 212244 17 756
8753 210567 17 759
8773 210895 17 751
8792 211659 17 763
8812 211049 17 750
8832 210727 17 778
8851 211868 17 768
8871 212048 17 771
8891 212423 18 787
8912 211187 19 759
8943 211195 28 752
8962 211175 17 737
8983 211421 18 778
9002 211297 17 744
9021 210984 16 722
9040 211408 17 768
9060 210616 17 759
9080 211933 17 759
9101 212095 18 770
9121 212641 18 787
9147 212467 23 743
9169 212168 18 781
9189 210211 17 770
9209 211070 17 771
9229 211130 18 788
9248 210989 17 738
9268 211292 17 747
9288 210593 17 751
9307 210948 17 735
9327 212820 17 773
9354 211592 23 781
9375 210925 17 770
9395 211684 17 744
9414 210765 17 759
9433 210652 17 767
9453 212184 17 745
9473 212207 17 785
9492 211043 17 761
9512 211248 17 764
9531 210682 17 782
9553 211176 19 737
9579 210989 23 742
9598 210426 17 761
9617 210973 17 759
9637 212756 17 750
9657 210841 17 749
9676 212335 17 746
9696 211666 17 761
9716 210906 17 764
9735 210597 17 751
9757 211010 19 769
9784 211370 23 771
9804 211836 18 795
9823 211669 17 749
9842 211547 16 732
9861 211306 17 756
9881 211413 17 761
9900 211800 17 769
9919 210790 16 732
9938 211123 16 736
9959 211886 18 801
9982 213320 20 800
10009 211468 24 778
10029 211751 18 779
10049 210981 17 756
10069 211440 17 736
10089 211985 18 773
10109 211322 17 767
10130 213110 18 809
10150 211468 17 769
10169 210800 17 742
10194 210996 22 786
10226 211328 29 737
10246 212261 17 785
10265 211247 16 738
10285 211744 17 770
10304 211483 17 730
10325 211719 18 757
10344 210414 17 744
10363 210677 17 765
10383 211568 17 771
10406 211296 21 761
10430 212219 19 734
10451 211974 18 808
10471 211776 18 776
10491 210793 17 752
10511 211747 17 763
10530 211014 17 735
10549 211025 17 744
10568 211336 16 726
10588 211277 17 750
10609 211351 19 746
10636 212055 23 784
10655 212513 17 755
10675 211218 17 763
10695 210633 18 768
10714 211985 16 705
10734 211807 17 752
10753 211388 17 741
10773 211378 17 730
10792 212243 17 756
10812 211266 17 773
10835 211275 20 714
10857 211855 18 759
10878 211789 17 765
10897 212528 17 754
10917 211529 17 753
10938 211960 18 785
10957 212426 17 760
10977 212349 17 762
10996 211398 17 751
11017 212232 18 800
11043 212530 24 788
11064 212095 18 748
11085 212377 18 771
11104 211862 17 741
11124 211400 17 757
11143 210923 17 740
11163 212345 18 802
11184 212435 18 775
11203 211301 17 761
11223 211834 17 738
11245 212914 20 787
11271 209910 23 732
11290 212437 16 724
11311 212734 19 778
11331 211799 17 769
11351 211129 18 750
11376 211313 20 722
11396 211357 17 772
11416 211132 17 775
11436 210854 17 762
11460 211288 22 735
11488 211470 25 760
11508 211258 17 764
11528 212108 17 736
11548 212077 18 777
11568 211951 18 788
11589 212909 18 817
11608 211286 17 741
11629 212899 18 797
11648 211270 17 754
11677 211184 26 782
11697 210586 17 747
11718 212209 18 787
11737 212055 17 759
11759 211951 19 746
11779 211487 17 761
11799 211608 17 737
11819 210932 18 752
11839 211596 17 734
11859 211963 18 782
11881 211229 19 728
11907 211584 24 748
11927 211391 17 768
11947 212189 18 742
11968 211669 18 767
11988 211487 18 752
12008 211418 17 760
12029 212668 18 798
12048 211635 17 744
12069 211720 18 776
12093 211391 21 768
12120 211782 22 760
12140 212494 18 754
12159 211101 17 733
12179 210861 17 767
12200 212774 18 792
12220 212767 17 722
12249 211902 27 762
12271 211598 19 791
12296 211972 22 776
12323 211484 24 738
12343 211754 17 762
12362 210873 17 730
12382 212204 17 749
12402 211451 18 771
12421 210138 16 710
12441 212349 17 755
12462 209545 18 754
12482 212130 18 776
12506 211989 21 775
12529 210925 21 724
12549 212436 17 772
12570 212493 18 794
12589 210836 16 725
12609 212189 18 766
12629 211951 17 757
12649 212422 18 761
12670 211444 18 763
12689 211045 16 706
12710 210793 18 766
12741 211265 29 767
12769 211442 23 760
12789 210812 18 762
12809 210666 17 720
12829 211752 17 752
12849 211318 17 777
12869 211190 18 762
12890 210419 18 800
12911 212054 18 745
12931 211840 17 752
12957 211381 23 764
12986 212184 22 780
13006 211106 18 766
13026 211810 17 745
13045 209998 17 737
13066 211725 18 771
13087 211591 19 797
13107 211914 18 768
13126 211850 16 713
13149 211571 20 762
13175 211873 24 754
13195 211223 18 766
13215 211414 17 776
13237 211376 19 763
13256 210792 17 729
13276 211322 16 730
13312 212145 33 753
13332 211255 18 746
13356 211987 21 776
13393 210390 33 740
13417 212011 21 723
13437 211976 17 750
13457 211438 17 738
13478 211836 18 759
13501 210923 21 736
13524 211945 19 783
13545 212719 18 782
13566 210715 18 735
13595 210864 25 745
13622 211103 23 756
13641 211452 17 740
13662 212263 18 764
13682 211236 17 745
13701 210912 17 729
13721 210667 18 747
13742 211460 18 805
13763 211774 18 782
13784 211510 19 780
13815 211182 28 786
13847 210325 28 747
13871 210539 21 729
13892 211395 18 743
13912 211894 18 786
13932 212110 17 758
13952 210687 18 768
13971 211996 16 721
13992 212025 18 772
14026 211696 32 766
14052 210826 22 749
14073 211563 18 778
14093 211651 18 787
14114 211351 18 775
14133 210579 17 738
14153 211796 17 749
14173 211681 17 724
14193 211474 17 766
14212 211780 16 730
14241 210963 26 736
14267 211604 20 773
14291 211401 21 788
14311 211024 17 751
14333 211442 19 794
14355 211510 20 763
14376 212440 18 778
14395 211029 17 736
14421 211312 23 752
14454 212038 30 754
14475 211877 19 767
14496 211185 18 762
14519 211050 20 781
14539 211357 18 747
14560 210597 18 734
14580 211457 18 755
14602 211590 18 742
14626 211774 21 777
14650 210901 21 739
14680 211561 27 769
14700 211308 17 744
14721 211240 18 786
14742 211152 18 789
14762 211626 17 740
14781 211616 17 760
14802 210951 18 763
14822 211122 17 749
14843 211022 18 742
14870 210834 24 754
14890 211659 17 747
14909 211320 16 728
14929 212248 18 770
14949 211733 17 739
14969 211928 17 742
14988 211402 17 755
15009 211673 18 778
15029 210797 18 774
15049 212353 18 780
15071 211063 19 735
15098 211722 24 754
15128 211329 27 750
15150 211934 20 733
15179 210554 26 706
15207 211413 24 785
15231 211970 21 745
15262 211366 26 791
15298 211552 33 791
15333 211797 31 772
15358 211751 22 772
15392 211060 31 742
15423 211948 28 797
15448 211021 22 720
15487 210881 36 781
15529 211859 38 749
15566 210648 32 729
15601 210194 33 719
15639 211354 31 765
15663 211103 22 766
15689 211527 21 772
15713 211557 21 767
15747 210320 30 740
15776 210300 24 739
15797 211011 19 771
15817 211116 17 742
15838 211296 19 812
15858 211747 17 769
15879 212301 18 753
15902 210918 21 788
15923 210207 18 768
15956 210739 30 742
15980 211112 19 758
16001 211775 18 763
16022 211866 18 796
16041 210726 17 728
16061 212524 17 745
16080 211234 17 740
16101 211023 18 787
16121 212455 17 768
16141 212105 17 754
16163 210750 19 712
16188 212071 23 772
16209 212423 18 806
16229 211793 18 793
16249 211091 17 773
16269 211753 17 777
16289 211704 17 781
16313 211366 21 769
16346 212307 29 775
16367 210804 19 744
16391 210930 21 736
16411 211444 17 748
16431 211219 17 755
16451 212262 18 790
16471 210124 17 756
16491 212316 18 781
16510 210838 17 749
16529 210641 16 749
16548 211803 17 756
16572 211716 21 780
16601 211230 26 764
16622 211642 18 786
16641 211116 16 743
16660 211775 16 734
16679 210947 17 751
16699 212157 18 790
16718 211056 17 765
16739 212649 18 785
16758 210954 16 719
16780 211630 20 731
16807 210912 24 750
16827 211196 17 760
16847 212608 18 809
16867 211605 17 758
16887 210920 17 741
16907 211379 17 750
16927 212647 18 787
16948 210925 18 785
16968 211323 17 769
16992 211685 22 749
17025 211688 30 765
17049 211345 17 745
17071 211294 19 769
17091 211940 18 772
17112 212195 18 784
17131 210487 17 741
17151 211955 17 767
17171 210576 17 747
17190 212053 17 742
17212 210708 20 737
17239 211498 24 760
17261 211582 19 779
17280 211936 17 748
17300 212141 17 719
17319 210836 17 744
17340 212389 18 797
17360 211803 17 747
17381 211955 18 792
17401 211762 18 772
17429 211540 24 782
17450 212023 18 784
17470 210820 17 755
17490 211956 17 744
17510 211656 18 776
17529 211561 16 732
17549 211483 17 745
17569 212169 18 756
17589 211385 17 750
17608 211405 17 744
17631 212177 20 765
17655 211520 22 776
17682 210891 23 738
17702 211904 17 769
17722 211772 17 754
17741 211448 17 738
17761 211907 17 760
17781 210866 17 781
17801 211343 18 774
17822 211209 18 780
17848 211825 23 784
17876 212152 23 773
17896 211716 17 753
17916 212221 17 742
17936 212043 18 772
17957 211111 18 769
17977 212100 18 767
17997 211369 17 751
18016 211341 17 748
18036 211801 17 737
18059 210544 20 760
18086 212323 25 772
18106 212649 17 751
18126 211208 18 779
18147 212388 18 772
18167 210580 17 748
18186 211566 17 744
18206 210929 17 735
18226 212445 18 777
18246 211777 17 759
18266 210341 18 728
18295 212528 26 792
18322 211056 25 785
18342 212056 17 742
18363 212502 19 787
18390 211961 24 747
18410 212484 18 767
18430 211622 17 752
18450 211512 17 773
18471 211523 18 772
18497 212064 23 750
18518 211248 18 799
18538 211818 17 759
18558 212412 18 798
18579 211706 19 795
18606 211426 23 729
18626 210922 18 738
18652 210014 22 740
18672 210729 17 750
18695 212438 21 762
18722 210356 24 778
18741 209968 16 726
18761 211632 18 773
18781 211283 17 746
18800 211086 17 724
18820 211299 17 762
18839 211437 17 753
18858 210383 16 738
18878 211499 17 771
18899 211236 19 747
18924 212170 21 737
18943 211910 17 745
18962 211568 17 739
18982 211627 17 753
19002 211713 18 768
19022 210704 17 738
19042 212502 17 773
19061 210651 17 733
19080 211292 17 759
19101 211171 18 771
19122 210941 19 726
19152 211143 27 750
19172 212405 18 784
19192 211292 17 751
19213 212412 18 795
19233 211466 18 786
19252 210940 17 724
19273 211155 18 776
19293 212763 18 775
19313 211953 17 764
19340 211318 24 763
19361 211661 18 768
19380 211408 17 755
19400 211051 17 767
19420 210257 17 734
19440 211910 17 768
19459 210968 17 752
19479 211313 17 770
19500 211564 18 775
19519 211361 17 759
19542 211703 20 744
19567 211080 22 767
19586 211222 17 753
19606 211530 17 754
19626 211648 18 777
19646 211062 18 743
19666 212298 17 783
19687 211486 18 796
19707 210786 18 780
19727 211076 17 778
19746 210753 16 729
19772 210756 23 765
19793 211440 18 767
19813 212266 17 759
19832 210384 16 729
19851 211410 17 758
19871 210487 17 739
19891 211523 17 757
19910 211128 17 742
19929 210892 17 751
19948 211638 17 741
19969 210712 19 748
19995 211368 22 738
20014 211017 17 759
20033 211350 17 754
20053 210491 17 757
20073 212463 18 780
20092 210601 16 713
20111 211872 17 756
20131 212616 18 794
20150 211285 16 742
20170 211468 17 758
20191 210910 19 757
20217 212241 23 767
20237 211683 17 767
20257 212146 17 769
20277 211959 18 795
20297 211321 17 774
20316 210339 17 743
20337 211666 18 761
20357 211693 17 767
20377 210894 17 757
20399 210423 20 746
20429 210993 27 734
20450 210978 18 783
20470 210862 18 743
20491 211374 18 778
20511 211678 18 763
20533 212598 19 777
20553 212114 18 749
20574 211696 18 776
20594 210842 18 764
20618 211701 21 771
20644 211737 24 768
20664 212036 17 771
20684 210692 17 774
20703 211948 16 730
20723 212433 17 765
20743 211660 17 756
20763 210900 18 766
20784 212349 18 782
20805 211423 19 778
20829 211389 21 734
20856 211568 23 768
20877 210724 18 746
20901 211398 20 769
20920 211101 17 754
20940 210580 17 746
20960 210738 18 762
20981 211624 18 782
21000 209654 16 723
21019 211392 17 738
21042 210972 20 750
21067 210920 22 735
21092 211608 22 756
21112 212210 18 773
21132 212115 17 753
21151 211611 17 761
21171 211339 17 761
21192 212191 18 773
21212 211718 17 769
21232 211655 17 770
21261 211581 26 780
21281 212616 18 776
21301 211992 17 740
21322 212036 18 791
21342 210609 17 775
21362 211233 18 773
21381 211523 17 752
21400 210842 17 742
21420 212914 17 771
21439 209454 16 729
21461 211599 19 737
21485 211518 22 770
21504 211060 17 745
21525 212168 18 800
21545 211173 17 763
21564 212113 17 763
21583 210543 17 744
21602 210905 16 736
21621 211654 16 735
21641 210500 17 768
21661 209591 18 719
21690 210366 26 725
21710 211413 17 758
21730 211508 18 774
21750 211541 17 778
21769 210645 17 750
21790 211311 18 789
21811 211256 18 742
21830 212184 17 775
21850 211673 17 744
21873 211637 21 782
21899 212464 19 780
21918 210772 16 734
21938 211655 18 796
21959 211270 17 758
21978 211661 17 747
21999 212591 18 818
22018 210951 16 723
22038 211168 17 761
22057 211713 17 737
22077 211175 17 734
22113 212357 32 797
22136 210962 19 776
22160 211939 21 751
22182 210573 19 783
22212 211761 28 795
22258 211834 43 734
22293 211297 31 778
22338 212045 41 774
22368 211594 25 758
22404 211486 32 764
22441 211948 34 750
22474 212818 29 741
22510 212547 33 789
22543 210967 30 736
22574 211216 28 775
22596 211895 19 795
22617 212058 18 773
22637 210525 18 760
22657 212222 17 731
22678 212951 18 804
22699 212719 18 800
22722 210438 20 769
22749 211944 24 756
22770 210795 17 738
22791 211857 18 791
22825 210417 31 740
22844 210919 17 746
22864 212107 18 775
22884 212395 17 737
22907 212043 20 776
22932 211740 22 791
22959 212250 24 742
22979 211450 17 743
22999 210804 18 725
23022 211020 19 752
23042 211257 17 733
23063 211816 18 766
23083 211577 17 770
23103 211700 18 754
23125 213109 19 815
23156 211803 28 759
23176 211524 17 747
23197 212024 18 766
23224 213035 24 761
23250 212037 24 763
23270 211262 18 763
23291 211849 17 752
23314 210932 20 762
23335 210716 18 749
23362 211498 24 753
23394 211513 26 776
23413 210897 17 745
23435 211911 18 788
23454 212311 17 734
23475 211114 18 757
23495 210577 17 725
23516 211628 19 799
23536 211519 17 731
23565 212021 26 768
23589 212171 19 757
23609 211846 18 784
23629 212002 17 761
23658 210501 17 747
23694 212126 34 792
23717 210731 18 724
23739 212586 19 764
23767 211116 26 766
23796 211172 25 759
23816 212028 17 730
23838 211140 19 761
23860 211739 19 781
23881 211092 19 795
23901 211762 17 755
23922 211999 18 777
23942 211793 17 747
23963 211606 18 770
23985 209972 20 727
24010 211256 21 759
24032 210830 18 747
24054 211713 19 769
24076 211418 20 780
24096 212036 17 763
24116 211304 18 771
24136 212444 17 779
24156 211465 17 753
24175 211159 17 723
24198 211701 20 750
24226 211559 26 737
24247 211353 18 759
24267 212939 18 788
24288 211743 18 792
24308 211740 17 758
24329 211625 18 757
24349 211738 17 747
24369 210890 18 766
24389 211024 17 748
24409 211660 18 777
24442 211482 29 734
24470 211956 21 787
24491 211074 18 775
24511 211484 18 775
24530 211686 16 734
24550 212750 17 771
24570 210939 17 757
24589 211693 17 750
24608 210676 16 732
24630 211343 19 751
24656 211966 23 748
24675 212214 17 764
24695 211658 17 777
24716 212579 18 783
24736 212333 17 768
24756 212384 17 766
24780 211954 21 770
24800 210587 17 757
24828 211889 26 776
24851 211251 20 733
24880 212247 26 781
24902 211456 20 752
24923 211992 17 712
24944 212384 19 768
24964 211837 17 743
24983 210714 17 731
25004 211883 18 773
25025 212154 18 802
25045 211918 18 780
25073 211316 25 749
25092 212184 17 744
25112 211808 17 781
25131 211284 16 739
25150 211799 16 730
25169 211343 16 720
25188 211702 17 757
25207 210544 17 746
25227 211404 17 769
25246 211342 16 724
25267 211983 18 760
25292 211745 22 761
25312 212224 17 760
25331 211861 17 743
25351 211544 17 770
25371 211542 17 751
25392 212059 19 822
25411 211710 16 727
25430 211783 17 778
25452 211770 18 794
25473 212235 18 797
25495 211424 20 770
25521 211356 23 756
25541 211696 18 764
25560 211209 16 723
25580 210059 17 741
25599 211136 17 739
25619 211567 18 797
25639 211309 17 777
25659 212174 18 778
25679 212417 17 753
25706 209895 23 700
25737 212319 28 764
25757 210810 17 759
25778 211105 18 774
25796 210415 16 731
25817 210941 18 783
25837 210990 18 753
25857 211872 17 777
25877 210336 17 730
25898 211173 18 803
25923 211742 23 757
25950 210547 22 722
25970 211344 18 772
25990 211607 17 754
26009 212360 17 745
26029 211052 17 754
26049 210482 17 766
26069 211242 18 783
26088 212415 17 753
26107 211737 16 725
26127 211131 18 731
26154 212035 24 777
26175 211166 18 769
26194 211503 17 761
26214 211101 17 758
26234 211467 18 781
26254 211891 17 758
26274 210876 18 767
26294 211325 17 760
26313 211349 17 767
26335 211460 19 762
26361 212037 23 781
26382 211719 18 781
26402 211582 18 780
26422 210799 17 747
26442 212248 17 766
26461 212541 17 744
26480 212004 17 764
26500 211116 17 755
26519 211798 17 746
26539 211606 17 766
26563 211617 21 755
26587 212078 20 752
26608 211165 18 774
26627 210729 17 737
26646 211673 17 745
26669 210694 20 768
26689 211960 18 759
26709 211536 17 765
26729 211693 18 785
26749 211962 17 742
26771 211903 20 765
26797 212046 23 771
26818 211806 18 778
26837 211665 17 769
26857 210677 17 762
26876 211156 16 738
26895 211531 17 770
26915 211727 17 776
26935 212627 18 800
26955 212550 17 751
26975 211883 18 788
26997 211223 20 762
27023 211525 21 762
27043 211228 18 779
27064 211317 18 758
27083 211209 17 756
27104 212640 18 801
27123 210326 16 737
27142 212179 17 773
27162 212114 17 796
27182 211659 17 762
27208 209668 24 743
27236 211693 24 787
27257 212470 18 797
27277 210955 17 774
27298 212268 19 770
27318 211089 18 767
27339 211995 18 792
27358 211305 17 744
27377 211700 17 740
27398 212108 18 815
27429 212858 29 750
27454 211799 21 760
27473 210570 16 700
27493 211686 17 756
27513 210978 18 754
27532 210857 17 735
27553 212027 18 818
27573 211327 17 749
27592 210684 16 741
27611 211872 17 777
27633 211962 19 763
27658 211594 22 780
27678 210488 17 754
27697 211086 16 732
27716 211476 17 742
27735 211769 17 752
27754 211533 17 746
27775 212637 18 799
27794 211885 17 750
27813 211316 17 762
27836 212721 20 777
27863 210096 25 769
27883 212048 17 737
27903 211746 17 766
27924 212188 18 787
27943 210239 17 724
27962 212095 16 713
27981 211639 17 753
28002 212034 18 768
28022 212601 18 777
28042 211876 17 769
28070 212889 24 784
28090 211673 17 752
28109 211465 17 761
28129 212314 17 764
28149 211714 17 765
28169 211485 17 760
28188 211284 16 733
28208 211312 17 758
28228 211801 17 778
28247 212325 17 749
28269 211271 19 753
28295 210473 23 769
28315 211846 17 760
28333 210807 16 726
28353 211230 17 762
28373 211186 18 776
28393 211064 17 756
28413 211765 17 770
28432 211209 17 741
28451 211471 17 767
28472 210812 18 719
28500 212358 25 778
28523 211738 21 776
28544 211652 17 764
28564 211524 17 764
28583 212142 17 757
28602 211259 16 730
28622 213268 18 786
28642 212258 17 763
28660 211029 16 720
28682 211148 19 754
28715 212312 29 782
28741 211682 21 781
28761 210704 17 768
28781 211447 17 767
28804 211698 21 767
28825 211126 18 798
28845 212780 18 784
28866 211142 18 769
28886 212377 18 780
28913 211919 24 757
28932 210803 17 749
28952 211733 17 755
28971 211854 17 762
28990 210827 16 716
29010 212308 17 766
29029 211440 17 754
29050 211393 18 786
29070 211995 18 778
29090 210746 17 755
29111 211860 18 782
29138 210572 23 792
29158 211514 17 734
29178 211891 18 774
29197 210737 17 736
29217 212250 17 744
29236 211053 17 733
29256 211252 17 733
29276 210540 18 765
29295 211608 17 734
29315 211581 17 763
29342 212153 24 767
29361 210923 17 744
29381 211546 17 760
29400 211137 17 767
29420 211185 17 778
29440 211747 18 794
29460 211883 17 761
29479 210927 17 750
29499 212151 17 773
29519 212098 17 775
29541 211101 20 751
29565 211178 22 741
29584 209998 16 717
29604 211477 17 753
29624 211411 17 770
29643 211478 17 745
29662 211997 16 738
29681 210646 16 741
29701 211151 17 759
29721 211255 18 796
29741 211544 17 763
29763 211720 19 777
29788 211602 21 746
29808 210660 18 739
29827 212012 16 719
29848 211724 18 776
29867 210968 17 743
29887 211187 17 728
29907 211476 18 760
29926 212139 17 739
29946 210837 17 753
29967 211931 18 731
30000 211264 30 770
30019 211612 17 758
30039 211827 17 766
30059 210827 17 737
30079 210739 17 741
30099 212782 18 786
30120 211037 18 795
30139 211622 17 757
30159 210960 17 763
30179 211442 17 763
30201 211747 19 768
30225 211022 21 741
30245 211289 17 759
30264 211326 17 745
30284 212481 17 772
30303 212491 17 748
30323 211543 17 758
30343 211896 17 751
30362 212190 17 744
30381 210619 16 705
30403 212781 20 773
30427 211312 20 730
30447 211600 17 741
30468 211552 18 798
30488 212139 18 781
30509 211314 18 779
30529 210397 17 761
30549 211994 18 781
30568 211000 16 722
30587 211237 17 749
30608 211285 18 739
30634 211461 23 748
30654 211667 18 762
30674 211246 17 766
30694 211104 17 762
30713 211840 17 745
30733 210799 17 752
30752 211622 17 767
30772 210757 17 773
30791 212343 17 759
30814 211570 20 711
30838 211663 19 761
30857 210283 16 732
30876 211614 17 756
30895 212278 17 766
30915 211842 17 771
30935 211851 17 753
30955 211496 18 751
30975 211413 17 762
30996 212337 18 809
31017 211014 18 743
31042 211577 22 754
31063 211623 18 783
31082 211557 16 742
31101 210670 17 748
31120 210804 16 735
31140 211950 18 791
31159 210121 17 746
31179 212084 17 778
31198 211051 17 749
31218 210721 17 767
31242 212646 21 799
31268 211479 24 759
31289 211578 18 789
31310 211710 18 767
31329 210810 17 748
31348 210998 16 737
31367 211755 17 744
31387 211059 17 768
31406 211122 16 724
31425 211064 17 764
31447 209585 19 737
31472 212002 23 767
31492 212175 17 752
31511 212362 17 750
31531 212593 17 769
31549 211335 16 733
31569 211021 17 742
31588 210462 16 747
31607 211530 17 774
31627 211575 17 754
31646 211148 16 746
31668 211174 19 744
31694 211102 21 745
31714 211622 18 785
31734 211995 17 751
31753 210907 17 737
31773 211159 17 746
31794 212481 18 782
31816 211977 19 828
31835 210509 16 717
31854 211098 17 719
31886 211483 28 743
31912 212827 23 713
31932 210614 18 748
31954 211780 19 808
31974 210837 17 731
31995 210641 18 769
32015 211744 18 759
32041 212359 22 794
32061 211215 18 726
32083 211013 19 745
32115 211589 27 769
32135 211240 17 753
32155 211103 18 752
32176 211985 18 764
32198 211023 20 722
32237 212409 34 753
32259 211702 19 776
32280 211563 18 764
32305 211579 22 736
32333 210838 25 770
32352 211481 17 731
32372 211462 17 758
32392 210791 17 764
32411 211270 16 727
32430 211138 16 746
32449 211864 17 733
32469 211327 17 758
32489 211696 17 768
32509 211865 17 767
32537 211681 26 755
32561 211416 21 741
32581 212416 17 773
32599 211324 16 740
32619 212310 18 786
32639 211223 17 745
32657 210526 16 715
32677 211775 17 768
32696 212021 16 727
32715 211993 17 771
32736 210641 18 741
32761 209943 21 702
32780 211454 17 747
32799 211565 16 738
32819 210860 17 765
32838 211704 16 743
32858 211636 17 748
32880 211748 18 787
32901 211994 19 759
32922 210972 18 776
32943 211687 18 762
32972 210706 26 739
33000 212070 23 772
33021 211424 18 750
33041 210910 17 729
33062 210903 19 772
33083 211764 18 752
33103 211683 18 746
33125 212204 19 783
33148 211857 21 754
33178 211300 28 755
33217 212433 27 728
33247 211325 25 797
33274 211328 24 749
33309 211307 30 733
33330 210920 18 757
33351 211842 18 749
33376 210548 22 764
33417 211467 39 754
33449 211057 25 735
33470 211732 19 792
33494 211391 21 721
33522 210906 24 763
33544 212068 19 795
33563 211523 17 739
33583 212318 17 771
33616 211356 30 765
33649 211917 29 757
33672 211514 18 754
33693 210837 18 754
33713 212151 18 781
33733 210458 17 734
33752 211358 17 739
33772 210894 17 740
33792 211530 17 764
33817 213267 21 808
33847 211354 27 751
33867 211789 18 768
33887 211252 17 754
33906 210825 17 733
33926 211739 17 762
33946 210071 17 752
33967 211304 18 768
33987 210774 17 747
34007 212130 18 776
34031 211945 21 788
34058 212146 25 773
34078 210280 17 727
34099 212155 18 781
34118 210221 17 739
34139 212274 18 772
34159 211042 18 774
34178 211603 17 743
34198 212342 17 747
34217 212374 17 748
34240 211008 20 723
34267 211777 24 784
34285 211067 16 710
34305 211756 17 758
34324 210625 17 766
34344 211575 17 753
34364 211512 18 770
34384 211420 18 782
34405 211248 18 793
34425 212879 18 782
34446 211221 18 772
34469 209837 21 729
34491 211314 18 731
34510 210940 17 751
34530 210964 17 751
34552 211189 17 764
34573 211575 18 798
34593 210517 17 764
34612 211699 17 753
34632 211756 17 784
34653 211186 18 766
34681 210975 25 738
34700 209859 16 723
34720 212823 18 781
34740 213036 17 763
34759 211072 17 755
34780 213464 18 786
34801 212088 18 785
34823 211592 19 770
34843 211571 18 772
34863 211061 17 747
34885 210988 20 778
34912 212147 23 798
34932 211946 17 756
34952 211990 17 764
34972 210937 17 746
34992 211305 17 781
35011 210865 17 769
35031 211876 17 766
35051 211125 17 767
35071 212444 18 750
35090 211910 16 725
35123 212333 30 768
35143 212063 18 783
35162 210526 16 715
35182 210727 17 751
35201 211955 17 742
35220 210927 17 762
35240 211805 17 750
35259 210991 16 736
35279 211766 17 758
35299 211755 17 763
35322 210847 21 743
35347 211573 22 745
35367 211750 18 782
35387 211767 17 724
35406 211359 17 746
35426 212390 17 769
35446 211488 17 771
35466 212295 18 777
35487 212610 18 785
35506 210934 17 757
35527 211575 18 718
35551 212196 21 738
35572 211586 18 784
35592 212030 17 762
35612 211161 17 735
35631 210917 17 759
35650 211127 16 737
35669 210580 16 725
35690 212146 18 783
35710 211309 17 760
35730 211639 18 769
35756 212068 23 769
35776 210783 17 741
35796 211882 18 773
35816 211098 17 767
35836 210702 17 763
35856 211763 18 806
35876 211302 17 749
35896 211668 17 763
35943 211066 20 757
35969 211714 23 796
35988 211344 17 740
36007 211586 17 733
36027 212579 17 768
36046 211624 16 739
36067 211616 18 787
36086 210958 16 725
36106 210856 17 778
36125 210363 17 761
36145 211034 17 781
36168 211210 20 750
36194 210662 22 765
36218 211500 21 776
36237 211402 17 747
36257 211541 17 768
36277 211445 18 787
36297 211008 17 764
36317 212257 17 782
36336 211735 17 757
36356 211303 17 763
36383 211325 24 742
36405 211642 19 771
36429 210656 20 754
36449 212033 18 780
36469 213237 18 794
36489 211780 17 771
36508 211345 16 727
36527 211270 17 773
36546 212456 17 760
36567 211155 18 770
36588 210741 19 734
36615 210668 24 744
36634 210953 16 740
36653 211382 16 745
36673 211649 17 739
36692 211948 17 755
36712 210318 17 764
36731 211645 17 778
36751 210902 17 764
36770 211999 16 739
36793 211753 20 796
36817 211043 22 750
36838 212239 18 781
36858 211887 17 772
36878 211308 17 743
36898 210592 17 776
36918 211063 17 770
36938 211259 17 773
36958 211361 18 782
36978 211872 18 767
36998 211865 17 757
37027 210463 26 756
37046 211179 16 724
37067 213008 18 774
37086 211623 17 750
37106 210528 17 736
37125 210662 17 745
37146 211611 18 789
37166 211200 17 769
37186 210396 17 773
37206 211391 17 777
37229 212078 20 784
37256 211011 25 742
37277 212147 18 802
37296 211263 17 732
37315 210659 17 750
37335 211264 17 750
37354 210188 16 745
37373 210905 17 748
37392 211112 17 759
37412 211028 17 771
37431 209954 16 725
37453 212353 20 758
37480 211693 22 757
37500 211919 18 777
37521 212371 18 791
37540 212491 17 760
37560 211640 17 751
37579 210629 17 767
37598 210758 16 730
37619 212060 18 800
37638 211719 17 751
37662 211746 21 752
37686 210747 22 749
37705 211441 17 741
37726 211908 18 784
37746 210916 17 757
37765 210699 17 734
37784 211450 17 746
37804 210353 17 744
37825 211960 19 769
37845 211686 17 751
37864 211416 17 753
37890 212382 23 764
37916 212430 23 766
37936 212259 17 757
37956 211930 17 757
37976 212261 17 756
37996 211256 17 767
38015 211444 17 740
38033 210670 16 713
38053 211299 17 766
38073 211372 18 746
38098 210758 23 767
38119 211244 18 762
38139 211828 17 780
38159 210868 17 761
38178 211739 16 726
38197 210688 17 746
38215 211098 15 703
38236 212002 18 784
38256 210985 18 771
38276 211709 17 753
38297 211655 18 767
38324 211330 24 765
38343 210450 17 748
38363 211684 17 768
38382 211064 16 729
38401 210255 16 713
38420 211787 17 745
38440 210722 17 777
38460 210845 17 770
38481 211658 19 808
38502 211568 19 774
38528 211956 23 764
38549 211934 18 791
38569 212249 18 785
38589 212088 17 767
38609 211907 17 759
38628 211694 17 749
38647 211234 17 762
38668 211804 18 779
38688 211372 17 786
38708 211182 18 764
38731 211481 20 761
38755 211821 22 773
38775 211507 17 777
38794 210437 17 738
38814 211035 18 794
38835 211120 18 776
38853 211335 16 734
38873 211826 17 767
38892 211339 17 748
38912 211093 17 753
38933 212675 18 793
38961 211626 25 780
38980 211441 17 729
39000 211231 17 763
39019 211592 17 760
39040 212566 18 808
39061 212143 18 796
39081 211146 17 756
39098 210364 15 696
39118 211535 17 768
39137 211465 17 735
39160 211118 20 762
39191 210730 28 783
39211 212203 18 767
39231 211379 18 775
39251 211257 17 756
39270 210517 16 720
39290 211326 18 774
39311 211405 18 796
39330 210877 17 742
39350 210598 17 770
39372 211909 20 770
39396 211437 21 738
39417 211616 18 782
39437 212771 17 771
39456 212212 17 739
39476 211526 17 763
39496 211353 17 749
39515 211139 17 760
39535 212356 17 757
39554 211266 16 737
39576 211598 19 817
39602 211175 23 779
39622 211219 17 767
39642 211853 18 772
39661 212073 16 731
39681 212221 17 760
39701 213263 18 790
39720 211317 16 741
39738 210697 16 706
39758 211252 17 769
39777 211429 17 760
39804 210867 24 765
39826 210086 17 745
39845 210866 17 738
39864 210930 16 722
39883 212925 17 775
39903 211568 17 762
39923 211871 17 774
39942 211431 17 761
39963 212189 18 766
39983 212276 17 746
40005 210923 20 739
40032 212277 25 775
40052 211756 18 761
40072 211106 17 762
40092 210766 17 763
40114 212241 19 770
40135 212189 18 814
40154 211433 17 760
40174 210812 17 757
40193 211539 17 739
40215 211113 20 758
40240 211635 22 759
40259 210665 17 756
40279 211275 17 756
40299 212240 17 770
40319 211040 18 786
40339 211840 17 773
40359 210665 17 739
40378 211503 17 757
40398 211291 18 787
40418 211950 17 770
40452 211360 31 763
40472 210817 17 752
40491 211959 16 716
40511 211286 17 769
40531 211976 18 770
40550 211761 17 742
40571 211875 18 771
40590 212161 17 757
40610 210544 17 765
40631 212540 18 779
40654 211609 21 761
40680 211691 23 810
40699 211184 16 727
40718 211843 17 759
40738 211004 17 765
40758 211301 17 755
40777 211342 17 751
40797 211558 17 747
40816 211274 17 750
40836 210466 17 768
40861 210841 23 757
40883 212150 18 777
40903 211728 18 791
40922 211209 16 736
40941 211079 17 773
40961 212069 17 768
40981 212589 17 758
41001 212322 18 799
41020 211046 16 731
41039 212005 17 775
41060 211305 18 780
41085 210322 22 733
41108 211456 19 798
41128 211823 17 761
41148 211478 17 775
41167 212675 17 752
41187 211849 17 754
41206 212158 17 770
41225 211548 17 711
41245 211372 17 745
41263 210960 16 725
41286 211649 20 753
41311 211170 23 763
41331 210583 17 757
41350 212102 17 773
41370 211005 17 753
41390 212045 17 764
41410 211327 17 758
41430 210971 18 774
41450 211743 17 772
41470 211917 17 763
41493 210344 20 738
41518 211110 23 763
41538 211068 17 738
41557 211258 17 739
41578 212298 18 772
41598 211713 18 784
41619 212015 18 774
41639 211847 18 787
41659 210802 17 765
41678 211095 16 725
41699 211009 18 760
41722 211036 20 768
41744 211528 18 771
41765 212635 18 786
41783 210696 16 725
41803 213348 17 771
41824 211715 18 764
41844 211655 18 767
41864 212462 18 749
41885 211919 18 788
41907 212618 20 785
41936 211700 25 759
41958 211527 17 738
41978 211893 17 746
41998 211296 17 752
42018 210408 17 748
42038 212332 18 767
42058 210968 17 737
42079 211724 18 762
42099 211709 18 770
42123 211289 21 761
42148 210884 21 739
42168 212844 17 755
42189 212309 19 791
42210 211124 18 768
42230 212068 17 755
42250 211995 17 739
42270 211352 17 756
42290 212204 17 749
42312 212288 19 810
42333 211275 18 742
42366 210987 30 783
42387 212119 18 782
42406 211307 17 720
42426 211328 17 746
42446 211229 17 744
42465 211296 17 734
42486 212134 18 771
42505 210740 17 744
42525 212165 17 755
42544 211049 17 737
42567 211284 19 763
42592 211916 19 781
42612 211063 18 779
42633 211578 18 782
42653 211242 17 760
42672 211418 16 715
42691 211075 17 734
42711 210261 17 766
42730 210093 17 742
42751 211440 19 766
42778 210926 23 736
42797 211538 17 737
42817 210826 17 749
42838 211447 18 746
42858 211612 17 750
42891 211476 31 752
42911 210475 17 755
42931 211232 17 760
42951 212241 17 768
42974 211416 20 748
43013 211955 36 802
43035 211199 19 772
43056 210932 18 769
43084 212202 20 773
43116 212681 28 805
43141 212393 19 779
43166 211858 23 761
43188 212121 19 748
43224 210085 33 753
43252 211402 22 781
43273 212030 18 761
43300 210834 24 763
43320 211134 18 754
43359 211232 34 761
43384 212798 22 817
43421 210917 34 773
43444 212145 21 785
43471 212368 22 770
43498 212741 24 795
43519 212739 19 785
43545 210223 23 729
43567 211442 18 747
43587 211821 17 759
43606 212050 17 753
43639 211442 29 771
43665 210364 23 757
43684 210909 17 742
43709 210912 22 760
43729 211382 17 754
43751 212145 20 783
43771 211526 17 751
43791 211088 17 771
43812 211422 19 801
43840 210895 25 736
43862 211781 18 754
43885 211655 21 749
43905 211950 17 765
43924 210549 17 750
43944 212283 17 757
43964 211785 18 804
43985 211912 18 790
44005 211671 18 785
44025 210736 17 759
44051 212202 24 764
44073 211487 18 764
44102 211693 25 774
44124 211155 19 763
44144 211001 17 729
44164 211504 18 775
44184 211959 18 757
44205 210675 18 774
44225 211321 17 745
44247 211698 20 732
44273 210370 22 759
44293 211494 17 762
44313 211006 17 764
44333 210810 17 742
44353 210601 18 798
44373 210052 17 720
44393 211256 17 744
44413 210694 18 757
44433 210879 17 741
44454 211907 18 757
44489 210835 31 752
44510 211640 18 779
44531 212028 18 798
44551 213015 18 782
44572 211281 18 741
44591 211797 17 746
44610 211429 17 735
44630 211216 17 762
44650 212022 17 767
44672 210665 19 774
44701 211657 25 749
44720 209808 16 709
44739 211350 17 735
44759 211995 18 772
44780 211882 18 779
44801 211609 18 764
44822 211970 18 782
44843 212197 18 777
44863 211545 17 763
44886 211677 20 786
44910 210245 22 751
44931 211418 18 769
44950 211225 17 748
44969 210270 17 731
44990 211967 18 774
45010 211650 18 769
45030 211673 18 741
45051 210569 18 768
45072 212333 18 770
45095 211073 20 750
45130 211335 32 773
45150 211280 17 750
45171 211243 18 762
45191 211872 17 762
45211 211647 18 759
45231 211446 17 773
45251 211292 17 750
45271 211697 18 756
45304 211808 30 751
45327 211439 20 734
45353 210905 23 730
45373 211475 17 759
45397 210886 22 761
45418 212381 18 772
45438 211185 18 775
45457 210545 17 751
45477 211625 17 744
45499 211300 20 756
45520 211113 18 763
45549 211333 25 769
45569 211796 17 748
45589 210057 17 765
45609 210279 17 746
45627 211088 16 730
45647 211963 17 757
45667 211059 18 759
45687 210449 18 743
45707 212201 17 747
45726 211069 17 731
45749 212317 21 765
45777 211769 23 765
45797 211679 17 756
45819 212063 19 812
45839 210967 18 763
45859 210404 17 762
45879 212416 17 765
45898 211022 17 744
45919 212011 18 755
45939 210682 17 758
45963 211764 21 754
45995 211564 30 776
46015 211135 17 736
46036 211239 18 770
46056 210696 18 752
46076 210390 17 738
46097 211960 18 816
46116 212034 17 731
46137 211913 18 756
46157 212034 18 770
46184 211596 24 777
46204 211753 18 779
46224 212509 18 787
46245 211760 18 783
46264 211043 17 736
46283 211838 17 751
46304 211925 18 759
46326 211915 19 786
46346 211647 18 772
46366 211523 18 776
46387 210877 18 726
46414 212025 23 762
46434 211644 17 766
46455 212244 18 782
46476 211916 19 819
46497 211170 18 754
46516 211211 16 731
46536 212401 17 771
46556 211673 18 773
46576 211461 17 775
46595 211405 17 715
46622 211064 24 746
46642 210625 17 745
46661 211399 17 737
46681 212342 17 759
46701 211410 18 791
46721 211268 17 753
46740 210987 17 736
46760 211515 18 781
46780 210848 17 731
46799 211234 17 751
46822 211514 20 795
46850 211127 26 767
46871 211929 18 792
46889 210652 16 736
46909 211769 17 766
46929 211614 18 784
46950 211817 18 800
46969 211445 17 748
46989 211704 17 751
47009 212182 17 760
47029 211328 17 747
47055 212140 23 764
47075 211668 17 740
47095 211443 17 772
47114 211772 17 738
47133 211304 17 750
47153 210544 17 743
47180 210872 24 748
47203 211729 19 787
47223 211290 18 769
47246 211143 21 777
47286 210700 37 747
47306 210031 17 726
47326 210906 18 763
47355 211689 26 773
47376 211864 18 742
47397 212412 18 771
47416 212330 17 743
47436 211695 18 773
47460 211387 21 754
47486 212027 23 749
47505 211054 16 722
47525 210592 17 752
47544 211941 17 742
47564 211348 17 759
47584 211961 18 762
47605 210582 17 727
47625 211965 17 776
47645 211968 18 758
47665 211680 18 781
47689 211863 21 761
47715 211708 19 762
47735 211245 18 774
47756 210809 18 792
47775 211003 16 729
47795 212013 18 774
47815 211728 17 760
47835 211603 18 769
47855 211772 17 743
47876 211861 18 786
47898 211943 20 771
47926 211863 24 746
47945 210891 17 752
47965 211397 17 737
47986 212176 18 796
48005 211304 17 733
48026 211513 18 785
48045 211850 17 762
48066 211655 18 762
48086 212396 17 740
48106 211162 17 750
48134 210518 25 763
48154 210995 17 779
48174 210858 17 756
48194 211820 17 762
48215 212149 18 782
48235 211756 18 781
48256 212574 18 802
48276 212060 17 773
48295 210456 16 728
48315 211760 17 751
48337 212474 20 791
48368 212239 28 777
48389 211791 18 790
48409 211397 17 749
48428 211811 17 753
48448 211103 18 760
48468 212351 17 759
48489 211828 18 774
48508 210481 16 712
48527 211184 16 746
48560 211493 30 760
48581 211738 18 742
48601 212077 18 793
48621 211571 17 756
48640 211959 16 734
48660 211845 17 765
48680 210901 17 770
48698 211196 16 721
48718 210999 17 750
48737 210913 16 726
48759 211576 20 805
48802 211224 39 765
48822 211581 18 762
48843 211723 18 782
48863 211114 17 752
48882 210332 17 730
48905 211832 20 753
48930 210911 22 764
48950 211101 18 768
48973 211525 20 768
49001 210905 25 743
49021 210779 17 731
49040 210848 16 727
49058 210950 16 698
49078 210788 17 746
49099 211088 18 768
49119 212132 18 773
49140 211611 18 786
49160 211760 17 765
49180 212097 18 764
49207 211802 23 748
49230 211671 18 735
49250 211112 18 739
49283 211823 30 778
49312 211953 26 742
49338 211411 23 743
49359 211572 19 766
49380 212565 18 753
49403 212195 21 767
49430 212019 21 768
49451 212265 18 778
49470 213060 17 733
49491 212223 18 809
49512 211781 18 781
49532 211222 17 753
49551 211356 16 722
49570 212233 17 748
49590 212344 17 757
49616 211474 23 728
49640 211321 19 764
49659 210960 17 742
49679 211766 18 775
49700 211508 18 784
49720 210890 17 755
49740 211935 17 761
49759 211010 16 706
49778 211442 16 731
49798 212208 17 765
49821 211408 20 763
49851 212571 28 784
49872 211966 18 776
49892 211208 17 743
49912 212018 17 756
49932 211882 17 771
49951 211540 17 748
49971 211012 17 762
49991 211126 17 771
50010 210752 17 758
50030 211890 17 759
50059 212136 26 771
50080 211826 18 762
50099 211172 17 744
50118 210415 16 720
50137 211404 17 729
50157 211879 17 768
50177 212242 17 782
50197 212127 18 794
50216 210714 16 730
50235 212204 17 753
50258 211794 20 776
50287 211739 26 768
50307 212108 18 774
50328 210850 19 761
50348 210880 17 738
50368 211357 17 771
50388 211845 17 758
50408 211542 17 755
50428 211112 17 766
50447 211107 17 770
50469 212324 19 771
50494 211963 22 750
50514 210804 18 779
50534 211556 17 754
50554 212941 18 785
50575 211370 18 737
50596 212697 18 790
50616 211397 17 772
50636 211601 17 771
50656 211999 18 786
50679 210638 20 758
50705 211713 24 760
50724 211123 16 737
50743 211926 17 741
50763 210794 17 760
50783 211688 18 782
50804 211907 18 788
50825 211341 18 775
50845 211838 17 733
50864 211594 17 748
50886 211810 20 739
50916 212019 26 803
50935 211338 17 735
50956 211268 18 775
50975 211568 17 738
50994 211108 17 745
51013 211144 16 733
51033 211294 17 757
51053 211105 17 762
51073 212006 18 785
51093 211469 17 746
51125 212106 29 796
51147 211115 18 746
51167 210905 17 737
51187 210134 17 743
51206 210782 17 743
51225 211088 17 741
51246 211965 18 772
51267 211367 18 778
51287 212279 18 787
51307 212704 18 774
51337 210759 27 729
51361 211826 19 774
51384 211899 21 755
51404 212146 18 769
51424 211339 17 763
51443 211572 17 749
51463 211210 17 753
51483 211728 17 776
51502 211165 17 742
51521 211256 16 734
51545 211353 21 803
51571 211151 22 785
51594 212227 21 774
51614 212318 17 771
51634 213127 18 764
51653 210218 16 706
51672 210554 16 705
51691 211378 17 760
51711 211262 17 762
51730 210628 17 750
51752 211131 19 742
51776 211258 19 757
51796 211482 17 764
51816 211643 18 773
51836 211281 18 761
51857 212050 18 780
51876 211177 17 744
51896 211846 17 739
51916 212429 18 788
51936 211626 17 761
51959 211486 20 788
51984 211511 23 749
52004 211901 17 758
52024 211666 18 792
52043 211402 17 746
52063 211041 17 761
52084 211721 18 787
52104 210500 17 757
52123 210666 17 752
52143 212126 17 762
52162 211300 17 752
52184 211595 19 758
52210 211075 23 772
52229 211907 17 743
52249 211336 17 756
52269 211604 17 774
52289 212382 17 757
52309 210889 18 774
52329 211885 18 784
52349 211453 18 768
52371 212317 19 809
52394 211669 20 769
52429 211583 31 764
52449 210659 17 750
52469 212008 17 753
52489 210969 17 759
52508 211734 17 748
52528 211892 17 759
52548 211481 17 757
52568 211455 18 762
52589 211222 18 758
52614 211593 23 787
52638 210776 19 750
52658 210971 17 748
52678 211410 17 740
52697 210603 17 735
52718 211556 18 775
52737 210275 17 754
52757 212210 17 774
52777 212164 17 758
52797 211766 17 750
52820 211908 20 769
52848 210441 26 779
52868 212194 17 747
52888 210554 17 724
52908 211701 18 758
52928 210687 17 734
52948 210452 17 747
52966 210985 16 718
52986 212671 17 763
53006 212059 17 768
53027 209876 18 735
53053 211446 23 749
53074 211452 18 764
53094 211465 18 767
53113 211842 16 709
53132 211322 17 745
53152 212016 17 753
53172 211419 17 736
53192 211783 18 788
53213 211235 18 792
53234 212164 19 808
53261 210051 23 732
53282 211012 17 750
53301 210628 16 731
53321 212180 17 753
53342 213055 18 812
53361 212178 17 745
53381 211855 17 769
53399 211345 16 713
53419 211773 17 763
53439 210950 17 753
53459 210423 18 735
53485 210904 23 751
53505 211160 17 770
53525 211132 17 756
53544 211474 17 745
53563 211049 17 740
53583 211525 17 778
53603 211294 17 757
53623 211979 17 768
53642 212149 17 758
53664 212616 19 790
53685 212351 18 748
53712 211741 24 776
53732 211455 18 746
53753 211255 17 762
53773 211267 18 780
53793 212472 17 775
53813 212675 18 793
53832 211610 16 716
53851 210265 17 748
53871 212092 17 759
53896 210873 22 701
53916 211525 17 751
53936 211710 17 762
53955 210848 16 736
53975 211281 17 773
53993 212044 16 709
54013 212336 17 762
54033 212036 17 763
54053 210868 17 741
54072 211243 17 744
54093 212558 18 785
54120 212207 24 783
54140 211775 17 757
54160 211537 17 747
54180 211214 18 782
54200 211794 18 779
54221 211786 18 792
54240 211842 17 756
54260 212062 17 756
54279 210900 16 727
54299 211323 17 754
54321 212008 20 779
54345 211508 21 717
54364 212479 17 745
54384 212248 17 751
54404 211870 18 764
54424 211603 17 744
54443 211291 17 749
54463 211514 17 757
54482 212163 17 747
54503 211318 18 774
54522 212650 17 766
54543 211195 18 741
54570 211744 22 773
54590 212037 17 753
54609 210527 17 757
54629 211734 17 775
54649 211418 17 758
54668 212129 17 755
54688 211342 17 767
54707 211629 16 745
54727 212621 17 775
54748 210882 18 721
54774 211100 22 767
54794 210877 18 774
54814 211384 17 765
54833 212287 17 769
54853 211084 17 753
54873 210455 17 752
54892 211112 17 739
54911 210971 16 738
54930 211021 16 739
54954 210662 21 782
54986 211954 29 764
55006 211722 17 734
55026 211630 18 779
55045 210662 17 752
55066 211639 18 783
55086 211623 17 760
55105 211116 17 739
55125 211045 17 756
55145 212097 17 767
55168 212239 20 786
55192 212520 21 771
55212 212447 17 772
55233 212003 18 797
55252 211531 17 737
55273 211652 18 797
55293 212065 18 782
55313 210914 17 764
55333 212536 17 768
55352 210919 17 747
55374 211197 19 755
55399 211137 22 753
55419 211895 17 755
55439 210858 17 758
55459 211917 18 773
55479 210687 17 755
55499 211121 17 778
55519 211570 17 777
55538 212246 16 739
55556 211527 16 735
55576 211592 17 742
55602 210755 22 746
55622 211242 17 744
55642 211553 17 753
55661 211290 17 768
55682 211004 18 777
55700 210964 16 726
55721 212118 18 784
55741 211542 17 757
55761 212200 17 753
55781 212137 17 738
55808 211729 23 732
55827 210933 17 759
55847 211810 17 741
55868 211589 18 806
55888 211154 17 772
55908 212483 18 802
55928 212419 17 741
55948 211464 18 767
55968 211585 17 770
55988 211229 18 775
56010 210692 19 729
56036 211379 24 783
56056 211225 17 773
56076 211777 17 756
56096 211932 17 770
56115 211134 16 722
56134 211953 17 756
56154 211129 17 767
56174 211762 17 781
56194 211985 17 777
56222 211715 26 737
56246 211824 19 750
56266 210552 17 750
56286 210502 18 749
56307 210846 18 792
56327 211886 18 783
56348 211611 17 765
56368 212002 18 785
56387 209597 16 720
56407 211114 17 768
56430 211988 21 762
56455 211297 22 736
56476 211164 19 823
56495 211268 16 729
56515 211303 17 756
56535 211365 17 768
56555 211497 18 763
56574 211101 17 741
56593 212168 16 726
56614 212006 18 778
56634 211409 18 777
56661 211744 25 800
56681 211692 17 728
56700 211792 17 753
56719 210775 17 745
56739 211288 17 753
56759 211431 17 772
56778 210454 17 754
56799 212618 18 785
56818 211381 16 737
56837 210968 17 743
56860 211596 20 770
56886 210886 23 757
56906 211890 18 788
56926 211210 17 737
56946 211744 17 770
56965 210800 17 750
56985 211091 17 759
57005 211178 17 755
57024 210156 17 760
57045 211574 18 777
57068 211948 20 748
57095 210923 25 743
57115 211962 17 747
57134 211796 17 747
57154 211447 17 767
57173 211463 17 747
57194 211415 18 782
57214 210602 17 765
57234 211165 17 774
57254 212082 17 763
57274 212476 17 766
57299 212345 23 779
57322 212200 19 779
57343 211723 18 782
57364 211846 19 792
57384 210751 17 749
57404 210856 17 750
57424 211745 17 767
57442 210988 16 725
57462 211253 17 773
57482 211538 17 750
57503 211998 19 783
57529 210478 23 717
57549 211431 17 763
57569 211227 17 762
57588 211342 17 745
57608 211469 17 780
57628 212047 18 772
57648 211566 17 746
57667 211328 17 760
57687 211394 17 764
57708 212236 19 753
57737 211486 24 761
57757 211095 17 773
57777 210782 17 761
57796 210664 17 760
57816 211893 18 795
57836 210973 17 723
57856 211764 17 759
57877 211706 19 798
57898 211913 18 752
57917 211866 17 743
57945 211190 24 762
57966 210891 18 781
57986 210913 17 748
58005 212437 17 740
58026 212539 18 797
58045 211871 16 732
58065 211691 17 764
58084 211661 17 770
58104 211349 17 754
58123 211167 17 753
58145 211920 19 748
58172 212473 24 776
58192 211485 17 777
58212 211315 17 771
58232 211398 18 769
58252 211587 17 766
58273 211897 18 790
58293 212458 18 780
58313 210534 18 774
58333 211929 17 751
58355 212517 19 760
58382 211672 23 773
58401 210103 17 740
58421 211397 18 795
58441 211190 17 746
58459 210926 16 732
58480 212476 18 761
58500 210583 17 767
58519 210029 16 725
58538 211377 17 757
58559 211588 17 763
58587 211511 26 772
58606 210290 17 726
58626 212268 17 757
58645 211056 16 728
58665 212339 17 763
58685 211153 18 763
58704 210326 17 734
58725 212147 18 775
58745 210825 17 783
58765 211529 18 784
58787 210859 20 734
58814 211694 24 778
58834 211881 17 755
58858 211075 21 766
58878 211964 17 755
58898 211668 18 772
58917 211658 16 724
58938 212653 18 796
58957 211498 17 756
58976 211703 17 747
59008 211978 29 738
59033 212009 20 744
59054 210805 17 742
59074 211555 18 758
59095 212528 18 779
59114 211566 17 763
59134 211264 17 788
59154 211269 17 766
59174 210879 17 762
59194 211991 17 774
59218 211118 21 777
59243 210751 20 759
59263 212035 17 765
59283 211993 18 793
59303 211227 17 754
59322 211506 17 755
59341 212134 16 749
59359 210619 16 712
59379 212824 17 783
59399 212036 17 766
59419 211845 17 768
59445 211740 23 765
59465 211957 17 739
59485 212097 17 771
59505 211557 17 755
59525 211649 17 762
59544 211287 17 772
59564 211236 17 751
59583 212430 17 767
59603 211925 17 766
59622 212142 17 760
59644 210790 19 737
59669 211038 23 724
59689 211209 17 758
59708 211405 17 744
59728 212646 17 744
59748 212064 18 769
59768 212149 17 771
59787 211808 17 756
59807 212030 17 768
59827 211256 17 750
59849 210784 19 768
59874 211261 22 776
59894 211322 18 775
59914 211746 18 781
59933 209676 17 735
59953 211826 17 753
59972 211606 16 733
59992 211660 17 770
60012 211056 17 757
60031 211497 17 756
60051 211349 17 752
60078 212182 23 779
60099 212442 18 768
60118 210602 16 728
60138 211647 18 775
60157 210860 17 745
60178 212457 18 798
60198 210811 17 773
60218 211110 18 782
60239 211714 18 786
60258 210504 17 760
60290 211030 29 758
60313 211829 20 783
60333 211577 17 752
60353 211944 17 732
60373 211195 18 760
60393 212177 17 762
60413 212887 18 774
60433 211251 17 756
60453 211058 18 786
60474 210896 18 799
60497 212227 20 773
60522 212627 20 741
60541 210857 17 744
60562 211880 18 778
60582 210949 17 762
60601 211918 17 741
60621 211332 17 758
60642 211225 18 779
60663 212226 18 782
60683 210374 17 756
60705 211287 20 764
60730 211908 20 770
60750 210634 17 745
60769 210892 16 720
60788 212300 17 744
60808 211467 17 770
60827 211425 17 758
60847 211471 17 762
60867 212066 17 753
60887 211298 17 741
60908 210431 19 732
60933 210919 22 745
60953 211190 17 738
60972 212298 17 738
60992 211576 17 761
61012 211024 17 769
61032 211482 17 760
61053 211691 18 783
61073 212117 18 772
61093 211171 18 766
61115 211199 19 762
61142 211999 24 752
61162 211533 18 781
61182 211819 17 768
61201 211710 17 769
61222 211584 18 791
61242 212127 18 766
61262 211983 17 746
61280 210510 16 705
61299 211243 16 730
61320 211288 18 772
61341 211609 19 741
61366 211991 20 767
61385 211216 17 749
61405 212008 17 763
61425 211129 17 772
61445 211265 17 765
61464 210730 17 742
61485 212376 18 781
61504 210878 16 727
61524 211593 17 767
61549 210722 22 715
61575 211844 21 771
61596 211642 18 770
61616 210653 17 760
61635 211536 17 759
61654 211745 17 749
61674 210651 17 749
61694 211178 17 740
61714 211584 18 783
61734 212025 18 795
61755 210931 18 740
61777 211559 18 741
61805 211046 25 738
61823 211512 16 729
61844 210350 18 776
61864 210850 17 749
61884 211523 18 774
61906 211532 19 808
61926 211385 18 778
61945 210890 17 748
61965 212033 17 746
61988 210926 20 737
62012 212456 20 782
62031 211304 17 746
62051 212742 17 752
62071 211864 17 753
62092 212468 18 778
62112 211501 17 752
62132 211418 17 757
62152 211222 17 755
62172 211450 18 764
62193 211529 19 754
62220 212541 24 780
62240 212063 18 780
62260 211974 17 743
62279 210986 17 753
62299 212003 17 768
62320 211555 18 778
62340 212133 18 773
62359 212028 16 736
62378 210796 16 716
62400 210812 19 758
62425 211797 22 760
62445 211846 17 763
62464 212143 17 772
62484 212270 17 763
62504 210715 17 752
62524 211632 18 780
62543 210467 16 706
62562 211097 17 750
62582 211771 17 768
62602 211648 17 768
62624 211086 19 738
62647 212319 19 785
62667 211177 17 754
62687 210863 16 722
62707 211572 17 765
62726 210916 17 753
62745 211462 17 752
62766 211877 18 795
62784 211212 16 709
62804 211850 18 786
62826 211448 19 749
62854 211140 22 745
62874 211527 17 766
62893 211688 17 740
62913 212610 18 776
62932 210370 16 717
62953 211678 18 792
62972 211975 17 752
62992 211357 17 750
63012 211436 17 757
63043 210961 29 763
63064 210782 18 722
63084 212159 18 781
63104 212820 18 779
63124 211121 17 725
63144 211308 18 780
63162 210448 16 708
63181 211107 17 750
63201 212020 17 773
63221 210945 17 768
63243 212410 20 772
63270 211327 24 753
63289 210452 17 734
63309 211800 17 752
63329 210785 17 761
63349 211691 17 779
63369 210582 17 741
63389 210614 17 763
63409 211557 17 768
63429 211275 17 780
63451 212113 20 786
63477 212279 23 784
63496 211260 17 753
63517 212676 18 796
63537 211297 17 757
63557 212009 17 751
63577 211036 17 751
63595 211394 16 716
63614 210783 16 712
63633 211975 17 762
63653 211928 17 758
63681 211191 25 767
63701 211348 18 773
63721 210708 17 757
63741 211689 17 756
63760 212041 17 762
63780 210647 17 748
63801 211912 18 806
63821 212324 18 789
63842 211469 18 779
63861 211578 17 756
63883 211798 19 764
63909 212922 24 785
63930 211195 18 775
63950 212259 17 768
63969 210627 17 742
63989 210840 17 753
64009 211673 17 755
64029 210606 18 779
64049 212135 18 767
64070 212502 18 769
64094 211337 21 749
64117 210929 19 752
64137 210486 17 745
64157 211541 17 764
64179 211862 20 766
64207 212054 24 769
64228 211757 18 796
64248 211655 18 775
64267 211310 16 719
64287 212689 17 768
64310 211202 20 736
64339 211376 26 738
64359 211592 17 747
64379 212133 18 761
64400 212744 18 746
64419 210617 17 729
64452 211917 30 767
64473 211769 19 753
64503 211720 27 797
64550 212551 45 803
64578 212042 21 753
64606 212127 23 788
64633 211041 24 781
64652 212395 17 724
64673 210912 18 760
64693 212012 18 783
64713 211041 17 729
64747 211526 31 755
64769 212552 18 770
64789 210798 18 759
64811 212298 19 783
64831 211457 18 770
64851 211089 17 735
64872 212846 18 801
64893 211773 18 807
64914 211374 18 752
64942 211997 25 763
64968 211391 21 785
64989 211663 18 752
65009 211144 18 765
65029 211431 17 735
65049 210599 18 767
65070 211854 19 788
65090 210797 17 748
65110 211725 17 764
65130 210654 17 763
65150 211972 18 737
65174 211790 21 767
65198 211628 18 762
65218 211641 17 762
65238 210653 17 758
65259 211784 18 785
65279 211598 17 747
65300 212261 18 765
65320 211539 17 754
65339 211636 17 751
65359 211793 17 769
65387 211849 25 763
65407 212258 18 775
65427 211792 17 763
65448 211890 18 770
65467 211738 17 766
65487 212063 17 760
65512 212211 23 771
65534 211866 19 784
65555 211211 18 744
65578 211134 20 748
65620 211539 38 786
65644 210934 19 764
65666 210586 19 770
65689 210871 20 765
65709 210781 17 719
65730 211211 18 757
65751 211648 18 757
65771 211827 17 729
65794 210731 21 788
65813 210981 16 732
65840 211473 25 774
65860 212262 17 773
65880 210804 17 735
65900 211727 18 782
65920 210927 17 746
65939 211768 17 753
65959 212384 17 748
65979 211731 17 769
65998 211402 17 762
66022 211371 21 791
66046 212351 22 756
66068 212049 19 758
66097 210973 26 786
66118 211876 19 777
66138 211993 18 747
66158 211552 17 762
66178 211220 18 764
66198 210642 17 743
66220 211817 20 771
66246 210503 22 753
66266 211156 17 743
66286 211519 18 760
66306 210910 17 753
66327 211650 18 792
66347 211484 17 757
66368 211974 18 801
66388 211018 18 777
66409 211992 18 786
66428 211299 17 737
66453 211762 22 780
66480 210275 23 724
66503 210706 20 741
66523 211155 17 727
66543 212710 18 783
66563 210971 17 749
66583 212112 17 759
66603 210846 18 769
66622 211339 17 731
66643 211926 18 782
66666 211411 21 732
66697 210687 27 775
66726 211512 26 788
66746 210546 17 728
66767 212147 19 767
66789 211803 19 769
66810 211551 18 784
66831 211623 19 777
66851 210152 17 730
66873 210914 19 731
66897 210805 21 752
66917 211521 17 742
66936 210490 17 734
66957 211484 18 744
66977 210812 17 733
66998 211184 18 775
67017 211135 17 741
67037 211205 17 751
67056 212290 17 725
67079 210991 21 767
67100 211405 18 739
67128 211821 24 791
67148 212052 17 758
67168 211857 17 760
67187 210869 17 756
67213 211580 23 742
67234 210834 18 764
67255 211863 18 779
67274 210992 16 723
67301 210443 24 744
67323 211297 18 741
67344 212488 18 771
67363 211256 16 736
67383 211691 17 771
67402 210911 17 736
67422 210745 17 753
67443 212101 18 786
67463 212028 18 793
67483 210925 17 761
67507 212348 21 779
67536 211567 26 782
67558 212072 18 765
67579 211945 18 756
67598 211280 17 737
67618 211088 17 748
67638 211323 17 746
67659 211851 19 806
67679 211758 18 755
67700 211654 18 778
67733 211868 31 790
67754 211607 18 775
67777 212254 20 794
67798 212359 18 752
67819 210767 18 727
67839 211773 18 769
67862 211437 20 773
67885 211323 20 780
67905 210823 18 761
67929 212508 21 768
67955 210847 23 747
67975 211652 17 764
67996 210454 18 721
68016 211170 18 751
68037 210686 18 756
68057 211277 17 756
68076 210831 17 720
68097 212217 18 787
68116 211715 17 747
68141 211208 20 773
68168 210876 24 730
68189 211859 18 778
68209 211737 17 756
68228 211633 17 747
68248 211532 18 780
68268 210851 17 734
68288 212376 17 757
68307 211083 17 739
68327 211753 17 737
68347 210990 17 762
68371 210677 21 742
68400 212646 25 782
68420 211927 17 758
68441 212013 18 782
68462 211601 18 790
68483 211823 18 791
68503 210976 18 756
68523 213262 17 757
68542 212164 17 738
68562 211811 17 744
68591 212618 25 786
68612 211781 18 756
68631 211681 17 762
68650 210722 16 709
68669 211516 17 735
68689 211998 18 805
68710 212586 18 794
68729 211407 17 778
68749 211713 17 778
68768 211509 16 736
68789 210853 19 733
68815 210961 23 739
68833 211202 16 734
68854 211545 18 767
68874 211997 18 782
68894 212797 17 764
68912 211195 16 720
68931 211741 17 745
68951 211261 17 782
68971 210930 17 757
68990 212172 17 761
69013 211316 20 767
69038 211931 22 752
69057 211976 17 747
69077 211436 17 753
69098 211206 18 773
69119 212248 18 787
69141 211402 19 774
69161 212048 18 781
69180 211357 16 719
69202 210949 19 777
69230 211833 25 790
69261 210957 27 735
69308 211665 44 775
69330 210585 19 724
69354 211464 21 777
69376 212134 19 740
69398 211526 19 753
69423 211313 22 790
69449 211595 23 769
69488 211700 31 764
69511 211422 20 751
69534 213118 20 774
69554 211080 17 740
69575 212468 18 752
69596 212320 19 766
69616 211600 17 732
69635 211311 17 738
69654 211185 16 721
69688 210834 31 772
69708 211339 17 742
69728 211395 17 748
69748 211597 17 752
69767 211381 17 749
69788 210525 18 783
69809 211333 19 775
69830 211780 18 747
69850 210759 18 774
69869 211801 16 724
69898 211513 25 757
69921 211984 19 761
69941 211236 18 805
69962 212303 19 775
69982 211827 17 729
70002 211378 18 759
70022 211795 17 747
70042 211756 17 755
70063 211621 18 758
70086 212335 20 772
70113 211332 24 738
70134 212260 18 792
70155 211668 18 763
70176 212769 19 800
70195 211074 16 724
70215 212878 18 775
70235 211922 17 769
70255 210826 17 730
70275 211869 17 747
70294 211277 17 738
70323 211318 25 761
70344 211903 18 777
70363 212155 17 755
70384 210395 18 738
70403 211691 17 748
70430 210678 25 741
70452 210811 19 773
70473 211356 18 762
70493 211729 18 763
70519 211883 23 761
70546 211938 24 764
70565 210931 17 734
70585 211589 17 737
70605 212862 17 763
70626 211956 19 749
70646 211274 18 753
70667 211336 17 752
70686 210772 17 733
70706 210725 17 748
70728 210212 19 753
70754 212493 24 793
70774 211356 17 757
70794 211047 18 777
70814 211022 17 781
70835 211980 18 771
70856 210916 19 760
70881 212508 22 767
70914 211164 28 778
70942 211477 24 771
70972 212280 25 743
70999 212044 25 774
71024 211061 19 755
71045 212128 18 774
71067 212747 19 777
71087 212305 18 786
71107 211757 17 760
71127 211114 17 768
71149 212374 20 787
71182 211925 30 761
71204 210568 19 736
71227 211721 19 771
71249 211300 19 766
71269 210575 16 696
71289 211471 17 768
71310 211038 18 736
71329 211098 16 716
71349 212655 18 753
71374 211255 22 776
71399 210438 20 741
71420 211097 18 766
71441 211653 19 807
71461 211220 17 738
71481 211403 17 728
71500 211209 17 748
71521 211555 18 775
71540 211126 17 755
71560 211670 17 757
71588 211878 25 770
71614 211836 24 734
71636 212032 19 809
71668 212528 30 780
71706 212117 32 720
71737 211427 24 777
71766 210784 25 737
71789 212194 20 755
71815 212026 23 760
71836 211273 18 785
71858 211727 19 811
71878 210929 18 769
71898 211353 18 756
71917 211887 17 725
71938 211774 18 777
71959 211712 18 775
71981 211681 19 779
72004 210990 20 736
72030 211550 24 800
72050 211342 17 747
72070 212173 18 759
72091 210482 18 770
72110 211421 17 749
72130 211388 17 749
72150 211394 17 762
72170 212418 17 771
72190 211782 17 783
72211 211943 19 752
72238 211986 24 799
72258 211587 17 752
72278 211017 17 735
72298 211929 17 775
72318 211358 17 754
72337 211453 17 758
72357 211881 17 762
72377 211806 17 774
72397 212394 17 756
72417 210970 17 766
72453 210476 33 769
72475 211130 18 747
72495 210954 17 752
72515 211207 18 774
72535 211643 17 737
72555 211044 17 754
72574 211039 17 736
72594 211659 18 780
72613 211120 16 727
72632 211951 16 731
72655 211544 20 761
72681 211733 21 799
72701 211100 17 763
72720 212344 17 764
72740 212631 18 776
72762 211972 19 755
72781 211632 17 735
72801 212066 17 741
72821 211823 18 783
72841 210714 18 762
72865 212132 22 770
72890 210763 21 738
72919 211871 27 750
72940 212219 18 777
72959 210751 17 733
72979 211980 17 765
73001 211701 20 764
73022 212790 18 803
73041 210654 16 737
73063 210688 19 751
73090 210908 24 761
73109 210943 17 732
73130 211477 18 773
73150 210212 17 736
73171 212050 19 767
73191 211688 18 762
73211 211688 17 753
73230 211563 16 719
73250 211014 17 746
73271 211636 18 794
73296 211651 23 821
73321 211313 20 756
73341 212306 17 774
73361 210678 17 750
73379 211479 16 719
73399 211154 17 750
73419 210958 18 761
73439 211280 18 770
73459 210469 17 736
73479 211442 17 762
73507 211217 26 735
73528 211588 17 745
73551 211180 20 789
73572 212109 19 752
73598 210349 23 748
73624 210596 24 752
73654 210674 27 768
73681 211632 23 752
73711 211460 26 764
73743 211885 28 787
73762 210014 17 742
73782 211170 17 744
73802 210623 18 733
73823 212259 18 764
73844 211766 18 756
73865 211923 18 809
73884 211290 16 728
73904 212377 18 785
73926 210499 20 743
73954 211490 24 754
73985 211510 28 780
74005 211645 17 741
74026 211157 18 769
74045 211140 17 736
74066 211725 18 748
74086 212194 17 767
74105 211152 17 752
74127 212020 19 777
74154 211644 24 772
74178 211647 20 764
74198 210972 18 714
74219 212315 18 762
74240 211500 18 776
74260 212387 18 778
74279 210991 17 736
74298 210602 16 740
74319 210349 17 754
74338 211360 17 753
74363 211072 22 752
74387 211832 20 745
74407 211683 17 743
74427 212465 18 759
74448 211845 18 777
74468 211780 18 789
74488 212223 17 769
74508 210770 17 747
74527 211255 17 740
74546 211680 16 734
74567 211467 18 733
74592 210435 22 742
74612 211135 17 766
74631 211259 17 741
74651 210522 17 755
74671 211204 18 740
74692 212001 18 805
74712 212231 17 749
74732 211249 17 758
74751 212040 17 758
74771 210808 17 751
74793 211056 19 779
74817 210605 22 746
74838 212002 18 789
74857 212260 17 755
74877 211209 17 760
74896 210814 17 742
74915 211751 17 741
74937 212454 19 789
74957 212051 17 759
74982 210747 22 770
75006 211431 21 778
75035 211337 27 747
75055 211334 17 761
75077 212152 19 798
75097 212216 17 744
75116 210220 16 723
75136 211694 17 758
75156 211491 17 782
75175 210778 17 734
75196 211255 17 721
75219 211631 20 758
75244 211890 21 787
75264 210996 18 764
75285 211853 18 761
75305 211929 18 752
75326 211466 17 755
75345 210896 17 763
75365 211786 17 741
75385 211989 18 785
75406 211177 17 763
75428 212113 20 758
75455 211162 24 766
75475 211765 17 743
75495 211940 18 778
75515 211255 18 792
75536 210954 18 762
75556 211927 17 751
75576 211011 17 768
75596 210227 18 759
75615 211145 17 740
75639 211703 21 763
75662 211725 20 786
75686 212301 19 779
75707 211442 18 775
75727 211988 18 764
75747 211368 18 769
75768 211808 18 802
75798 212480 27 755
75825 213192 24 775
75849 211231 19 759
75885 210861 29 756
75913 211580 23 738
75943 210741 27 777
75965 211844 19 772
75985 210873 18 765
76006 211133 18 783
76027 211907 18 794
76046 210817 17 728
76068 212175 19 749
76094 211192 23 727
76113 211637 16 720
76134 210940 18 767
76154 211921 18 774
76175 211579 18 764
76195 210801 18 762
76215 211967 18 764
76236 211497 17 757
76256 212123 18 774
76277 211599 18 792
76308 210914 28 737
76331 210900 18 718
76351 211485 18 756
76371 210808 17 756
76391 211612 18 767
76411 210783 17 738
76432 211151 18 759
76452 211059 18 760
76472 210524 17 742
76493 211754 18 719
76520 211695 24 785
76540 211923 17 761
76561 211455 18 786
76580 211091 16 729
76600 211427 17 767
76620 211542 17 748
76639 211888 17 747
76659 211398 18 772
76679 211053 17 768
76700 211775 18 797
76728 211482 25 768
76749 212206 18 784
76769 209612 17 743
76793 211519 22 718
76815 211433 18 752
76834 210079 16 705
76854 211909 17 743
76874 212066 18 785
76894 211584 17 746
76916 211930 20 746
76939 210862 20 774
76964 211317 22 750
76986 211947 19 826
77006 211565 18 767
77026 212171 17 761
77049 212774 21 802
77074 211278 22 767
77097 211295 17 748
77116 210873 17 754
77136 211798 17 753
77162 211622 23 782
77183 213153 18 795
77202 210733 17 739
77222 211806 17 765
77242 211783 17 744
77262 211882 18 771
77282 212271 17 767
77303 211683 18 742
77322 210380 17 756
77342 211305 17 750
77371 211770 26 747
77391 212368 17 747
77411 210369 17 764
77430 210049 16 716
77450 212026 17 764
77473 211690 20 746
77498 211768 20 811
77520 210747 19 734
77540 210921 18 762
77560 211034 17 727
77582 210669 19 726
77616 210361 23 739
77635 211791 17 729
77655 210992 17 757
77676 212106 18 801
77695 210430 17 760
77715 211586 17 752
77733 212379 16 730
77753 211941 17 775
77776 212221 20 742
77802 211320 24 719
77823 211309 18 771
77845 211790 19 763
77865 211807 17 746
77884 211068 16 735
77904 211726 18 798
77924 210387 17 742
77954 212606 27 771
77978 212048 22 770
78000 210343 20 719
78033 212899 28 772
78054 211222 19 768
78080 210838 22 777
78101 211770 18 745
78122 212271 19 791
78143 211687 18 721
78165 211074 19 773
78187 211308 19 767
78214 210705 23 757
78236 212284 18 800
78256 212061 17 746
78276 212674 18 797
78296 210876 17 755
78316 210638 17 760
78337 212239 18 786
78358 211219 18 738
78378 211569 17 750
78400 210631 20 762
78422 210982 18 774
78445 211119 20 740
78466 211607 18 744
78485 210808 17 731
78505 211413 17 758
78525 212420 17 770
78545 212223 18 769
78564 210513 16 709
78584 211606 18 775
78605 211327 18 795
78627 211904 20 760
78653 211053 23 753
78673 210831 17 733
78692 211630 17 751
78712 211375 17 764
78733 211628 18 796
78752 210490 17 728
78772 211607 17 757
78792 212028 18 776
78812 211138 17 774
78835 211304 21 782
78867 211127 28 747
78887 210742 17 761
78908 212480 18 801
78927 211622 17 744
78947 211046 18 772
78967 210532 17 722
78986 210900 16 735
79006 210927 17 766
79025 211569 16 729
79046 210848 18 776
79073 211718 24 778
79094 211602 18 785
79113 210925 17 745
79133 212284 17 754
79154 211390 18 788
79174 211177 17 745
79193 210497 17 744
79212 210541 16 730
79232 211700 17 736
79265 211962 30 773
79297 211911 29 774
79319 210474 19 736
79339 211949 18 734
79360 212349 18 793
79381 212161 18 783
79401 211132 18 789
79421 211615 17 747
79440 211864 17 740
79459 210214 16 738
79483 211227 22 790
79506 211296 18 754
79526 211607 18 758
79546 211789 17 770
79566 211547 17 762
79586 210619 17 765
79606 212593 18 774
79626 211670 18 786
79646 211601 17 771
79666 211535 18 793
79687 211120 18 766
79714 211345 24 779
79735 212472 18 801
79756 210972 18 788
79776 211622 18 776
79796 211416 18 787
79816 211437 17 760
79836 211408 18 759
79856 211233 17 761
79876 211376 17 732
79898 212008 19 751
79926 211829 24 763
79946 210874 18 763
79967 212538 18 796
79987 211765 17 747
80007 211654 17 757
80027 211423 18 792
80047 211927 17 726
80067 211353 18 750
80088 212092 18 779
80108 210891 18 743
80153 212269 40 758
80187 211682 31 745
80211 212358 21 744
80232 212040 19 770
80255 210887 20 740
80277 212029 19 742
80299 210061 19 742
80321 212239 20 771
80348 212115 22 733
80376 211851 23 732
80398 211619 20 760
80418 210854 17 751
80438 212462 17 762
80459 212152 19 767
80481 211283 18 753
80500 210294 16 711
80520 210760 18 785
80540 210691 17 759
80567 211142 25 766
80590 211410 18 782
80610 211197 17 730
80631 212085 19 755
80653 211444 20 764
80674 211746 18 790
80695 211280 18 798
80715 211664 17 767
80735 211661 17 772
80756 211293 19 734
80782 210883 23 749
80803 211583 18 772
80823 210437 17 761
80844 210848 18 759
80864 210986 18 772
80884 211114 17 750
80904 211718 17 766
80924 211476 17 761
80951 210229 24 714
80983 212292 30 729
81008 211159 21 753
81030 211850 20 759
81051 211494 19 751
81074 211321 19 750
81096 210630 20 758
81118 211147 19 755
81140 212684 19 773
81163 211989 20 792
81185 210301 20 746
81211 211950 22 778
81231 210238 17 731
81252 211780 18 765
81271 211661 17 744
81293 212041 19 786
81315 212670 18 782
81335 212041 17 735
81355 211698 17 771
81375 212658 18 783
81402 212294 24 770
81455 210941 48 728
81488 211849 31 766
81514 211323 23 748
81536 212554 19 782
81556 211642 18 782
81577 212051 18 787
81597 211916 18 759
81621 210772 21 748
81650 212312 24 753
81671 210758 19 754
81695 211579 19 777
81714 211294 17 757
81736 211151 18 758
81757 211695 19 781
81777 211481 17 768
81796 211247 17 741
81815 211284 16 717
81840 212010 23 782
81864 209904 21 711
81884 210782 18 766
81909 211601 22 752
81928 211572 17 731
81950 211936 19 765
81971 211410 18 781
81991 210675 17 759
82009 210408 16 721
82029 211630 17 774
82058 211614 26 766
82097 209843 34 738
82121 211877 21 778
82146 210809 20 750
82165 210518 17 734
82186 210925 17 741
82207 212005 18 797
82226 211131 17 745
82247 211300 18 771
82270 211374 20 747
82296 211745 23 760
82316 211189 17 714
82336 211702 18 764
82358 211851 18 795
82377 211354 17 739
82397 210871 18 757
82418 210889 18 749
82438 211681 17 731
82463 212014 22 763
82494 212208 28 765
82515 212555 18 799
82536 212115 18 768
82556 211167 17 760
82575 212222 17 753
82596 212516 19 813
82616 211599 17 764
82637 210689 18 785
82656 211577 17 775
82675 211608 16 722
82699 211632 21 766
82728 210899 25 736
82748 212194 17 754
82768 210612 17 750
82788 211419 17 771
82809 211429 18 803
82828 210822 17 726
82847 210747 16 727
82866 209882 16 702
82886 211867 18 772
82910 211266 22 747
82933 212413 18 775
82952 211065 17 735
82972 210759 17 767
82992 211072 17 765
83012 211897 18 789
83032 211895 17 759
83051 211505 17 754
83072 212886 18 792
83092 211874 17 760
83115 211685 20 774
83141 211045 23 750
83170 211267 26 771
83195 211173 20 776
83216 211317 19 765
83240 210344 21 749
83260 210569 17 716
83280 212251 18 772
83300 212140 17 765
83322 211549 19 756
83346 210949 22 731
83366 212360 17 766
83386 211916 17 775
83405 211970 17 762
83426 211812 18 783
83446 212604 18 786
83465 212060 17 743
83484 212595 17 733
83505 212631 17 780
83524 210876 17 736
83548 212635 21 749
83577 211873 23 798
83599 212683 19 803
83619 210777 17 746
83639 211714 18 757
83659 211177 17 743
83679 211254 17 747
83699 211758 18 758
83719 211136 17 745
83739 210734 17 755
83761 210474 19 748
83792 212039 27 749
83810 211080 16 721
83831 211582 17 764
83850 211370 17 733
83873 210190 20 730
83893 211182 17 733
83912 212215 17 751
83931 210818 17 728
83951 211130 17 758
83983 211752 30 770
84003 211742 17 764
84023 210829 17 726
84042 211199 17 739
84062 210812 17 719
84081 210924 16 716
84101 211829 18 784
84120 210972 17 747
84144 212376 21 759
84166 211596 20 770
84191 212179 21 739
84219 211680 24 772
84240 212276 19 819
84261 211899 18 786
84281 210643 17 763
84300 210612 17 743
84320 211489 17 762
84344 211914 22 769
84369 211738 22 779
84399 211107 27 793
84419 211985 17 730
84439 212052 16 730
84459 209444 18 758
84480 212266 18 800
84499 210986 17 735
84520 211310 18 767
84539 211440 17 740
84559 211332 18 780
84579 211942 17 760
84601 211534 20 777
84628 212455 24 746
84650 211532 19 750
84670 210833 17 733
84691 210915 18 785
84710 210714 17 734
84730 210982 17 773
84750 210633 17 746
84769 211443 17 749
84789 211594 17 743
84809 211813 18 789
84839 212019 28 751
84859 211684 17 758
84878 212138 16 732
84897 210479 17 746
84917 210448 17 761
84937 211820 17 766
84961 211669 22 762
84995 211860 31 793
85019 212435 21 740
