fo time ls_time n_ls_moves
29 208336 29 749
53 207167 20 774
74 208886 18 758
94 207184 18 754
115 207247 18 788
136 207589 18 785
156 207792 18 776
177 208268 18 782
199 208045 19 736
232 208875 30 746
253 208338 19 780
276 208024 20 748
326 208392 47 748
362 208068 31 740
393 208371 27 767
425 207430 28 724
457 208145 28 790
479 208604 19 762
502 208325 19 776
524 209004 19 752
545 207110 18 730
568 208410 19 784
589 208165 19 760
611 209278 19 775
637 208690 23 769
669 209011 29 762
690 209084 19 764
712 208937 19 776
738 208359 22 747
762 208657 21 790
817 208692 22 764
839 208719 19 740
867 208529 25 767
893 209250 21 762
916 208508 19 752
938 209187 19 757
959 208719 19 733
982 208869 20 772
1004 209769 19 764
1024 207959 18 756
1045 208824 17 759
1073 207100 26 747
1099 208058 21 754
1120 207848 18 748
1141 208154 18 766
1161 208431 17 746
1182 208737 18 790
1203 208530 18 800
1223 208373 18 779
1243 208369 17 742
1263 207752 17 736
1288 208327 22 743
1317 207684 23 759
1337 208490 18 753
1358 207375 18 759
1379 208278 18 762
1399 208189 17 737
1419 210021 18 772
1439 207897 17 721
1460 208838 18 779
1483 208814 20 780
1510 207403 25 767
1542 209525 27 749
1568 208497 23 757
1594 207573 22 750
1624 207346 25 750
1646 208903 19 788
1666 208109 17 741
1686 208808 18 780
1711 207320 21 738
1737 208000 21 740
1758 207946 18 747
1778 208932 17 746
1798 208147 17 729
1818 209046 18 759
1839 208343 18 772
1859 207364 17 737
1878 208101 17 728
1898 208149 18 758
1921 207317 19 734
1948 208691 24 762
1971 207699 20 743
2002 207537 27 766
2025 208392 20 782
2050 208708 23 785
2076 207618 21 763
2107 208092 29 758
2134 208828 23 765
2165 208765 27 783
2200 209052 32 769
2222 207866 19 766
2244 208788 19 800
2264 208947 17 741
2285 208370 18 800
2306 208825 18 763
2326 209003 17 753
2358 207901 30 793
2382 207805 20 728
2406 208485 20 809
2427 208715 18 763
2448 207991 18 773
2469 207096 17 755
2489 208505 18 743
2509 208892 17 752
2530 208402 18 774
2560 207720 27 748
2586 209004 22 782
2607 206936 18 748
2628 208029 18 762
2648 208505 17 745
2668 207746 18 751
2688 207374 18 754
2707 207564 16 701
2728 208535 18 751
2748 209246 17 747
2775 208525 24 777
2796 207090 17 744
2817 208991 18 777
2837 208605 18 762
2857 207733 17 728
2878 208232 18 762
2899 208398 18 775
2919 209679 17 762
2939 207786 17 739
2959 208015 18 775
2987 207377 23 745
3007 208250 18 756
3029 207644 19 779
3050 208119 18 766
3070 207871 17 745
3089 206721 17 726
3109 207538 17 749
3129 207403 17 775
3149 208406 17 766
3168 207344 17 722
3198 208529 27 797
3218 206300 17 710
3238 207464 17 735
3258 208911 18 772
3279 208095 18 758
3299 208945 18 763
3320 208691 18 792
3341 209344 19 816
3361 208791 17 745
3384 208215 20 772
3411 208923 24 765
3432 209106 18 740
3452 208382 18 777
3473 208770 18 767
3493 207927 17 763
3512 207657 17 734
3533 208683 18 767
3553 207960 17 746
3574 208097 18 780
3595 208320 19 794
3624 208699 26 767
3645 208423 17 727
3666 208735 18 777
3686 207293 17 743
3708 208380 19 769
3729 208822 18 800
3749 208279 18 765
3770 207903 17 752
3790 208656 18 783
3813 207975 20 750
3845 209400 27 724
3865 207657 17 727
3886 207444 18 751
3908 208985 19 793
3928 208148 17 714
3948 206808 17 740
3970 208691 20 754
3992 207673 19 746
4013 209142 18 782
4045 207942 30 749
4098 207835 25 756
4124 209105 23 812
4145 208021 17 716
4168 208604 19 798
4191 208080 20 739
4215 209011 19 764
4235 209427 18 766
4261 209174 23 777
4288 208009 21 753
4309 208899 18 778
4330 208710 18 775
4350 207770 17 743
4371 207616 18 765
4392 208062 18 749
4412 208514 18 752
4433 208624 18 763
4456 208409 20 746
4479 207717 20 755
4504 208229 20 771
4526 207182 19 735
4546 209107 18 764
4566 208529 16 726
4586 208749 18 780
4607 207856 18 777
4627 208356 17 707
4647 207576 18 753
4669 208915 19 769
4695 207825 21 728
4718 207807 18 748
4739 209008 19 789
4759 207740 17 746
4779 208574 17 745
4799 207423 17 746
4820 208204 18 794
4840 208224 17 748
4860 207908 17 725
4884 208511 21 796
4913 207695 25 737
4936 207622 20 743
4966 208704 26 757
4988 207840 19 770
5008 208564 17 742
5030 207965 19 774
5050 208610 17 731
5072 207832 19 774
5093 208208 18 763
5121 208819 25 727
5145 208612 19 757
5166 208114 18 767
5188 208749 18 765
5209 208461 18 759
5229 207335 17 730
5250 206989 19 724
5271 209400 18 753
5295 207660 21 762
5335 209017 35 774
5356 208017 18 770
5379 209240 20 796
5399 209100 18 740
5421 209053 18 788
5442 209311 19 783
5463 208846 18 764
5483 208428 18 767
5503 208150 17 746
5528 207663 22 739
5552 207216 19 755
5573 208575 19 785
5593 207833 17 728
5613 208183 17 750
5633 208064 17 718
5653 208316 18 754
5674 208205 18 768
5694 207692 18 753
5715 208285 18 791
5737 206759 20 757
5765 209197 24 778
5784 207174 17 736
5804 207689 17 740
5824 208633 18 767
5844 208268 17 755
5865 207660 18 762
5884 208012 17 738
5904 208041 17 750
5924 208559 17 748
5948 208112 22 794
5976 208040 25 738
5996 208678 18 774
6017 208494 18 736
6037 208861 17 747
6057 209507 18 765
6078 209026 18 779
6099 208640 18 783
6119 209098 18 775
6139 209353 17 758
6165 207221 23 749
6188 207527 19 765
6208 207997 18 773
6229 208809 18 775
6248 208243 16 720
6268 209243 18 778
6288 207289 17 705
6308 207647 17 761
6329 207713 18 741
6348 208135 17 748
6371 207765 20 740
6403 208053 29 766
6424 207959 17 725
6443 208445 17 734
6464 207686 18 780
6484 208744 17 754
6504 208243 17 747
6524 207254 17 749
6544 208482 17 749
6564 207919 17 760
6587 207427 20 765
6613 208767 23 776
6634 208528 18 759
6654 207564 17 736
6673 208117 17 730
6694 208166 18 796
6714 206810 17 736
6736 208667 19 792
6756 208789 17 757
6776 208221 17 774
6800 207548 21 760
6824 207938 20 769
6844 207940 17 739
6864 208135 18 774
6884 207974 17 747
6905 208723 17 767
6925 208615 17 774
6945 208003 17 748
6965 209104 17 760
6985 207733 17 746
7005 208206 18 769
7034 209284 25 784
7055 208196 18 773
7076 207859 18 763
7095 207915 17 741
7116 208596 17 768
7135 208086 17 736
7156 208128 18 770
7176 208489 18 744
7196 208172 17 757
7216 207540 17 739
7240 207863 21 754
7265 209055 21 751
7286 208308 18 744
7306 208907 17 758
7326 208245 17 757
7346 208288 17 761
7366 209427 17 762
7385 207083 17 736
7406 208552 18 787
7425 207382 17 759
7447 208828 19 762
7473 208396 23 753
7494 208257 18 762
7514 208130 18 785
7534 208460 17 746
7554 208753 17 770
7573 208305 16 719
7593 208245 17 759
7612 207971 17 757
7632 208357 17 739
7659 208422 24 756
7686 207574 21 750
7706 208329 17 744
7727 207764 18 756
7748 209104 18 790
7768 207916 18 759
7789 208808 17 749
7808 207789 17 745
7828 208564 17 762
7848 208056 17 731
7873 207957 22 774
7898 208540 21 772
7918 207332 18 768
7940 209537 18 797
7959 207589 17 733
7979 208317 17 736
7999 208519 17 753
8019 208825 18 758
8039 207862 17 765
8059 207895 17 762
8083 208554 21 747
8109 208244 21 734
8129 208495 17 758
8151 208844 19 799
8171 208464 17 739
8191 207728 18 769
8212 208266 18 770
8232 208382 18 790
8253 208171 17 762
8273 208157 18 776
8309 208332 32 753
8342 208765 23 762
8365 209217 20 776
8387 207239 18 743
8407 209541 17 761
8427 208302 17 738
8447 207709 17 757
8467 208273 17 744
8489 209351 19 814
8512 208811 21 776
8544 207774 28 806
8564 208149 17 735
8585 208579 18 772
8606 208602 18 790
8626 209268 18 769
8647 207722 18 771
8668 208313 19 768
8689 208138 18 773
8710 206923 18 749
8740 208516 27 788
8762 208535 19 745
8783 207214 17 742
8804 208596 19 809
8825 209128 18 776
8845 207664 17 759
8866 207624 18 764
8886 207454 18 774
8906 208840 17 754
8931 209283 22 775
8955 207845 18 730
8975 208183 18 747
8996 209047 18 774
9016 208509 18 770
9037 208631 18 779
9058 208916 18 802
9077 207755 16 727
9096 207631 17 751
9116 207468 17 756
9139 208495 20 755
9168 208002 25 766
9195 208363 20 725
9215 207491 17 728
9237 208050 18 784
9257 207739 18 738
9280 208893 20 739
9301 206911 18 765
9323 208156 18 744
9346 207979 20 724
9377 209085 28 800
9397 208598 18 758
9418 207382 18 773
9440 207664 19 754
9462 209168 20 760
9482 208887 17 730
9502 208472 17 724
9523 207732 19 753
9544 209086 18 778
9570 207718 24 738
9592 208278 17 753
9612 208595 17 737
9633 207811 18 786
9654 207758 18 784
9674 208554 18 763
9693 208089 16 730
9713 208143 17 770
9733 207137 17 743
9753 208305 17 765
9773 208194 18 749
9805 208634 28 749
9831 207796 21 771
9856 208350 20 767
9877 208431 18 742
9899 208733 19 811
9920 209313 18 780
9940 208550 18 759
9962 207870 19 782
9982 209401 18 775
10011 208277 26 774
10035 207862 19 745
10059 208610 21 756
10081 207913 18 756
10101 208399 18 757
10122 209326 18 782
10143 208383 18 777
10163 207756 18 771
10183 208523 17 732
10203 208515 18 774
10233 208120 27 793
10255 209258 18 783
10274 207775 17 726
10294 209053 17 744
10315 208366 18 766
10335 208536 17 745
10354 207321 17 723
10375 207502 18 777
10394 208865 17 745
10417 208030 20 768
10444 208394 24 764
10464 207778 18 776
10485 208727 17 775
10505 208636 18 789
10525 207627 17 715
10546 209432 18 799
10567 208765 18 783
10588 208401 18 794
10608 207680 18 794
10629 208885 18 804
10663 206647 30 752
10685 208277 19 766
10706 207785 18 773
10727 208034 19 749
10748 207529 18 763
10768 208441 17 770
10788 207665 18 752
10808 207870 17 743
10829 209118 17 753
10851 209207 20 762
10878 207676 24 760
10898 209416 17 752
10920 210738 19 836
10940 209254 18 753
10960 207851 17 739
10980 207969 18 785
11001 208267 18 780
11022 209200 18 783
11042 208273 18 769
11068 207367 23 760
11091 207856 18 745
11111 208542 17 754
11132 208497 18 776
11151 207027 16 718
11171 208411 18 761
11192 207352 18 752
11212 207810 17 749
11234 208931 19 771
11254 207733 17 736
11276 208075 20 747
11303 208482 24 772
11324 208134 18 767
11345 208899 19 783
11365 209211 17 743
11385 208495 17 754
11405 208340 17 748
11426 208804 18 788
11446 208569 17 753
11466 206988 16 728
11488 208410 20 770
11515 209166 23 761
11538 207461 18 741
11559 208519 18 774
11579 208138 18 757
11599 208373 18 767
11619 207659 17 730
11639 208070 18 769
11660 207804 18 785
11680 207871 18 772
11704 208546 21 773
11729 207658 21 746
11749 207938 17 737
11770 208404 18 789
11791 208082 18 757
11811 207815 17 758
11831 208223 18 780
11851 207717 17 738
11871 208196 17 759
11892 207625 18 758
11915 208035 21 767
11945 207400 26 771
11965 208366 17 735
11986 208451 17 742
12013 208199 24 762
12039 209037 23 796
12061 208543 19 751
12081 208127 18 756
12102 208231 18 752
12126 208575 21 782
12154 208272 24 732
12177 208274 19 775
12199 207862 20 794
12220 207759 18 723
12241 207935 18 730
12268 208165 17 757
12288 206873 17 721
12308 209076 18 753
12329 208049 18 763
12358 208407 27 749
12380 208057 18 785
12401 208652 18 774
12421 207645 17 737
12443 208915 18 781
12463 208154 18 753
12484 208285 18 786
12505 208061 18 784
12526 208417 17 755
12545 208079 17 737
12568 208544 20 778
12594 208280 23 766
12616 208323 18 756
12636 208619 17 755
12655 207289 17 745
12675 208710 17 745
12696 208128 18 790
12715 207053 17 729
12736 207523 18 749
12756 207720 18 760
12780 208875 21 786
12808 208744 25 765
12829 208597 18 780
12850 208960 18 758
12871 208699 18 771
12892 209135 18 781
12912 208176 17 750
12933 209286 18 773
12954 208723 18 772
12977 208558 21 767
13006 208450 25 777
13031 209884 23 804
13057 208329 23 766
13081 208154 21 754
13105 208084 20 754
13125 207681 17 723
13145 208352 17 749
13167 209048 19 778
13187 208580 18 759
13210 208352 20 745
13238 208339 22 747
13259 209259 19 769
13279 207534 17 732
13300 208157 17 765
13320 206948 17 726
13340 208046 18 783
13361 208866 18 795
13383 208709 19 784
13403 208491 17 752
13426 208132 20 767
13454 208077 25 756
13474 209200 18 759
13495 207945 18 751
13516 208893 18 789
13537 208657 17 763
13557 209827 18 781
13578 207852 17 766
13598 209232 17 754
13621 207652 20 763
13648 207903 24 742
13668 208063 17 729
13688 208445 17 738
13708 208095 17 765
13727 206581 16 701
13746 209150 17 737
13767 209103 18 783
13788 208127 17 769
13808 208318 18 779
13832 207664 22 749
13856 208590 18 745
13877 208846 18 769
13897 208305 18 770
13918 208553 18 799
13938 207186 17 741
13958 209292 18 780
13978 208920 17 762
13998 208611 18 785
14019 207861 18 755
14042 207875 20 788
14068 208113 23 746
14088 207280 17 733
14108 208516 17 740
14128 208607 17 762
14149 208803 18 773
14169 207992 17 753
14189 208028 17 753
14209 208912 17 751
14229 207717 18 779
14250 208467 18 776
14273 208086 19 732
14300 207806 23 728
14320 208344 18 761
14340 208772 17 747
14362 208388 18 786
14382 209518 17 770
14402 208279 17 762
14423 209029 18 772
14443 208202 18 761
14463 209230 17 753
14487 208526 21 758
14512 208923 20 804
14533 208623 18 786
14554 208848 18 775
14574 208089 18 763
14595 208611 18 763
14616 207666 18 787
14636 208079 17 739
14656 208293 18 758
14677 208322 19 785
14713 209702 32 791
14735 207487 18 756
14755 208498 18 773
14775 208608 17 760
14795 208143 17 750
14815 208445 17 752
14835 207756 17 765
14856 208870 17 768
14875 208411 17 749
14898 207884 20 735
14925 207054 22 752
14945 207311 17 732
14965 208741 17 763
14985 208449 17 760
15005 207849 17 741
15024 208306 17 738
15044 207665 17 750
15063 207335 17 728
15083 207873 17 759
15106 207189 20 767
15131 208822 22 754
15151 208643 17 740
15170 207958 16 702
15191 208572 18 760
15211 208047 17 733
15230 207527 16 721
15250 208265 18 768
15270 208285 17 752
15290 209513 18 763
15312 207884 19 766
15338 207831 23 740
15359 208014 18 768
15380 208957 18 761
15400 207984 17 728
15420 208841 18 769
15440 208593 17 758
15461 207730 18 774
15481 207966 17 757
15501 208654 17 744
15532 209012 28 778
15554 207750 18 771
15574 208295 18 770
15594 208336 17 742
15615 208186 18 806
15636 208303 18 778
15657 209023 18 785
15677 209001 17 752
15696 208027 17 742
15719 209531 21 803
15746 209749 24 816
15766 207267 17 737
15786 208874 17 720
15807 208879 18 787
15828 208611 18 752
15848 207817 17 765
15868 208385 17 760
15888 208561 17 766
15908 207786 17 761
15930 208220 19 768
15965 208153 31 776
15985 208598 18 765
16005 208287 17 740
16026 208484 19 767
16046 207982 17 739
16066 208218 17 746
16086 208172 17 762
16106 208577 18 780
16126 206858 17 753
16155 208284 27 765
16178 207202 18 749
16203 208669 23 802
16224 207859 18 761
16244 207829 18 760
16264 208023 17 723
16284 207732 18 763
16305 208227 17 755
16325 207697 17 753
16351 207764 19 729
16380 207842 26 773
16402 207405 19 782
16422 208465 18 769
16444 209122 19 761
16463 206369 17 708
16484 209345 18 784
16504 208949 17 746
16524 208302 17 740
16544 207644 17 721
16565 208040 19 791
16588 208094 18 743
16617 209033 24 761
16639 207992 19 819
16660 209009 18 765
16680 207329 17 745
16699 207195 17 736
16719 207576 17 755
16741 208482 19 776
16762 207584 18 780
16782 208830 17 757
16807 208805 22 770
16832 207877 20 751
16853 209026 18 789
16874 207893 18 766
16894 209027 18 769
16915 208279 18 790
16935 208177 17 735
16955 207377 17 712
16976 208297 18 750
16999 208780 20 762
17027 206411 24 720
17047 208995 17 722
17067 208359 17 752
17088 207700 18 733
17110 209350 19 777
17131 208247 18 768
17151 207636 17 751
17172 208348 18 787
17192 207790 17 760
17214 208912 19 752
17248 208650 31 778
17272 208191 19 752
17293 207208 18 735
17318 207793 20 789
17338 208008 17 762
17359 207527 18 762
17379 208267 17 762
17400 207975 18 789
17421 207723 18 782
17448 208432 25 754
17470 209323 18 759
17495 208044 21 779
17515 207136 17 737
17536 208042 18 760
17557 209119 18 793
17577 207934 17 758
17597 208026 17 761
17617 208444 17 756
17637 208637 18 780
17660 207950 20 759
17686 208079 21 778
17706 206951 17 747
17727 208044 18 777
17747 208914 18 777
17768 208917 18 748
17788 208264 17 754
17808 208777 18 775
17829 208411 18 779
17850 209188 18 778
17873 207533 20 756
17901 207899 25 774
17922 208185 18 746
17942 207768 18 757
17962 208054 17 735
17982 207464 17 727
18003 207767 18 769
18023 208840 17 732
18042 207080 16 715
18061 208606 16 719
18085 208494 21 749
18111 208497 21 796
18131 208795 17 737
18150 208560 17 741
18171 207720 18 767
18191 208023 18 756
18211 207956 17 751
18232 208823 18 790
18252 208106 17 725
18271 208174 17 731
18299 208551 25 762
18320 208499 19 780
18340 207783 17 745
18361 208196 18 765
18381 208053 17 733
18401 207930 17 762
18421 208867 18 782
18441 208022 17 727
18460 207643 16 729
18480 207971 17 766
18504 208981 21 774
18536 207839 29 768
18556 208348 18 771
18577 206880 18 757
18597 207294 17 727
18617 207817 18 781
18637 206104 17 751
18657 208430 17 762
18676 209033 17 765
18697 207502 18 765
18726 207471 25 766
18747 208070 18 738
18766 208378 17 728
18786 208710 17 755
18806 208129 17 729
18826 208881 17 745
18845 207846 17 753
18865 207187 17 764
18885 207054 17 759
18905 207867 17 769
18928 208100 21 732
18954 208732 21 772
18974 208024 17 752
18995 208402 18 771
19016 208432 19 746
19048 208601 29 744
19070 208696 18 784
19093 208110 20 752
19113 209087 18 751
19135 208362 19 731
19162 209053 24 800
19185 208324 20 766
19205 208780 18 766
19226 208407 17 755
19246 207561 17 745
19266 207575 17 759
19286 207282 18 741
19307 208606 18 791
19327 208168 18 757
19353 207444 23 741
19374 208714 18 755
19395 208473 18 788
19415 208057 17 747
19435 208790 17 757
19456 208112 18 765
19476 208068 17 760
19496 207353 17 761
19515 207637 17 758
19535 209060 17 735
19558 208451 20 798
19583 208642 22 767
19604 208610 18 789
19624 207411 17 758
19643 208823 16 712
19663 208174 17 735
19682 207713 17 737
19702 208282 16 742
19721 207977 17 753
19742 206990 18 773
19762 208210 17 748
19790 207849 25 771
19814 208798 20 757
19834 208043 17 751
19854 208737 18 776
19873 207201 16 711
19894 209882 18 769
19913 207369 16 716
19933 208501 17 757
19954 208210 18 761
19975 207896 19 734
20000 208214 21 744
20021 209063 18 746
20042 207381 18 779
20061 207042 16 709
20082 207466 18 764
20102 207706 17 742
20122 207235 17 750
20142 208786 18 782
20163 209101 18 771
20183 208373 18 782
20207 208757 21 756
20233 208483 21 773
20254 209089 18 761
20274 207638 17 760
20295 207824 18 778
20314 207118 17 752
20335 209015 18 801
20355 207176 17 752
20375 207326 18 769
20397 207624 18 789
20418 207029 19 741
20444 209087 24 738
20465 208972 18 769
20485 208734 17 752
20504 207641 17 744
20526 208101 19 779
20546 207675 18 761
20566 208488 17 755
20585 208042 16 733
20605 207678 16 730
20629 208033 22 781
20652 208075 18 735
20672 207837 18 757
20692 208120 16 723
20710 207543 16 723
20730 207835 17 747
20750 208650 17 742
20769 208630 17 740
20789 208502 17 747
20808 208796 17 751
20829 207515 18 759
20854 207560 20 774
20880 208109 21 750
20900 208459 17 750
20921 208634 18 783
20941 209033 17 746
20960 209066 17 728
20981 209062 18 774
21001 206871 17 762
21021 208541 18 786
21042 207722 18 761
21072 207113 26 723
21093 208756 18 781
21112 207422 17 724
21133 208339 18 769
21153 208369 17 763
21172 207153 17 737
21193 207880 18 768
21213 207911 17 760
21233 208294 18 769
21253 207741 17 758
21281 208537 24 741
21301 207451 17 731
21322 208096 18 781
21342 208467 17 751
21362 207623 17 758
21382 208934 17 750
21402 207250 18 740
21423 209120 17 767
21443 208245 17 724
21463 208228 18 784
21486 208689 20 773
21512 208946 23 775
21535 208274 20 768
21555 208342 17 767
21576 208647 18 779
21597 208641 18 789
21617 209156 17 767
21637 209484 18 778
21656 207963 16 715
21677 207925 18 772
21699 207821 19 733
21724 209187 23 764
21744 208179 18 758
21764 207695 17 762
21784 208968 18 780
21803 208273 16 708
21824 208538 18 788
21845 208763 19 793
21865 209108 17 758
21885 207623 17 742
21908 209069 20 785
21931 206462 19 737
21952 207574 18 744
21989 209032 28 776
22026 209393 33 770
22049 209245 19 783
22070 208379 19 785
22090 208237 17 743
22114 209043 21 778
22140 208089 21 735
22160 209288 18 751
22181 208334 18 765
22201 208757 17 761
22222 207995 18 724
22243 208304 18 767
22264 208954 19 796
22285 208667 18 792
22305 209095 17 751
22329 207951 20 726
22356 207733 25 740
22377 207747 18 786
22398 208167 18 765
22419 208814 18 774
22440 208233 17 741
22461 208118 18 766
22482 209310 19 811
22503 208914 18 788
22524 207918 17 738
22558 208774 32 759
22583 206921 20 745
22605 208317 19 758
22626 207875 18 766
22646 207628 17 753
22666 207469 17 764
22686 208570 17 744
22706 207958 17 768
22726 208503 17 762
22750 208371 21 782
22774 208862 20 780
22797 208408 19 767
22817 208141 17 742
22837 208763 18 771
22858 209943 18 801
22879 208928 18 764
22899 208736 17 752
22918 208049 17 762
22942 208576 21 754
22962 207767 17 740
22985 208397 20 766
23011 207158 23 746
23033 208917 19 783
23052 207466 17 714
23074 208059 18 763
23094 208936 18 752
23114 208365 17 747
23134 207657 17 738
23154 208560 17 744
23174 207855 18 772
23197 208710 20 764
23223 208251 23 777
23244 208121 18 760
23265 208732 19 794
23286 207788 18 765
23305 207832 17 725
23325 208340 17 775
23345 209353 17 747
23365 208335 17 782
23384 208557 16 716
23406 207788 20 754
23434 208899 22 773
23454 207229 17 723
23474 209466 18 789
23494 208052 17 733
23516 208075 19 768
23538 209026 19 788
23560 208256 19 779
23580 207870 17 733
23600 208037 18 751
23623 209092 20 797
23649 209938 23 777
23669 208082 17 743
23690 208216 18 782
23711 208970 18 787
23732 207043 17 738
23752 208302 17 737
23772 208666 17 754
23793 207225 18 759
23813 207829 18 770
23836 209116 20 762
23868 208278 29 744
23890 208907 18 769
23911 208994 18 764
23932 208963 18 792
23953 208074 18 786
23973 208412 18 795
23993 207527 17 735
24013 209035 17 758
24034 209146 18 776
24063 208166 26 761
24084 207276 18 771
24106 208542 19 779
24125 207944 17 719
24145 208277 17 758
24166 208343 18 760
24186 207288 17 740
24206 207454 17 747
24225 208298 17 749
24248 208310 20 749
24274 207822 23 783
24294 208098 18 760
24314 208404 17 745
24335 208493 18 780
24355 206721 17 745
24375 208903 17 757
24394 207697 16 729
24415 207414 18 763
24434 207710 17 743
24454 209340 17 753
24481 208576 22 725
24502 207923 18 759
24528 207992 20 761
24548 207889 17 756
24568 208513 17 761
24588 208077 17 740
24608 209148 17 752
24628 208841 17 764
24647 207914 17 747
24669 208546 19 756
24696 207997 24 731
24717 209041 18 768
24758 208790 38 752
24785 207388 24 778
24805 208091 17 732
24825 207483 17 731
24846 209014 18 790
24868 208505 19 798
24895 208453 24 774
24923 208445 25 757
24949 209115 23 743
24969 207675 17 736
24990 208759 18 765
25011 207745 18 756
25033 208350 19 719
25053 208347 17 743
25073 207624 18 769
25102 208839 26 776
25131 208373 24 750
25157 208598 22 760
25178 207703 18 771
25198 208531 18 761
25219 209018 18 778
25240 208406 18 759
25261 208998 18 776
25280 207906 17 734
25308 207717 25 760
25329 207208 17 741
25350 206799 18 746
25370 208149 18 750
25390 207810 17 731
25410 208778 18 774
25431 208874 18 754
25452 208333 18 794
25471 206687 16 711
25492 209582 18 772
25514 207836 20 750
25544 206821 27 749
25566 208484 19 769
25587 208543 18 764
25607 208817 18 766
25628 208267 18 770
25648 208936 17 757
25668 207507 17 760
25688 208768 17 765
25709 208123 18 760
25732 207161 20 749
25757 208345 23 749
25777 207730 17 735
25798 207417 18 771
25817 207871 16 712
25837 207710 18 760
25857 207906 17 738
25878 208191 18 771
25898 207887 17 775
25918 207602 18 779
25940 208286 19 774
25966 209031 22 760
25987 208488 17 735
26007 208592 17 739
26027 207560 17 721
26047 208188 17 757
26067 208460 17 747
26088 208439 18 777
26108 207708 18 740
26129 208164 17 736
26149 207329 18 728
26174 208765 22 774
26200 207460 23 693
26219 206612 17 719
26240 208350 18 763
26262 208552 19 766
26285 208424 20 813
26306 208104 18 778
26327 207298 18 756
26347 207063 17 740
26368 207783 18 765
26397 207739 26 770
26427 208610 24 772
26447 208325 18 767
26469 209686 19 794
26491 207756 19 717
26513 208818 19 786
26535 208585 19 762
26555 207784 17 744
26576 208917 17 761
26596 208810 17 749
26620 207403 22 739
26643 209399 19 746
26663 208059 17 718
26684 208003 18 782
26704 207913 17 744
26725 208902 18 784
26746 208524 18 791
26767 209019 18 793
26788 208248 18 794
26808 208481 18 758
26830 207685 18 769
26858 208371 24 766
26879 208625 18 799
26898 208725 17 756
26918 208967 17 740
26938 209103 17 753
26958 207745 17 758
26978 208684 17 759
26998 208196 17 764
27017 207005 16 724
27041 208211 21 735
27063 208520 18 759
27086 208301 19 779
27106 208147 17 749
27127 208435 18 786
27147 209441 18 768
27168 208338 17 760
27188 208400 17 738
27209 209230 18 795
27231 208370 19 771
27260 208330 26 773
27281 208280 18 782
27301 207126 18 761
27322 208726 17 755
27342 208510 17 752
27363 208307 18 803
27382 208522 17 746
27402 207992 17 755
27422 208740 17 761
27444 208677 19 769
27470 208465 23 756
27492 208916 19 785
27512 208661 17 737
27532 208466 17 725
27553 208514 18 792
27573 207177 17 757
27593 208090 17 754
27613 209221 18 791
27634 208505 18 762
27656 208371 19 735
27684 207749 23 753
27704 208154 18 766
27724 207829 17 744
27745 207754 18 752
27766 208473 18 753
27786 207622 17 758
27807 208548 18 781
27828 208519 18 798
27849 209123 18 787
27872 206391 20 711
27903 208393 28 745
27925 209522 20 773
27946 208723 18 775
27967 207309 17 741
27988 208751 18 787
28008 207412 17 744
28029 208100 18 769
28048 207776 17 741
28068 208480 17 750
28090 208862 20 777
28116 207436 23 748
28137 207970 18 770
28157 209049 18 768
28178 208178 18 761
28199 208040 18 793
28220 207831 18 787
28240 208709 18 777
28259 207090 17 734
28279 207827 16 717
28305 207617 24 768
28327 208808 18 757
28349 207751 18 772
28368 208656 17 753
28388 208026 17 736
28408 207825 17 737
28428 206226 17 728
28449 207562 18 779
28471 208871 18 787
28491 208469 18 752
28515 208781 21 753
28544 208628 26 771
28566 208367 18 755
28587 207794 18 732
28607 207741 17 743
28631 207309 21 742
28654 207242 21 716
28679 208556 21 785
28701 208646 19 797
28732 208916 27 772
28755 207673 19 752
28776 208371 18 769
28797 208032 18 747
28817 208314 18 754
28838 208892 18 789
28859 208660 18 778
28879 208462 17 754
28904 208770 22 769
28925 208200 19 729
28956 208002 26 762
28976 208370 18 757
28996 208224 17 730
29016 208167 18 753
29036 207691 17 743
29057 208995 18 773
29077 207668 18 764
29097 207885 18 751
29117 208315 17 752
29136 206823 17 734
29169 208782 30 798
29193 207953 21 800
29213 207363 17 735
29234 208762 17 736
29254 207545 17 748
29274 208354 17 738
29294 208913 18 767
29314 208512 17 741
29333 208083 17 754
29356 208046 20 769
29382 207810 23 753
29402 208143 18 754
29423 207747 18 751
29455 207482 28 760
29480 208932 23 776
29517 206995 33 748
29552 209314 31 744
29577 208163 22 725
29614 208527 29 747
29641 207517 22 751
29666 209308 22 766
29690 208774 20 773
29714 208182 21 761
29739 207876 21 758
29761 207867 19 782
29789 209257 23 760
29822 207390 30 769
29844 207470 19 729
29868 208022 20 764
29890 207969 19 745
29913 207738 20 780
29935 209077 19 773
29958 208771 20 772
29980 207742 19 801
30001 207953 19 768
30027 208274 22 753
30052 208225 19 768
30073 208661 18 757
30093 208609 18 755
30114 208037 18 773
30134 208973 17 745
30155 208863 18 783
30174 208206 17 737
30194 208432 17 734
30217 208401 20 761
30242 208299 22 754
30262 208247 16 699
30283 207982 18 756
30302 208065 17 735
30323 208311 18 763
30344 208593 18 773
30365 207889 18 777
30385 208577 17 737
30406 208568 18 785
30429 207928 21 752
30467 208605 34 786
30487 207936 18 750
30508 208709 18 756
30531 207815 20 737
30551 208365 17 778
30571 208537 16 718
30591 208287 17 754
30610 208103 17 747
30632 208512 18 758
30661 208284 25 756
30681 208140 17 720
30702 208346 18 796
30723 209787 18 768
30744 207594 17 736
30764 208228 17 757
30784 208659 17 743
30804 208165 17 760
30823 207333 17 738
30843 208058 17 757
30872 208254 25 788
30893 207190 18 742
30914 207951 18 746
30934 209102 18 770
30955 209218 18 769
30976 207288 17 742
30995 207319 16 717
31015 208323 17 751
31036 208962 19 797
31056 207910 17 738
31081 208624 21 780
31108 207768 22 755
31130 208748 18 789
31149 207781 17 737
31170 207730 18 786
31191 207182 18 774
31212 208556 18 785
31232 208244 17 742
31253 207930 18 779
31273 207472 17 748
31295 208860 19 739
31320 208195 22 741
31342 209544 19 794
31363 208019 17 749
31383 207363 18 786
31403 208310 17 749
31423 207926 17 735
31444 208111 17 764
31465 208006 18 794
31484 207817 16 702
31512 207673 25 737
31531 207657 16 724
31552 208307 18 757
31572 208181 17 766
31593 208678 19 810
31613 208159 17 738
31633 207892 17 732
31652 207316 17 723
31671 208099 16 739
31693 208681 18 804
31717 208535 22 778
31748 208259 28 770
31770 208311 19 779
31791 209134 18 774
31812 208001 18 759
31833 207771 18 786
31853 208793 17 758
31872 208624 17 740
31893 209148 18 777
31913 207948 17 729
31935 208586 20 766
31961 208878 23 779
31982 207513 18 772
32003 209345 18 782
32024 208327 18 745
32045 208834 18 765
32065 208711 18 774
32086 208457 18 773
32105 208319 17 743
32125 208769 17 740
32153 208670 25 749
32173 208231 18 758
32194 207620 17 730
32213 207961 17 727
32235 207824 18 775
32255 208801 18 756
32275 208356 18 760
32295 208319 17 720
32316 207523 18 787
32337 208659 18 791
32360 209177 20 762
32391 208323 27 756
32416 208074 22 720
32437 207314 18 770
32458 208692 18 754
32479 208834 18 793
32500 208605 18 783
32522 208921 20 755
32542 208126 17 719
32570 208167 25 776
32593 208418 19 764
32618 208884 22 755
32639 208277 19 790
32661 207862 18 732
32682 208103 18 782
32706 208233 17 745
32725 208118 16 712
32744 208250 16 731
32765 208496 18 764
32788 207224 20 729
32816 208580 22 772
32835 207479 17 727
32857 209035 19 803
32878 208862 18 784
32898 207666 17 758
32918 207953 16 722
32938 208367 18 773
32958 208344 17 764
32981 208042 21 728
33014 207756 28 752
33036 209008 19 777
33056 207637 18 736
33076 207141 17 735
33097 208497 18 772
33116 207980 17 750
33136 207192 16 736
33155 207988 17 745
33175 208969 18 791
33198 208555 20 745
33224 209382 24 745
33245 206834 18 756
33265 208511 18 759
33284 207553 16 719
33304 208276 17 764
33324 207942 17 760
33344 208853 17 750
33364 208184 17 741
33384 208477 17 768
33404 207871 17 759
33433 208277 26 757
33454 208412 18 755
33476 208024 18 767
33496 208421 17 772
33517 209202 18 782
33538 208395 18 781
33558 208458 17 761
33578 207664 18 757
33598 208684 17 731
33618 208136 17 750
33641 207445 20 745
33666 208379 23 751
33688 208547 18 775
33708 207608 18 759
33728 207480 17 745
33749 208437 17 762
33769 207969 17 765
33789 207436 18 757
33810 207664 18 768
33831 208234 18 773
33853 209106 20 762
33879 207927 23 757
33900 208300 18 734
33921 207638 18 768
33942 208149 17 742
33961 207456 16 723
33981 207991 17 748
34001 207362 17 767
34022 209301 18 773
34042 208166 17 746
34071 207053 19 735
34098 209814 24 779
34120 208620 19 781
34140 208682 17 735
34160 208761 17 744
34180 207722 17 748
34201 207346 18 752
34221 207947 18 763
34240 208484 17 736
34261 208865 17 765
34285 206956 22 724
34317 208440 25 784
34338 209094 18 758
34359 207781 18 791
34380 208811 17 754
34400 206902 17 753
34420 208280 17 758
34441 208677 18 769
34461 208796 17 761
34481 207800 17 767
34507 208882 23 752
34534 207345 22 763
34554 207728 17 738
34574 206931 16 721
34594 209140 17 760
34615 208404 18 762
34635 207898 17 759
34655 208086 18 781
34675 207857 17 754
34694 208582 17 732
34725 208937 27 788
34745 207964 17 744
34766 208742 18 758
34786 208477 18 753
34807 209514 18 784
34826 208313 17 739
34846 207839 17 725
34865 208759 17 724
34886 208352 18 788
34906 209556 18 784
34934 208114 25 775
34956 208611 19 781
34976 208151 18 769
34997 207890 18 787
35018 209139 19 784
35038 208494 17 754
35058 207454 17 722
35078 208478 17 756
35098 207806 18 761
35119 209549 18 792
35143 209119 22 839
35170 208832 22 763
35190 208085 18 743
35211 208526 18 776
35232 208766 18 771
35252 207793 17 745
35272 208491 18 764
35292 208782 17 745
35313 208841 18 781
35333 209007 18 773
35357 207621 21 795
35382 208416 22 738
35402 207690 18 758
35448 208502 17 757
35469 208511 18 804
35489 209791 17 751
35509 206974 17 731
35529 208474 17 776
35549 208113 17 757
35573 208512 21 763
35607 208800 29 791
35628 209014 18 769
35648 209045 18 752
35668 208064 18 769
35689 207587 18 777
35710 207125 17 762
35730 207182 17 759
35750 208337 17 765
35770 207110 17 736
35794 209263 21 770
35822 208483 25 740
35843 207877 18 751
35864 209091 18 773
35885 208840 18 753
35906 209138 18 756
35927 208973 18 789
35948 208180 18 795
35968 209013 18 764
35989 208266 18 773
36018 207938 26 770
36038 207727 18 751
36059 208011 18 771
36080 208162 18 763
36100 208554 18 783
36121 207887 18 794
36141 207874 17 730
36162 206943 17 766
36182 208649 17 768
36202 207761 18 755
36228 208137 23 777
36250 208756 17 740
36272 208029 19 770
36292 206863 17 743
36313 208836 18 805
36333 207858 18 777
36354 207775 17 760
36374 208461 18 771
36394 207444 17 748
36415 208862 17 750
36437 208371 20 763
36464 209380 21 756
36484 208591 18 764
36505 207793 18 763
36525 207971 18 784
36546 208369 18 761
36566 207454 17 738
36587 208616 18 783
36607 206881 17 746
36627 209306 18 794
36649 207878 19 750
36677 207521 26 759
36698 207884 18 761
36719 208655 18 753
36740 208517 18 791
36762 209800 18 787
36814 207326 16 710
36835 208019 18 774
36861 208983 23 781
36940 208043 74 749
36966 207540 22 735
36992 208466 23 727
37015 207361 20 769
37043 207974 24 790
37068 207512 23 743
37102 208116 28 753
37129 208249 19 741
37154 207297 22 774
37179 207846 21 741
37206 208794 24 790
37230 208812 21 780
37262 208262 29 768
37297 208087 32 764
37319 208532 19 757
37341 208517 19 745
37362 208931 18 771
37383 207304 18 759
37404 207618 18 756
37425 209561 18 769
37446 208861 18 751
37466 207845 18 754
37487 208613 18 779
37518 208351 29 754
37539 208364 18 742
37559 207316 17 730
37586 208208 24 755
37607 209501 18 769
37632 208305 21 790
37654 207796 19 761
37675 208698 18 762
37696 208589 18 764
37719 207191 20 750
37748 207603 26 720
37772 209563 21 796
37792 206641 17 712
37812 208173 18 745
37833 207840 18 747
37853 208106 17 750
37874 208058 18 757
37895 208998 18 781
37916 209009 18 785
37940 207450 21 742
37967 208798 22 798
37988 208204 18 748
38009 208100 18 774
38031 209250 19 772
38052 207711 18 767
38072 207927 18 768
38093 207273 18 758
38115 208643 19 767
38138 207442 20 748
38170 207879 28 744
38191 208475 18 772
38211 207237 18 753
38232 208544 18 770
38253 208567 18 760
38274 208418 19 791
38295 207886 18 770
38315 207976 17 769
38336 208403 18 781
38359 207853 21 773
38387 207543 25 750
38408 207563 18 771
38428 208484 18 764
38449 209609 18 756
38476 207791 25 762
38498 207982 19 764
38519 208209 17 722
38540 207423 17 732
38563 208453 21 746
38595 209476 27 787
38617 208884 19 768
38638 209185 18 757
38659 207800 18 744
38680 208150 18 755
38699 207936 17 723
38721 207787 19 751
38741 208767 17 755
38761 208943 17 747
38784 208027 20 761
38813 209159 25 767
38834 208624 18 749
38854 207862 18 752
38875 208587 18 777
38895 208566 17 751
38915 208566 17 738
38935 208079 17 733
38957 208279 18 781
38978 207878 18 764
39008 209048 25 793
39028 208412 18 749
39049 208162 18 749
39071 209155 19 811
39091 208464 17 734
39110 207066 17 731
39131 207405 17 767
39151 208526 17 734
39171 207837 18 773
39192 207863 18 766
39219 208876 23 731
39241 207347 18 744
39262 208471 18 771
39283 207688 19 771
39304 208515 17 758
39324 208052 17 744
39344 207780 17 771
39363 207035 16 718
39384 208223 18 760
39405 208858 18 743
39432 208708 24 736
39453 209269 18 760
39474 208419 18 766
39495 208716 18 767
39515 208390 18 755
39536 208917 18 751
39555 207408 17 742
39576 206952 18 709
39596 208347 17 759
39616 209003 18 776
39641 208643 22 755
39674 207903 29 758
39695 209391 19 802
39716 208129 18 773
39736 208641 17 740
39758 209500 18 764
39779 208298 18 798
39798 207765 16 727
39818 207548 17 740
39838 208357 18 774
39861 209318 20 799
39890 208036 25 735
39912 208051 19 792
39932 209128 18 754
39953 208034 18 767
39973 208343 18 762
39994 208470 17 775
40013 208982 17 750
40034 206596 17 717
40055 208170 19 778
40087 208347 29 753
40108 207401 18 738
40134 207596 23 790
40155 208224 18 760
40175 208291 18 759
40195 208875 17 742
40215 207917 17 748
40236 208130 17 763
40256 208674 17 764
40278 208332 20 751
40306 207318 25 761
40330 208862 21 743
40351 208100 18 761
40372 208353 18 761
40392 209192 18 780
40412 208678 18 774
40432 207764 17 752
40453 208714 18 788
40474 207916 18 779
40496 207590 19 748
40523 208516 24 752
40544 207739 18 799
40565 208984 18 755
40585 209180 18 756
40607 208637 18 800
40627 207298 17 758
40647 207686 18 758
40667 207511 17 745
40688 208412 18 778
40712 207203 20 730
40738 207467 22 752
40758 208625 17 732
40779 207356 18 766
40800 208538 18 761
40820 208239 17 740
40840 208247 18 764
40861 209374 18 776
40881 208109 17 761
40902 207878 18 774
40932 208064 27 767
40956 209191 19 752
40980 208369 20 728
41007 209331 23 776
41028 208455 19 766
41048 207762 16 730
41070 209199 19 818
41090 207764 17 752
41110 207960 18 777
41131 208198 19 745
41160 208121 25 749
41181 208273 19 749
41201 208124 17 738
41221 209892 18 763
41241 206415 17 746
41262 208721 18 782
41283 208926 17 755
41303 208992 17 759
41323 208480 17 757
41344 208557 18 781
41369 208483 22 802
41392 207439 19 753
41413 209099 18 783
41433 207068 16 718
41452 207875 16 712
41472 207874 17 752
41492 207839 18 777
41511 207065 17 733
41532 208101 18 770
41552 207946 17 760
41579 207092 23 737
41600 209723 18 766
41620 208741 17 755
41640 208390 17 737
41661 207739 18 758
41680 208590 17 732
41701 208491 17 764
41721 208455 18 774
41741 207695 17 735
41760 208847 17 746
41783 208896 20 771
41808 208806 22 735
41830 207772 18 757
41849 207430 17 734
41870 208968 18 781
41890 208811 18 784
41911 209279 18 763
41930 207012 16 712
41950 208099 18 753
41970 208109 17 729
41995 207097 22 766
42018 208201 18 744
42038 207424 17 753
42060 208355 19 824
42080 208068 17 760
42101 208961 18 801
42122 208118 18 781
42143 207989 18 757
42163 207723 17 752
42183 208035 17 750
42205 208041 19 765
42231 208995 23 754
42260 208733 18 770
42281 208561 18 781
42301 207940 17 757
42322 208679 18 768
42342 208838 17 758
42361 207846 17 757
42381 207906 17 735
42404 208539 20 728
42467 208384 55 752
42488 207653 19 761
42511 208862 20 799
42534 208219 19 776
42556 207267 19 768
42577 208679 19 761
42601 208254 19 760
42630 208753 26 799
42661 208346 27 750
42684 208757 20 770
42707 208671 20 783
42731 208289 21 763
42752 207959 18 762
42772 208032 18 747
42793 207721 18 755
42813 206711 17 746
42843 209378 27 773
42865 208720 19 773
42885 207654 17 733
42906 207325 18 748
42926 208569 18 747
42948 209000 19 795
42968 207996 18 762
42989 209048 17 746
43009 208232 18 784
43031 207344 18 752
43058 207807 24 766
43086 207392 25 737
43106 207437 17 739
43128 208576 19 795
43148 207749 18 749
43169 207990 18 794
43191 208131 19 782
43212 208341 18 769
43232 208095 17 728
43254 208868 18 778
43283 208653 27 751
43304 210072 18 767
43325 209021 18 776
43346 208191 18 769
43366 208164 17 742
43386 207843 18 776
43406 208615 17 749
43426 208832 17 746
43447 208433 18 762
43469 208917 19 774
43492 208248 20 730
43519 208024 22 757
43541 208860 18 774
43562 209083 19 814
43584 208876 19 769
43605 208484 19 775
43625 207795 17 738
43646 207949 17 741
43666 208021 17 758
43686 208520 17 752
43710 207448 21 753
43736 208111 21 731
43756 207548 17 734
43777 208235 18 764
43797 207494 17 727
43818 208162 18 778
43838 206822 18 749
43857 208602 16 720
43877 208157 17 735
43898 208798 18 787
43920 208042 20 738
43951 208440 26 768
43971 208336 18 780
43992 208329 18 788
44013 207362 17 744
44036 208352 21 745
44056 208009 17 757
44077 207662 18 781
44097 208766 18 766
44120 207864 19 737
44149 208256 27 781
44171 208177 19 796
44192 208831 18 733
44213 208823 18 766
44235 207736 18 765
44256 208523 18 739
44277 208473 19 775
44299 208802 18 770
44320 208620 19 773
44349 207535 25 737
44370 208772 18 761
44392 209170 19 777
44413 207303 17 736
44433 208167 18 743
44454 208901 17 775
44474 209264 18 788
44494 208502 17 762
44513 207071 16 720
44533 208811 18 764
44559 208771 23 770
44585 208847 20 742
44605 208153 17 736
44626 207919 18 758
44646 208281 18 754
44666 208013 17 740
44685 207751 17 738
44706 208514 18 794
44726 209036 18 735
44747 208992 18 771
44775 209494 25 793
44797 209106 18 745
44817 208151 18 768
44837 208486 17 752
44858 208853 18 780
44879 209192 17 761
44899 208051 18 774
44920 207765 18 772
44942 208695 19 799
44965 208379 20 753
44991 207776 23 751
45011 208189 17 747
45033 208222 19 768
45053 207845 17 747
45074 208547 17 761
45095 208267 19 763
45117 209120 19 799
45137 208050 18 769
45158 207621 18 760
45180 208205 20 745
45212 208108 29 741
45233 208100 17 733
45254 208344 18 736
45275 208979 19 793
45295 207692 17 710
45315 208509 18 755
45336 208189 17 746
45356 207914 17 750
45375 207632 16 722
45395 207646 17 743
45424 208220 25 779
45444 207736 17 735
45464 207652 18 744
45484 207391 17 736
45505 208369 18 796
45526 208668 18 782
45546 208628 17 767
45566 207460 17 746
45591 208997 22 755
45611 208397 17 748
45639 208378 25 742
45660 208479 18 748
45681 208740 18 757
45701 207217 17 756
45721 207902 18 768
45742 207875 18 745
45762 208152 17 736
45782 208832 17 772
45802 207540 17 753
45825 208610 20 764
45853 208992 25 738
45872 206915 17 730
45893 207162 17 734
45914 209627 18 801
45935 209067 19 793
45955 208452 17 741
45975 208678 17 762
45996 208572 18 783
46015 208593 17 753
46036 208465 17 737
46063 207926 23 747
46084 207672 17 729
46105 208321 18 772
46125 207733 18 782
46145 208575 17 760
46166 207659 18 776
46186 208625 18 791
46205 207755 16 727
46226 209154 18 760
46249 209018 20 780
46274 208372 21 744
46294 208639 17 734
46316 208316 18 788
46336 208251 17 742
46356 208552 17 763
46376 207603 18 763
46396 207838 17 742
46416 208240 17 753
46436 208705 17 753
46456 207438 17 750
46484 207422 25 747
46505 207639 17 738
46526 209094 18 770
46547 208347 18 785
46568 207886 18 774
46589 207791 18 748
46610 208919 18 778
46630 207748 18 775
46650 207820 17 755
46671 207387 17 751
46701 209102 27 743
46723 209177 18 772
46744 207967 17 740
46765 208465 18 779
46784 208866 17 744
46805 209019 18 761
46825 209132 17 742
46846 208616 18 764
46866 208462 17 724
46885 208389 17 747
46908 208875 20 775
46934 207622 21 726
46953 208184 17 741
46975 209168 19 824
46996 208391 18 787
47018 208865 19 777
47040 208968 18 809
47060 206851 17 747
47079 207474 16 705
47100 206953 18 738
47127 208302 24 782
47148 208321 18 773
47168 207753 17 747
47188 207585 17 722
47208 208394 17 749
47228 208931 17 775
47248 207056 17 737
47267 208448 16 733
47286 207685 16 740
47307 208258 18 772
47330 208622 19 797
47357 208276 24 770
47377 208138 17 753
47398 208997 18 772
47418 207819 17 741
47438 208018 17 753
47457 206776 16 735
47477 209038 17 763
47496 207493 16 723
47516 207722 17 756
47539 208542 21 764
47567 209038 25 786
47591 209757 21 796
47616 208553 22 791
47636 208152 17 755
47656 207760 17 732
47675 208218 17 739
47695 208510 17 742
47715 207860 17 768
47735 208988 18 787
47770 208235 32 774
47793 208442 19 757
47817 208249 21 749
47837 207336 17 744
47857 207946 17 742
47877 207743 18 765
47898 208546 18 767
47917 206820 17 741
47939 208767 19 786
47961 207797 19 722
47989 208221 25 802
48009 207173 17 737
48030 208685 18 769
48051 207754 18 777
48071 207739 17 765
48091 208963 17 734
48111 208441 18 761
48131 207432 17 755
48152 208191 18 769
48176 207824 21 781
48201 208477 20 788
48221 208477 18 761
48242 207138 18 765
48262 207983 17 731
48282 207410 18 762
48302 207822 17 745
48323 207809 18 750
48344 207800 18 765
48365 207261 19 794
48389 208985 21 750
48416 208337 24 735
48436 207591 18 760
48458 208957 19 812
48480 209019 18 776
48500 207754 18 723
48521 209318 18 776
48541 208953 17 749
48561 207186 17 749
48582 207509 18 727
48611 207449 26 732
48631 208333 18 754
48652 208955 18 792
48673 209314 18 764
48693 209074 17 751
48714 207426 18 757
48734 207085 18 739
48755 207645 18 765
48775 207376 17 757
48797 209273 19 820
48823 208773 23 762
48848 209256 21 780
48869 207827 18 792
48890 207349 18 752
48910 208092 17 735
48931 208560 18 772
48952 207704 18 760
48972 208017 17 753
48993 208436 18 760
49015 208455 20 730
49045 207646 25 716
49067 207680 18 766
49089 208344 19 789
49110 208579 18 793
49129 207790 17 748
49149 208746 17 755
49170 208502 17 765
49189 208093 16 724
49210 208985 18 773
49233 207780 20 756
49258 207852 22 734
49279 208847 19 767
49300 208607 17 734
49321 208695 18 776
49341 208607 17 745
49360 208669 17 742
49380 207978 17 751
49400 207760 17 741
49420 207386 17 726
49448 209154 25 798
49469 208762 18 767
49489 208893 17 752
49510 208486 18 776
49529 207121 16 728
49549 208677 17 751
49568 207394 16 714
49588 207325 18 767
49609 209241 18 752
49629 207857 17 772
49652 208989 20 773
49677 207722 22 708
49697 208780 17 751
49717 208350 17 748
49737 208334 17 711
49757 207936 17 753
49779 208164 19 785
49800 208454 18 772
49820 209125 18 760
49842 208588 19 799
49864 209449 19 788
49893 208020 25 766
49913 208154 18 748
49932 207390 17 717
49952 207867 17 715
49974 208737 18 764
49996 207583 19 784
50017 207562 19 766
50039 208886 19 800
50059 206670 18 760
50080 207924 18 752
50109 206867 27 745
50130 208188 18 749
50150 207262 17 724
50172 208813 19 792
50192 208902 18 762
50213 208293 18 763
50234 209012 19 791
50255 208630 18 768
50275 207763 17 748
50296 207762 18 761
50331 209460 32 761
50351 207695 18 739
50372 207870 18 778
50394 209108 19 781
50428 208723 19 778
50449 207488 18 766
50469 208172 17 752
50490 207323 18 766
50510 208766 18 773
50534 207772 21 745
50558 207628 18 708
50579 208064 18 773
50599 208229 18 774
50619 207713 17 743
50639 207397 18 768
50660 208269 18 767
50679 208248 16 719
50699 208492 17 771
50720 209208 18 765
50747 208784 25 767
50769 208460 18 760
50790 208458 18 764
50810 207864 17 748
50830 208115 17 724
50851 207386 18 783
50872 207873 18 781
50893 208855 18 780
50913 209173 18 774
50935 209136 19 794
50962 209051 24 775
50986 208940 20 782
51008 208436 18 776
51028 208452 17 749
51048 207647 18 763
51068 208852 17 762
51089 208951 18 766
51109 206918 17 744
51129 209255 18 783
51152 207646 20 726
51180 208233 25 747
51200 208667 17 760
51219 207900 16 722
51239 208628 17 759
51259 207314 17 744
51279 208155 18 759
51299 208496 17 750
51319 208049 17 769
51339 207686 17 737
51359 207654 17 750
51383 208651 22 752
51406 209420 18 773
51426 208127 17 749
51446 208701 17 747
51465 207427 17 747
51486 208803 18 777
51505 208513 17 746
51526 208206 18 791
51547 208382 18 775
51568 208939 18 776
51591 207070 20 721
51618 209308 25 776
51640 208080 18 770
51660 209081 17 748
51680 208744 18 772
51701 208757 18 778
51722 209291 19 811
51743 208350 18 771
51764 208728 18 784
51793 208266 17 736
51821 208322 25 750
51845 207777 20 737
51866 207830 18 786
51886 208102 17 757
51908 209098 19 783
51929 208300 18 753
51949 208771 18 775
51971 208048 18 767
51992 206645 18 774
52015 208395 21 753
52044 207562 23 742
52065 207917 18 771
52086 207647 18 766
52106 207924 18 770
52126 207245 17 732
52147 208896 18 773
52167 206873 17 749
52187 208083 18 787
52208 207974 17 759
52230 207443 19 722
52257 208424 25 740
52277 207822 17 745
52298 208737 17 777
52318 207982 17 737
52338 207436 17 746
52358 208461 17 751
52378 208203 18 749
52397 207506 17 737
52418 209324 17 759
52445 208184 24 739
52469 209226 20 768
52489 208505 17 762
52509 208105 17 760
52529 207278 17 738
52549 209601 17 756
52569 209180 18 763
52589 208723 17 746
52610 207557 18 770
52631 207555 18 788
52653 208087 19 754
52680 208658 24 759
52700 207294 17 752
52720 206525 17 742
52742 208033 19 765
53005 208718 261 804
53103 208149 84 772
53205 207900 97 772
53258 208536 46 758
53281 206701 19 720
53303 208542 18 741
53323 207402 17 736
53343 208161 17 741
53369 209094 23 776
53396 208027 24 753
53417 208490 18 760
53437 207478 17 737
53457 208274 17 748
53477 208505 18 782
53498 208799 18 785
53518 208278 17 744
53539 208811 18 800
53561 208003 19 755
53585 208086 20 740
53607 208390 18 750
53629 207359 19 751
53649 209066 17 729
53670 208790 18 797
53691 209050 18 784
53711 208920 17 741
53732 208464 19 787
53752 208033 17 770
53775 208975 20 781
53801 207530 24 759
53822 208071 18 760
53843 207539 19 760
53864 207798 18 780
53884 207890 17 735
53905 210131 18 770
53925 207384 17 757
53945 209043 18 769
53967 208705 18 783
53989 207872 20 783
54017 207257 25 723
54037 207227 17 725
54061 208854 21 805
54081 208062 18 789
54103 209018 19 742
54125 208720 20 774
54147 209308 19 789
54167 208179 18 770
54188 207823 17 768
54217 209263 26 751
54242 208599 21 760
54263 208279 18 770
54284 208601 18 763
54303 208269 17 722
54323 207878 17 752
54344 208433 18 792
54364 208117 17 742
54383 206576 16 712
54403 208769 18 781
54428 208781 22 740
54453 209557 20 797
54474 209335 18 794
54494 208425 18 760
54538 208421 18 776
54558 208818 17 749
54580 207938 19 807
54601 208678 18 778
54627 208545 23 754
54657 207463 24 747
54677 207898 18 755
54698 208625 18 745
54720 210044 19 807
54741 208084 18 761
54760 208265 16 704
54780 207820 17 754
54800 208596 17 746
54820 208491 17 763
54843 208398 20 756
54869 208360 23 778
54890 207632 18 745
54909 206961 16 722
54929 206871 17 756
54948 208147 17 749
54968 208402 17 762
54987 207954 16 727
55007 208140 17 749
55028 209364 18 784
55048 209404 18 764
55071 207782 19 735
55099 209017 24 771
55124 208361 22 778
55144 208291 17 730
55164 208674 18 755
55185 207510 18 765
55205 208603 17 731
55226 210056 18 784
55246 208036 18 759
55275 208902 26 782
55302 209517 22 800
55324 208325 18 753
55344 209116 18 764
55366 208123 19 791
55387 208030 18 765
55407 207485 18 772
55427 208355 17 738
55448 208357 18 782
55471 207311 20 758
55495 206896 19 734
55516 207432 18 783
55537 208199 17 751
55557 208885 18 789
55578 208175 18 787
55598 208251 17 738
55618 207156 17 742
55638 208458 17 732
55658 208696 17 751
55679 209107 18 765
55707 207574 24 743
55728 207811 18 745
55749 208540 18 766
55770 208322 18 773
55791 207528 18 778
55812 208690 18 777
55833 208241 18 778
55854 208479 18 767
55874 207566 17 746
55900 208791 23 766
55924 207732 19 769
55943 209059 17 733
55963 208659 17 730
55983 207507 17 743
56004 208996 18 775
56026 207945 19 771
56046 208571 18 752
56068 209223 18 780
56087 208222 17 720
56113 208034 23 762
56143 208212 25 742
56164 208191 18 780
56185 208542 17 741
56205 208088 17 748
56225 207404 17 727
56245 208475 17 749
56266 207918 18 747
56286 208794 18 773
56306 206932 17 731
56329 208660 20 741
56354 207198 21 730
56374 206692 17 720
56394 208487 18 762
56415 208131 18 782
56437 209045 19 786
56458 209247 17 743
56478 208163 17 741
56498 207871 17 770
56518 207599 17 763
56540 208161 19 742
56566 208186 23 774
56587 208825 18 769
56609 208758 19 789
56629 208645 18 756
56650 208264 18 757
56670 207777 17 748
56690 208667 18 770
56712 207412 19 800
56733 208280 19 767
56757 208386 20 763
56782 207729 21 745
56803 208340 18 762
56823 209055 17 764
56844 209222 18 773
56865 209012 18 783
56884 208188 17 739
56905 208258 18 761
56925 207951 17 758
56946 208776 18 795
56968 208162 19 742
56996 207540 25 733
57017 207847 19 776
57038 207674 17 739
57058 208747 17 754
57079 208796 18 787
57100 208395 18 748
57120 208955 18 777
57141 207880 18 789
57162 208509 18 753
57189 207442 23 716
57209 209454 17 736
57239 207541 18 758
57259 208610 18 781
57279 208276 16 727
57299 207572 17 754
57318 208966 17 742
57338 208000 17 741
57357 207778 16 723
57377 208631 17 760
57404 208508 24 748
57426 207611 18 750
57445 206667 16 710
57466 208676 18 770
57486 207707 18 748
57507 207959 18 765
57527 207503 18 755
57547 208053 17 754
57568 207500 17 740
57587 207264 17 745
57612 208371 22 767
57643 209153 24 801
57663 208240 18 780
57685 209134 18 805
57704 207851 17 737
57724 208795 17 761
57744 207642 17 734
57764 208401 17 754
57784 207205 17 738
57803 209498 17 748
57826 208306 20 773
57854 207884 25 721
57875 208534 18 761
57896 207790 18 775
57915 207092 16 730
57935 208441 17 764
57956 208707 18 806
57977 209380 18 784
57998 208996 18 785
58020 209248 19 774
58051 207742 27 748
58071 208117 18 767
58092 209106 18 783
58112 208527 17 736
58132 208635 18 772
58153 209186 18 781
58174 209471 18 784
58194 207465 16 705
58213 206994 17 752
58234 208903 18 773
58262 208854 25 763
58283 208088 18 766
58306 208352 20 761
58327 208158 18 773
58348 207443 19 771
58370 208324 19 756
58391 209012 18 756
58411 207504 17 756
58432 208718 18 764
58452 207285 17 715
58473 208382 19 760
58502 208916 25 776
58522 209087 16 722
58542 207454 18 768
58562 207422 18 747
58583 207939 17 756
58616 208190 18 757
58637 207474 17 749
58656 207821 17 736
58678 208247 19 735
58706 208320 25 752
58727 207553 18 725
58750 208806 20 791
58771 207497 18 771
58792 207994 18 774
58813 208221 19 742
58834 207851 18 735
58855 208370 18 752
58875 207226 17 726
58906 207955 28 767
58933 208268 24 776
58953 208520 17 745
58973 208102 17 759
58993 208217 17 733
59014 208814 18 785
59034 208491 16 728
59054 208308 17 765
59074 208718 17 764
59094 208113 17 769
59123 208120 25 740
59144 207917 18 778
59164 206792 17 751
59185 208682 18 805
59205 207656 18 781
59225 208016 17 772
59246 208360 17 762
59265 207872 17 748
59286 207984 18 787
59308 208181 20 743
59333 207354 22 743
59353 208624 18 767
59374 208695 18 776
59394 207694 17 756
59414 208167 18 776
59436 208188 18 768
59457 208382 18 783
59476 207126 17 730
59496 207198 17 737
59516 207673 17 766
59544 207607 25 757
59566 208973 18 780
59587 208463 18 775
59607 207764 17 747
59630 208850 20 778
59653 208069 19 763
59674 207391 18 742
59695 209664 18 800
59715 206168 17 736
59740 208369 22 773
59767 208330 21 780
59786 208323 17 740
59806 208556 17 747
59826 208577 17 768
59846 208913 17 733
59867 208206 18 798
59887 208003 17 758
59907 208653 17 755
59928 209240 18 782
59952 208869 21 791
59979 209289 25 782
60000 207296 17 746
60020 207758 18 742
60041 208045 18 756
60061 207814 17 746
60081 208302 18 771
60101 207838 16 720
60120 207905 17 734
60140 208160 17 744
60161 208767 18 764
60196 208582 31 760
60216 208113 18 763
60237 208003 18 752
60257 207690 18 742
60277 207805 17 746
60298 207768 18 759
60319 208767 18 796
60338 209123 17 741
60358 208271 17 739
60379 208209 18 724
60409 208048 26 781
60429 208801 17 767
60449 209567 17 764
60470 207924 18 771
60490 208863 17 759
60510 208487 17 759
60530 208393 18 787
60552 208030 18 788
60572 207881 17 750
60596 207734 21 780
60622 206223 19 726
60643 208261 18 768
60663 208860 17 739
60684 208554 18 764
60703 207697 17 742
60726 209546 20 801
60747 208914 18 767
60767 208332 18 766
60787 208484 17 756
60816 207926 25 747
60837 208297 18 759
60858 208756 18 754
60879 208137 18 790
60900 208942 18 766
60920 207695 18 756
60941 208410 18 744
60960 208171 16 715
60980 208763 17 732
61002 208904 19 815
61024 207486 18 744
61050 207899 22 741
61071 208323 18 760
61090 207867 16 708
61113 208773 19 826
61133 208592 18 758
61153 208213 18 776
61174 208659 18 775
61194 208443 17 776
61217 207567 20 770
61244 207983 24 756
61264 208178 17 750
61285 207685 18 764
61306 208313 18 769
61326 208005 18 758
61346 208366 17 739
61366 208828 18 788
61386 208642 17 766
61406 208105 17 766
61437 208380 28 790
61461 208264 20 738
61482 209084 18 772
61501 207927 16 713
61522 208744 17 760
61542 209073 18 778
61561 208800 17 734
61582 208075 18 779
61603 208560 18 779
61623 207982 17 771
61650 207944 24 761
61671 208822 17 752
61691 207789 17 746
61713 210034 19 820
61735 207906 19 772
61755 208721 17 734
61774 207888 16 724
61794 208174 18 784
61815 208530 18 785
61835 207643 17 752
61859 208475 21 775
61887 208402 25 758
61908 207989 18 762
61928 208424 18 746
61948 207699 17 735
61968 208804 17 751
61988 208591 17 755
62008 208781 17 762
62029 208491 18 745
62049 206900 17 764
62077 208528 25 754
62096 207580 17 717
62117 209684 18 789
62137 208308 17 762
62157 208678 17 742
62177 209081 17 748
62198 207727 18 785
62219 208131 17 758
62239 208118 18 777
62260 208236 18 763
62282 208123 20 764
62308 207666 20 760
62328 207481 17 741
62348 208404 18 787
62368 207477 17 752
62389 208874 18 761
62409 208145 17 754
62427 208025 16 716
62447 208475 17 740
62466 209165 17 732
62495 207938 26 782
62516 207673 18 757
62537 209267 18 793
62557 207246 17 716
62577 208429 17 759
62598 207588 18 733
62619 210000 18 793
62639 208050 17 739
62660 208783 18 775
62681 209015 18 785
62712 208633 28 751
62744 208967 28 776
62764 207675 17 722
62789 207605 22 769
62809 207913 17 734
62829 208013 17 747
62850 207878 17 753
62869 207207 17 739
62888 208557 16 698
62909 207185 17 726
62934 207813 21 727
62958 208052 20 743
62983 208195 22 745
63004 208347 18 778
63024 207590 17 723
63044 209342 17 772
63064 208503 17 752
63084 208868 17 765
63105 208173 17 756
63126 208222 19 745
63154 208201 22 746
63175 209203 18 781
63196 207396 18 754
63216 208146 18 768
63236 208663 17 747
63256 208868 17 758
63277 208267 18 785
63297 207443 17 754
63318 208169 18 772
63345 208485 25 739
63365 208983 17 751
63385 208430 17 745
63405 208541 17 762
63424 207325 16 699
63444 209070 18 771
63465 208463 17 766
63485 207665 18 779
63505 207856 18 760
63525 207806 17 734
63547 207762 19 731
63572 208081 21 755
63593 209370 18 783
63613 207910 17 743
63633 207686 18 768
63653 207767 16 730
63673 208626 17 766
63692 208570 17 743
63712 207819 17 765
63733 208589 18 787
63754 207469 18 752
63779 208789 21 766
63802 209076 19 811
63821 207538 16 722
63842 207906 18 745
63861 208201 17 730
63882 208355 18 766
63902 208734 17 760
63923 207814 19 782
63944 207505 18 781
63964 208429 17 747
63988 207558 21 725
64016 206282 23 751
64036 208208 17 730
64072 208683 18 759
64092 207879 17 740
64113 209180 18 805
64135 208577 19 783
64155 208497 17 745
64175 207586 18 762
64205 208563 26 779
64225 208484 17 730
64245 207594 17 741
64267 208384 19 792
64287 208526 17 763
64308 208629 18 784
64328 207540 17 733
64348 207645 17 754
64368 208650 17 753
64387 208430 17 760
64416 207898 26 789
64439 208904 19 747
64459 208099 17 744
64479 208503 17 758
64499 208375 17 753
64520 208115 18 773
64541 208758 18 776
64561 208992 17 745
64581 208795 17 775
64602 208491 18 764
64624 208053 20 754
64650 208689 23 750
64671 207820 18 781
64692 208196 18 765
64712 209149 17 754
64732 207904 17 716
64752 209040 18 777
64773 208640 18 785
64793 208717 17 773
64813 208950 17 756
64835 207694 19 757
64861 208528 23 735
64883 207656 17 721
64903 208343 17 753
64923 207637 17 738
64943 208179 17 750
64964 207462 18 791
64984 207605 17 736
65004 207758 17 750
65025 209165 18 764
65045 208750 17 762
65077 208772 29 775
65098 208176 18 782
65119 207521 17 735
65139 207381 17 721
65159 207806 18 760
65180 208009 18 741
65200 207676 17 730
65220 207500 17 728
65240 208077 18 782
65260 208665 17 760
65291 208205 28 749
65317 209261 22 780
65338 207979 18 752
65358 207918 18 769
65378 208654 17 729
65399 207586 18 750
65419 207888 18 764
65440 209626 18 774
65461 208382 18 789
65484 207393 20 719
65509 207519 22 752
65530 208082 18 759
65550 209086 18 774
65571 207288 18 765
65591 208380 17 760
65612 209061 18 741
65631 207806 16 720
65651 207183 17 757
65672 209215 18 769
65692 208012 18 727
65722 208401 26 754
65742 207236 17 739
65763 208054 18 763
65783 207014 17 735
65803 207964 17 724
65824 207514 17 748
65845 208456 18 764
65865 208337 18 753
65886 208267 17 725
65910 209308 22 757
65934 208417 19 717
65956 208306 18 776
65977 208233 18 764
65997 208339 18 753
66019 208457 19 776
66040 208833 18 753
66060 208183 17 737
66081 208902 19 799
66102 209034 18 779
66124 208273 19 734
66150 207538 24 768
66170 207827 17 744
66191 208649 18 780
66212 207124 18 769
66232 207636 17 738
66256 207688 21 773
66276 208319 18 775
66297 208658 17 753
66317 208480 17 746
66339 207699 20 782
66368 207962 25 782
66389 209170 18 776
66409 208473 17 730
66429 207439 17 726
66449 207515 18 761
66470 208572 18 748
66490 208430 17 760
66511 209184 19 783
66533 208608 18 732
66567 209529 31 801
66590 208251 19 765
66611 207510 18 750
66631 208505 17 721
66652 209775 18 757
66673 208745 18 738
66693 207877 17 713
66712 208273 17 722
66735 208209 20 757
66768 209395 30 801
66789 208088 18 776
66810 208452 18 755
66830 207351 18 733
66852 208254 19 738
66873 207483 18 751
66896 208043 21 771
67123 207438 112 738
67192 208411 60 747
67231 207508 33 769
67254 207806 18 768
67274 209422 17 742
67295 208672 18 785
67316 207751 18 759
67336 208562 17 757
67357 207930 18 759
67379 207926 19 749
67405 208903 23 762
67427 207950 18 754
67447 208138 17 746
67475 209166 26 751
67513 208476 34 729
67543 207005 28 742
67570 207564 23 801
67593 207685 20 746
67624 208169 25 771
67648 209123 21 771
67672 208796 19 770
67693 207533 19 788
67714 208124 18 742
67736 208471 19 790
67757 207920 19 768
67778 207978 18 755
67801 207463 20 764
67830 208576 25 766
67853 208083 19 741
67874 207994 18 760
67895 206730 18 756
67915 208945 17 721
67935 208328 18 752
67956 209075 17 744
67976 208573 18 756
67996 207877 17 744
68029 208108 29 759
68055 208607 21 769
68077 206842 19 739
68097 206839 17 728
68118 208095 18 750
68139 207991 18 765
68162 207595 21 765
68184 208800 19 739
68206 208247 19 764
68231 208193 21 735
68257 208140 23 740
68278 208260 18 749
68299 208150 19 743
68320 208520 18 763
68341 207666 18 767
68361 208734 18 765
68382 207898 18 775
68403 207844 18 773
68423 208014 18 771
68447 208929 21 775
68477 208241 26 785
68497 208476 18 727
68519 206860 18 748
68538 207701 17 733
68559 208398 17 755
68579 208794 18 764
68600 209088 18 756
68620 207198 17 737
68640 207263 17 734
68662 208013 19 751
68689 208120 24 756
68710 207337 18 740
68730 207962 18 734
68750 207785 17 737
68770 207818 17 713
68791 207788 18 767
68810 207767 17 740
68831 208557 18 780
68851 208393 17 752
68871 208680 17 757
68893 207993 19 746
68918 207520 23 746
68940 208170 18 758
68960 209407 18 764
68981 208349 18 788
69002 208723 18 764
69023 208070 18 747
69043 208761 17 733
69063 208642 17 738
69084 207779 18 718
69113 208778 25 765
69134 208750 17 745
69154 207285 17 737
69175 207412 18 788
69196 208270 18 740
69217 208251 18 767
69238 208555 18 779
69258 208127 18 755
69278 207422 17 737
69303 205938 23 745
69329 208627 20 805
69350 208617 19 784
69371 208235 17 730
69391 206799 18 751
69411 208657 17 731
69432 208760 19 806
69452 208443 18 771
69474 208341 18 807
69499 207799 23 735
69546 209090 33 747
69567 209304 18 746
69590 208694 21 783
69617 208740 24 796
69638 209206 18 791
69658 207734 17 746
69678 208969 17 756
69701 208350 20 780
69721 208074 18 750
69750 207720 25 777
69772 208698 19 824
69793 208170 18 759
69814 208314 19 777
69835 207889 18 767
69856 207740 18 760
69877 209006 19 784
69896 207817 17 727
69917 208042 18 800
69939 207799 19 770
69964 207977 21 767
69988 207774 18 751
70009 208278 19 758
70034 208485 21 732
70054 208681 18 739
70075 207694 18 747
70095 207090 17 732
70116 207583 17 735
70136 207629 18 765
70157 208321 18 753
70186 208177 25 730
70206 207874 17 739
70226 207935 17 741
70247 209619 18 795
70267 208147 17 733
70287 208505 18 769
70308 207593 18 759
70329 208647 18 766
70350 207932 18 774
70374 209414 21 792
70404 208695 27 777
70424 208481 18 747
70457 207356 27 724
70479 208376 19 765
70508 208175 26 762
70530 209114 19 783
70550 208031 18 764
70571 208062 17 754
70596 207569 22 749
70627 208392 26 788
70656 207368 25 737
70681 208051 22 782
70703 208235 19 746
70731 209102 25 769
70752 208046 17 737
70772 208000 18 753
70806 207110 31 767
70841 208024 30 745
70863 208919 19 782
70883 206432 17 720
70904 209044 18 780
70925 207927 18 784
70945 208895 17 737
70966 208192 18 777
70985 207161 17 738
71007 208771 19 731
71041 208450 30 786
71062 208357 18 784
71083 208792 18 755
71103 207784 17 743
71124 208223 18 765
71144 208066 17 725
71165 209012 18 799
71186 208570 18 772
71207 208837 18 796
71232 207687 21 724
71252 207137 17 728
71272 207993 18 760
71293 208599 18 771
71313 207770 17 752
71334 209353 18 768
71355 208257 18 776
71375 208796 17 743
71395 208933 18 772
71416 208306 18 763
71439 208170 20 752
71466 208874 21 721
71487 209010 18 768
71507 208298 17 731
71527 207838 17 754
71549 209048 19 729
71569 208105 17 715
71588 207726 16 715
71608 208321 18 770
71632 209299 21 810
71657 208970 22 762
71689 207865 27 759
71710 207244 18 726
71731 208092 18 769
71751 208095 17 757
71771 208068 17 747
71792 208284 18 789
71812 207235 17 747
71832 206568 17 734
71852 207874 17 718
71875 208991 21 762
71901 207866 23 758
71920 207157 17 719
71941 207458 18 748
71961 208214 17 751
71981 208612 17 747
72003 207990 19 739
72026 207817 20 758
72048 208218 18 783
72068 208140 17 782
72091 206795 20 764
72116 208773 23 749
72137 209485 18 755
72158 208681 18 765
72179 209309 18 776
72200 207008 18 768
72220 207801 18 772
72240 208457 18 765
72261 209113 18 786
72282 208138 18 770
72304 207597 19 761
72330 207851 23 773
72355 209053 20 746
72376 210027 19 785
72398 208114 18 767
72418 207467 18 768
72439 208965 18 761
72460 208623 17 752
72481 208600 18 769
72501 208489 18 771
72528 207282 24 740
72548 207884 17 724
72568 208805 17 743
72589 207175 18 757
72611 208905 19 789
72634 208538 21 784
72655 208895 18 777
72675 207325 17 753
72695 207694 17 730
72716 208697 19 772
72740 207393 21 696
72766 206802 20 752
72787 207819 18 768
72806 207091 17 713
72828 208668 19 786
72848 207769 17 746
72868 208114 17 771
72889 208902 18 759
72910 208623 18 763
72930 207270 17 722
72957 208749 23 774
72977 208514 17 739
72998 207758 17 745
73019 207984 18 757
73040 208948 18 792
73060 208081 17 760
73080 208574 18 770
73101 208746 18 782
73120 207990 17 753
73141 209121 18 774
73166 208889 22 772
73189 209467 19 785
73210 208458 18 759
73230 208461 18 766
73253 208274 19 778
73274 207954 18 762
73294 208603 17 758
73315 208717 18 768
73335 208412 18 765
73355 208065 16 730
73380 207799 22 759
73405 208015 20 747
73425 208290 17 736
73445 207866 17 739
73465 207182 17 748
73485 207703 18 774
73505 207120 17 749
73525 208592 17 762
73545 208397 17 761
73565 207687 17 725
73624 208324 23 773
73645 207908 18 781
73666 208340 18 771
73687 208470 18 779
73706 206567 16 699
73726 207251 18 750
73747 208474 18 780
73767 208796 17 749
73789 208014 19 744
73814 207337 22 733
73835 208060 18 757
73856 208206 19 795
73876 207565 17 730
73896 207951 17 775
73917 209019 18 801
73938 208821 18 771
73957 207985 16 733
73977 208059 18 767
73998 208851 18 798
74026 206839 25 735
74049 207587 18 754
74069 208089 17 764
74089 208063 18 782
74110 208312 18 774
74130 207239 17 758
74150 208460 17 746
74170 208605 17 741
74190 207740 17 758
74211 207344 19 740
74238 208378 24 806
74259 208456 17 739
74279 208460 18 763
74299 207473 17 741
74319 208015 17 743
74339 208321 17 738
74358 207719 17 731
74379 208629 18 771
74398 208726 16 728
74420 209176 19 770
74448 208569 25 768
74469 208166 18 761
74489 207746 18 771
74510 209075 18 783
74530 208207 17 761
74550 207997 18 775
74570 207727 17 751
74590 208044 17 752
74610 209393 17 769
74630 207781 17 742
74659 208663 25 789
74679 208019 17 738
74700 208998 17 746
74720 207685 17 740
74741 208259 18 770
74762 208737 18 792
74782 208416 17 755
74802 208408 18 777
74822 207661 17 747
74843 207422 18 779
74872 208332 27 748
74897 207748 20 775
74917 207714 17 741
74938 209687 18 780
74962 208547 18 776
74982 208512 17 763
75002 208048 17 755
75022 207744 17 731
75042 208391 17 741
75064 208775 20 775
75091 208001 24 763
75111 208307 17 763
75131 207829 17 741
75151 208158 17 758
75171 208412 17 780
75191 206929 17 742
75211 209045 17 757
75231 207481 17 767
75251 208037 17 729
75282 208823 28 771
75302 208729 17 766
75322 207806 17 727
75343 207394 18 775
75363 208083 17 746
75383 207648 17 760
75404 208601 18 765
75425 208768 18 767
75447 207694 19 751
75470 209261 19 810
75495 208172 22 732
75520 207353 21 748
75543 208442 19 794
75564 208357 19 758
75586 208027 18 740
75606 208769 17 725
75628 208549 19 797
75648 208524 17 746
75668 209185 17 749
75688 208958 17 748
75716 207549 24 742
75740 208613 20 779
75760 208519 17 748
75780 208461 18 742
75801 208606 18 781
75822 206971 18 754
75842 207937 17 725
75862 209047 17 741
75883 209517 18 775
75903 207652 17 765
75929 208264 23 770
75952 207402 18 750
75973 207560 18 747
75994 208668 18 782
76016 208745 19 743
76037 208070 18 759
76057 207822 17 728
76077 208789 17 745
76099 209099 19 802
76123 208268 21 760
76154 207873 27 755
76174 208529 17 721
76196 208342 19 779
76215 208200 17 708
76239 209336 21 750
76260 210101 18 763
76280 207841 18 743
76300 207890 17 751
76320 207387 17 745
76345 207375 21 762
76375 208791 28 784
76396 208327 17 743
76417 208962 19 778
76440 207688 20 756
76461 208549 18 787
76480 208893 17 714
76501 207869 17 745
76521 207174 17 737
76542 207642 18 759
76565 207989 20 772
76590 209947 23 755
76611 207360 18 738
76631 208030 18 750
76652 208231 18 745
76673 208861 18 765
76693 207734 18 753
76714 207882 18 770
76734 208538 17 738
76754 207324 17 729
76781 207845 25 743
76802 208417 18 756
76829 208290 22 767
76850 208052 18 768
76871 208390 19 779
76892 208218 17 735
76912 207871 17 755
76934 207991 19 720
76954 207768 17 717
76974 208513 17 757
76999 209181 22 809
77027 207481 25 771
77048 207728 18 773
77069 208480 18 770
77090 207664 18 800
77111 209178 18 779
77132 208288 18 782
77152 208497 17 742
77171 207659 17 727
77192 207756 18 767
77215 208636 20 745
77243 208247 25 739
77265 208890 19 794
77285 207150 17 717
77305 208263 17 755
77326 208031 18 763
77346 208491 18 757
77366 208648 18 764
77387 208742 17 745
77407 208348 17 777
77429 208325 20 767
77458 208260 25 733
77478 207409 17 727
77498 207509 17 771
77518 207601 17 734
77540 208387 18 789
77560 207812 17 739
77580 208022 18 782
77601 207203 18 726
77622 208216 18 771
77654 208820 29 768
77680 208555 21 785
77702 208450 19 799
77725 208886 20 817
77745 208336 17 744
77766 208740 18 776
77786 208816 18 768
77806 207412 17 747
77827 208611 18 778
77848 208392 18 726
77878 207768 26 744
77901 208159 19 771
77928 208699 24 811
77949 208191 18 750
77970 208977 18 742
77990 207932 18 760
78012 207902 18 784
78032 207977 17 743
78054 209261 19 769
78087 208165 29 761
78114 208674 24 805
78135 207404 18 751
78156 207725 18 739
78177 208002 18 780
78201 208710 21 759
78225 209096 20 780
78247 209103 19 779
78268 207927 18 748
78301 209121 28 792
78323 208199 18 756
78343 207881 17 728
78364 208810 18 768
78385 209716 18 762
78405 207857 17 751
78426 208600 18 742
78446 209570 18 749
78468 208356 19 794
78491 207946 20 773
78518 207307 24 747
78540 207358 18 739
78561 208928 19 762
78582 207613 18 744
78604 207155 19 753
78624 208025 18 754
78645 208743 18 759
78666 207591 18 758
78686 207572 18 759
78708 208481 19 750
78737 208773 26 786
78757 208754 17 741
78777 208215 17 725
78797 207666 17 747
78817 207598 17 754
78837 208290 18 768
78857 208373 18 778
78877 207958 17 756
78897 208035 17 756
78921 207862 21 799
78948 207008 23 736
78967 206773 17 739
78988 208820 17 762
79008 207581 17 766
79032 207909 21 741
79055 208632 19 702
79076 207735 18 766
79098 209445 19 821
79123 208960 21 757
79148 207649 22 748
79181 208557 26 772
79201 206293 17 740
79223 208479 19 796
79243 207376 17 744
79263 208636 17 757
79283 208089 17 747
79303 208334 17 771
79322 209192 16 730
79344 207614 19 747
79372 207625 26 758
79393 207811 17 746
79413 208767 18 735
79434 209196 18 760
79454 207845 18 747
79475 208323 18 771
79496 209502 18 775
79516 207983 17 724
79536 208225 17 746
79560 207739 20 748
79589 208425 27 768
79610 208801 18 764
79630 208496 17 742
79650 209011 18 765
79670 208267 17 768
79691 208986 18 774
79712 209149 18 791
79732 207724 18 760
79754 208716 18 765
79776 208103 20 772
79806 208142 27 767
79828 208148 20 771
79848 207478 17 715
79870 209290 19 788
79890 207525 17 747
79910 208122 17 739
79931 208061 18 759
79952 208392 18 797
79972 208056 17 749
80003 208334 28 781
80025 208253 19 782
80046 208764 18 734
80067 208078 18 765
80087 207481 17 748
80106 208380 17 762
80127 208101 17 753
80146 207482 16 718
80166 208540 18 776
80191 207711 22 779
80215 208343 20 726
80236 208057 18 772
80257 207745 17 751
80277 207985 17 753
80298 208037 18 781
80318 208091 17 766
80338 208344 18 744
80357 206619 16 715
80378 209789 18 792
80398 207952 17 755
80440 207999 27 781
80464 207639 19 768
80486 207713 19 773
80506 208017 17 742
80526 207998 18 776
80547 209079 18 789
80568 208049 18 730
80590 208883 18 781
80611 208388 18 772
80640 208400 26 757
80661 207646 18 760
80682 208659 17 744
80703 208520 18 757
80724 207715 18 758
80744 207602 17 735
80765 208087 18 777
80786 208896 18 788
80806 207806 17 736
80826 208186 17 742
80849 207556 20 719
80880 208522 26 783
80900 207624 17 744
80922 209547 19 799
80944 209714 20 829
80964 207080 17 742
80984 207904 17 727
81005 209356 18 744
81025 207604 18 736
81046 208675 18 780
81072 207882 21 736
81097 208413 20 769
81119 209672 19 808
81140 209067 18 739
81161 207415 18 776
81182 208017 17 733
81203 209161 18 756
81224 208366 18 776
81244 207668 17 739
81266 210141 19 786
81292 207712 23 726
81314 207250 17 724
81336 209098 18 783
81356 207994 17 757
81376 208050 17 758
81397 208950 18 784
81417 208654 18 773
81437 208322 17 752
81457 208284 17 722
81480 208417 21 786
81505 207062 22 740
81527 209918 19 788
81548 208009 18 748
81569 208998 18 789
81590 209005 18 760
81611 207842 18 754
81630 207779 16 727
81649 208118 16 731
81668 208846 16 722
81700 208352 30 731
81723 208602 18 770
81743 208972 17 745
81765 208287 19 804
81785 208527 18 758
81806 207952 18 776
81827 208670 18 761
81846 206711 17 730
81868 209091 18 794
81889 208386 18 759
81910 208655 18 780
81937 208052 22 759
81958 208280 18 779
81979 207590 18 783
81999 208177 17 759
82020 208871 18 763
82040 208816 17 752
82060 208579 17 735
82080 208755 17 767
82100 207554 17 751
82129 209397 25 796
82150 207310 18 750
82170 207534 17 747
82190 208540 17 743
82210 206888 18 729
82230 207054 17 717
82250 207335 17 744
82270 208089 18 766
82291 208720 18 779
82310 207822 17 725
82332 207423 19 725
82358 207376 22 759
82380 207869 18 778
82400 208249 17 748
82419 207634 17 731
82439 208017 18 759
82460 208556 18 769
82480 207596 17 739
82499 207367 17 762
82520 207844 18 776
82543 208464 21 768
82569 208434 23 757
82590 208934 18 780
82611 209146 18 778
82631 208556 17 757
82652 208493 18 762
82672 206981 18 765
82692 207867 17 723
82712 208416 18 775
82732 208404 18 771
82753 208017 18 738
82777 208072 21 751
82801 208216 19 764
82822 207493 18 765
82842 207924 17 738
82862 207605 17 757
82882 207125 17 751
82901 208631 17 755
82921 207467 17 769
82941 209359 17 731
82961 209046 17 780
82989 209071 25 769
83021 207582 28 764
83041 208212 17 741
83062 208260 17 734
83082 207894 17 750
83101 207593 17 748
83122 208157 18 779
83150 208100 17 757
83170 207755 17 735
83193 208887 20 793
83219 208467 22 729
83239 208434 18 756
83260 208422 17 755
83280 207812 17 756
83301 208884 18 772
83321 208658 17 769
83342 208352 18 781
83363 208712 18 797
83383 208442 18 779
83406 207967 20 774
83431 208040 21 752
83452 209058 19 785
83473 207470 18 775
83493 208042 17 763
83513 207107 17 729
83535 209181 19 839
83555 208148 17 768
83575 208112 17 746
83594 207508 17 760
83618 208860 21 785
83644 207671 23 734
83666 208197 19 754
83687 208119 19 738
83707 208126 17 738
83727 208433 17 749
83749 208127 19 805
83768 208514 17 724
83789 207873 17 771
83808 207081 17 740
83832 208764 21 762
83862 208938 24 800
83883 207976 18 747
83904 208796 18 754
83924 208356 18 761
83945 208925 18 760
83965 208048 17 759
83986 208547 18 761
84007 208853 18 769
84028 207864 19 758
84058 207665 27 746
84081 208226 19 725
84103 209753 19 782
84123 208760 18 746
84144 208939 18 776
84166 209204 19 814
84187 208538 18 765
84208 208866 18 783
84228 206918 17 718
84249 207597 18 769
84272 207880 20 736
84301 208471 26 771
84321 208021 18 758
84341 208540 18 748
84362 208872 18 773
84383 208844 17 753
84402 207708 17 750
84423 208776 18 748
84442 207426 17 728
84461 207382 16 715
84483 207819 19 726
84530 209218 19 778
84551 208874 17 739
84571 208069 18 759
84592 208893 18 759
84613 207562 19 776
84634 208044 18 761
84655 208834 18 771
84677 208184 18 779
84707 208983 26 772
84728 207469 18 735
84749 208657 18 789
84769 207539 17 747
84790 209039 18 767
84810 208091 18 760
84831 208295 18 764
84851 208210 18 766
84873 209496 19 795
84895 207706 19 749
84920 208000 21 741
84944 207666 18 735
84964 207511 17 716
84984 208817 17 767
85006 208869 19 813
