 ====== Instance = n0500d001-1 ==========
E(G*)/E(G) = 99.8446%
Clean time = 0.023 s
I*(G)/V(G) = 0%
Number os SCC = 0
SCC sizes : min = 0 max = 0 mean = 0 total = 0
Vertice impact : min = 0 max = 747 mean = 258.004 total = 129002
FO = 58506
Pi = {434 , 371 , 363 , 229 , 114 , 286 , 255 , 248 , 456 , 293 , 431 , 249 , 84 , 348 , 331 , 128 , 362 , 322 , 120 , 382 , 45 , 144 , 62 , 266 , 276 , 77 , 200 , 485 , 12 , 373 , 424 , 375 , 320 , 340 , 166 , 14 , 311 , 13 , 55 , 99 , 53 , 285 , 111 , 48 , 37 , 464 , 289 , 468 , 460 , 415 , 123 , 41 , 216 , 85 , 235 , 197 , 170 , 96 , 92 , 318 , 467 , 489 , 372 , 112 , 413 , 277 , 218 , 109 , 490 , 187 , 209 , 206 , 152 , 287 , 455 , 223 , 94 , 95 , 454 , 81 , 172 , 470 , 72 , 271 , 359 , 35 , 76 , 137 , 191 , 110 , 389 , 226 , 40 , 317 , 147 , 17 , 458 , 121 , 284 , 370 , 238 , 214 , 250 , 241 , 43 , 451 , 309 , 407 , 425 , 354 , 429 , 334 , 294 , 2 , 104 , 245 , 268 , 254 , 264 , 3 , 247 , 310 , 66 , 44 , 59 , 427 , 473 , 29 , 280 , 326 , 493 , 381 , 482 , 19 , 233 , 256 , 211 , 134 , 136 , 481 , 117 , 242 , 46 , 288 , 93 , 410 , 18 , 257 , 39 , 98 , 205 , 236 , 495 , 198 , 385 , 107 , 124 , 394 , 26 , 327 , 343 , 174 , 169 , 130 , 234 , 463 , 65 , 131 , 113 , 132 , 224 , 496 , 367 , 315 , 411 , 10 , 446 , 296 , 105 , 270 , 221 , 298 , 387 , 190 , 428 , 393 , 303 , 397 , 156 , 181 , 122 , 63 , 439 , 204 , 11 , 142 , 499 , 237 , 87 , 355 , 342 , 230 , 158 , 329 , 143 , 449 , 154 , 357 , 306 , 5 , 338 , 202 , 217 , 261 , 479 , 347 , 267 , 260 , 442 , 366 , 125 , 498 , 178 , 295 , 450 , 274 , 195 , 176 , 328 , 108 , 341 , 146 , 445 , 283 , 79 , 275 , 419 , 21 , 222 , 138 , 351 , 491 , 32 , 484 , 7 , 27 , 302 , 61 , 346 , 9 , 129 , 203 , 369 , 438 , 171 , 383 , 472 , 33 , 4 , 486 , 167 , 258 , 272 , 457 , 219 , 441 , 6 , 364 , 185 , 349 , 119 , 64 , 70 , 432 , 319 , 165 , 494 , 281 , 437 , 430 , 398 , 259 , 0 , 378 , 175 , 210 , 279 , 337 , 1 , 305 , 452 , 8 , 232 , 440 , 116 , 231 , 308 , 409 , 300 , 282 , 360 , 22 , 246 , 126 , 466 , 196 , 262 , 168 , 164 , 78 , 316 , 297 , 417 , 57 , 16 , 358 , 332 , 307 , 82 , 47 , 376 , 400 , 390 , 73 , 83 , 421 , 52 , 228 , 192 , 345 , 36 , 388 , 151 , 344 , 49 , 333 , 54 , 269 , 290 , 97 , 67 , 444 , 462 , 313 , 386 , 163 , 20 , 162 , 453 , 25 , 488 , 412 , 71 , 497 , 24 , 350 , 480 , 15 , 471 , 34 , 182 , 252 , 396 , 74 , 239 , 414 , 483 , 475 , 492 , 141 , 244 , 408 , 418 , 448 , 28 , 312 , 465 , 353 , 31 , 291 , 180 , 461 , 86 , 459 , 153 , 88 , 356 , 476 , 127 , 179 , 253 , 186 , 416 , 227 , 365 , 405 , 265 , 225 , 402 , 243 , 91 , 56 , 139 , 477 , 102 , 90 , 118 , 330 , 487 , 406 , 194 , 368 , 395 , 339 , 299 , 145 , 380 , 215 , 374 , 325 , 392 , 140 , 189 , 89 , 401 , 447 , 30 , 69 , 361 , 58 , 404 , 443 , 135 , 292 , 212 , 426 , 403 , 251 , 75 , 384 , 201 , 133 , 193 , 379 , 208 , 155 , 150 , 469 , 263 , 420 , 240 , 50 , 161 , 314 , 324 , 149 , 478 , 115 , 213 , 323 , 183 , 80 , 148 , 199 , 173 , 159 , 352 , 273 , 184 , 68 , 157 , 100 , 207 , 160 , 304 , 423 , 60 , 321 , 422 , 391 , 335 , 377 , 399 , 188 , 177 , 101 , 38 , 103 , 51 , 435 , 278 , 336 , 474 , 436 , 433 , 301 , 23 , 106 , 220 , 42 , }
One rounde time [ms] : min = 0 max = 6 mean = 0 total = 21
total time ls = 0.236 s
 ====== Instance = n0500d001-2 ==========
E(G*)/E(G) = 99.6622%
Clean time = 0.02 s
I*(G)/V(G) = 0%
Number os SCC = 0
SCC sizes : min = 0 max = 0 mean = 0 total = 0
Vertice impact : min = 0 max = 655 mean = 229.82 total = 114910
FO = 52163
Pi = {127 , 489 , 16 , 209 , 48 , 374 , 146 , 254 , 375 , 415 , 423 , 175 , 143 , 380 , 57 , 52 , 465 , 399 , 446 , 360 , 193 , 31 , 328 , 17 , 62 , 131 , 6 , 238 , 134 , 200 , 294 , 82 , 416 , 291 , 207 , 392 , 394 , 148 , 342 , 461 , 430 , 369 , 36 , 493 , 488 , 475 , 106 , 178 , 427 , 275 , 93 , 203 , 363 , 152 , 101 , 442 , 437 , 121 , 337 , 202 , 401 , 9 , 351 , 460 , 464 , 18 , 81 , 490 , 383 , 487 , 395 , 119 , 324 , 315 , 409 , 267 , 102 , 270 , 0 , 264 , 454 , 3 , 194 , 469 , 244 , 71 , 29 , 211 , 32 , 249 , 361 , 237 , 325 , 141 , 117 , 388 , 428 , 142 , 86 , 317 , 354 , 418 , 381 , 246 , 70 , 137 , 312 , 233 , 25 , 169 , 24 , 61 , 497 , 166 , 341 , 459 , 125 , 216 , 319 , 279 , 358 , 357 , 72 , 100 , 182 , 91 , 53 , 186 , 173 , 228 , 338 , 149 , 484 , 150 , 226 , 174 , 250 , 210 , 255 , 64 , 455 , 473 , 426 , 477 , 124 , 176 , 8 , 185 , 179 , 300 , 26 , 222 , 220 , 265 , 162 , 400 , 483 , 188 , 393 , 485 , 438 , 439 , 50 , 236 , 239 , 172 , 19 , 492 , 88 , 192 , 499 , 84 , 231 , 23 , 285 , 367 , 299 , 229 , 372 , 55 , 223 , 253 , 417 , 278 , 314 , 34 , 96 , 63 , 224 , 474 , 355 , 234 , 445 , 277 , 448 , 272 , 379 , 323 , 386 , 257 , 413 , 359 , 132 , 154 , 213 , 69 , 450 , 366 , 260 , 470 , 198 , 269 , 92 , 4 , 334 , 389 , 206 , 158 , 298 , 54 , 456 , 251 , 45 , 168 , 184 , 347 , 362 , 440 , 339 , 2 , 310 , 271 , 157 , 262 , 21 , 352 , 197 , 161 , 350 , 292 , 79 , 408 , 288 , 111 , 282 , 123 , 344 , 189 , 462 , 368 , 214 , 258 , 376 , 476 , 212 , 225 , 274 , 67 , 58 , 345 , 276 , 227 , 420 , 498 , 118 , 129 , 307 , 471 , 59 , 346 , 180 , 217 , 451 , 42 , 51 , 370 , 378 , 171 , 115 , 60 , 163 , 33 , 434 , 486 , 259 , 491 , 480 , 77 , 1 , 422 , 113 , 7 , 425 , 467 , 153 , 170 , 140 , 98 , 419 , 326 , 147 , 90 , 167 , 235 , 407 , 190 , 316 , 377 , 13 , 411 , 281 , 382 , 463 , 353 , 133 , 130 , 273 , 44 , 208 , 126 , 287 , 245 , 94 , 46 , 183 , 218 , 453 , 76 , 12 , 458 , 494 , 296 , 449 , 38 , 120 , 41 , 135 , 284 , 452 , 433 , 128 , 204 , 293 , 232 , 66 , 335 , 73 , 303 , 313 , 95 , 432 , 478 , 11 , 301 , 37 , 468 , 421 , 309 , 122 , 289 , 230 , 248 , 466 , 406 , 83 , 403 , 221 , 191 , 5 , 402 , 138 , 424 , 196 , 336 , 297 , 164 , 187 , 280 , 65 , 43 , 447 , 290 , 243 , 441 , 109 , 435 , 333 , 247 , 99 , 479 , 28 , 110 , 145 , 139 , 457 , 30 , 308 , 384 , 22 , 160 , 136 , 364 , 481 , 390 , 365 , 482 , 181 , 496 , 205 , 20 , 330 , 85 , 302 , 295 , 343 , 436 , 241 , 318 , 219 , 321 , 78 , 387 , 405 , 320 , 385 , 404 , 87 , 283 , 144 , 39 , 165 , 327 , 266 , 240 , 495 , 371 , 306 , 89 , 108 , 56 , 268 , 195 , 112 , 40 , 391 , 443 , 311 , 340 , 103 , 412 , 199 , 322 , 398 , 74 , 215 , 159 , 156 , 107 , 27 , 47 , 68 , 397 , 10 , 155 , 410 , 329 , 348 , 305 , 97 , 349 , 35 , 429 , 15 , 373 , 252 , 201 , 75 , 286 , 261 , 331 , 332 , 356 , 242 , 414 , 177 , 472 , 104 , 49 , 256 , 116 , 263 , 80 , 105 , 114 , 151 , 431 , 444 , 14 , 396 , 304 , }
One rounde time [ms] : min = 0 max = 6 mean = 0 total = 39
total time ls = 0.231 s
 ====== Instance = n0500d001-3 ==========
E(G*)/E(G) = 99.8288%
Clean time = 0.036 s
I*(G)/V(G) = 0%
Number os SCC = 0
SCC sizes : min = 0 max = 0 mean = 0 total = 0
Vertice impact : min = 0 max = 662 mean = 237.32 total = 118660
FO = 54549
Pi = {311 , 348 , 376 , 321 , 288 , 135 , 30 , 340 , 485 , 39 , 206 , 165 , 272 , 345 , 115 , 443 , 365 , 407 , 60 , 494 , 297 , 55 , 230 , 224 , 268 , 148 , 383 , 252 , 402 , 184 , 254 , 483 , 389 , 228 , 341 , 50 , 34 , 182 , 175 , 448 , 493 , 453 , 71 , 330 , 181 , 159 , 20 , 490 , 395 , 210 , 466 , 329 , 183 , 147 , 94 , 309 , 444 , 455 , 250 , 401 , 197 , 144 , 360 , 246 , 52 , 412 , 58 , 189 , 214 , 291 , 440 , 270 , 339 , 220 , 29 , 149 , 99 , 207 , 450 , 488 , 199 , 97 , 85 , 68 , 28 , 469 , 357 , 185 , 74 , 35 , 65 , 409 , 436 , 336 , 232 , 192 , 421 , 217 , 13 , 477 , 356 , 399 , 231 , 264 , 380 , 304 , 413 , 15 , 244 , 487 , 195 , 62 , 437 , 233 , 491 , 1 , 359 , 416 , 158 , 96 , 154 , 219 , 414 , 25 , 33 , 205 , 430 , 218 , 394 , 110 , 368 , 289 , 310 , 419 , 322 , 333 , 194 , 155 , 353 , 428 , 301 , 61 , 290 , 344 , 116 , 260 , 187 , 346 , 422 , 92 , 129 , 141 , 474 , 492 , 49 , 400 , 261 , 44 , 215 , 431 , 103 , 21 , 425 , 240 , 327 , 227 , 117 , 91 , 98 , 151 , 417 , 274 , 127 , 236 , 120 , 17 , 347 , 162 , 471 , 80 , 170 , 119 , 222 , 325 , 410 , 157 , 280 , 388 , 176 , 124 , 337 , 366 , 48 , 438 , 435 , 390 , 454 , 132 , 259 , 374 , 2 , 283 , 308 , 57 , 121 , 295 , 26 , 369 , 113 , 4 , 102 , 317 , 275 , 482 , 161 , 334 , 211 , 342 , 203 , 93 , 12 , 460 , 18 , 63 , 87 , 393 , 398 , 276 , 372 , 42 , 495 , 179 , 53 , 279 , 489 , 81 , 267 , 51 , 248 , 332 , 451 , 472 , 496 , 447 , 382 , 371 , 300 , 163 , 229 , 338 , 281 , 11 , 67 , 335 , 145 , 146 , 476 , 239 , 138 , 216 , 405 , 178 , 247 , 32 , 69 , 174 , 255 , 193 , 19 , 318 , 95 , 364 , 319 , 66 , 350 , 130 , 245 , 22 , 168 , 314 , 105 , 191 , 499 , 118 , 0 , 164 , 70 , 432 , 427 , 40 , 209 , 484 , 38 , 273 , 235 , 9 , 59 , 434 , 271 , 426 , 89 , 140 , 351 , 497 , 226 , 169 , 429 , 43 , 204 , 263 , 73 , 41 , 152 , 180 , 441 , 379 , 326 , 72 , 449 , 464 , 406 , 312 , 104 , 112 , 303 , 8 , 200 , 446 , 153 , 122 , 24 , 473 , 258 , 83 , 465 , 439 , 6 , 107 , 188 , 452 , 354 , 403 , 78 , 370 , 134 , 397 , 486 , 100 , 242 , 462 , 315 , 213 , 387 , 256 , 343 , 320 , 198 , 480 , 46 , 266 , 363 , 415 , 457 , 478 , 328 , 208 , 84 , 445 , 257 , 411 , 126 , 241 , 292 , 16 , 234 , 433 , 331 , 131 , 362 , 378 , 313 , 237 , 166 , 287 , 88 , 31 , 243 , 381 , 467 , 114 , 404 , 79 , 201 , 54 , 377 , 221 , 3 , 458 , 293 , 391 , 106 , 143 , 396 , 111 , 385 , 468 , 305 , 75 , 286 , 139 , 171 , 137 , 463 , 306 , 253 , 173 , 225 , 358 , 150 , 470 , 442 , 349 , 27 , 269 , 109 , 212 , 101 , 367 , 307 , 45 , 498 , 479 , 133 , 278 , 316 , 249 , 386 , 108 , 10 , 86 , 302 , 190 , 90 , 136 , 76 , 172 , 323 , 375 , 475 , 223 , 361 , 196 , 459 , 423 , 461 , 23 , 424 , 125 , 418 , 47 , 384 , 36 , 262 , 77 , 392 , 128 , 408 , 481 , 373 , 456 , 156 , 294 , 298 , 296 , 238 , 202 , 284 , 186 , 14 , 160 , 64 , 167 , 324 , 5 , 7 , 282 , 142 , 299 , 37 , 177 , 123 , 82 , 56 , 420 , 285 , 277 , 355 , 265 , 352 , 251 , }
One rounde time [ms] : min = 0 max = 6 mean = 0 total = 34
total time ls = 0.231 s
 ====== Instance = n0500d001-4 ==========
E(G*)/E(G) = 99.6855%
Clean time = 0.022 s
I*(G)/V(G) = 0%
Number os SCC = 0
SCC sizes : min = 0 max = 0 mean = 0 total = 0
Vertice impact : min = 0 max = 820 mean = 257.004 total = 128502
FO = 58805
Pi = {86 , 471 , 466 , 141 , 249 , 115 , 464 , 219 , 366 , 53 , 442 , 95 , 24 , 62 , 387 , 443 , 408 , 241 , 237 , 483 , 267 , 276 , 265 , 247 , 392 , 209 , 481 , 290 , 120 , 40 , 257 , 39 , 144 , 171 , 235 , 411 , 460 , 277 , 355 , 266 , 122 , 99 , 143 , 33 , 452 , 134 , 109 , 484 , 191 , 449 , 82 , 260 , 44 , 332 , 92 , 21 , 158 , 196 , 499 , 450 , 308 , 46 , 440 , 358 , 180 , 323 , 398 , 487 , 27 , 463 , 153 , 43 , 381 , 300 , 142 , 406 , 437 , 327 , 340 , 331 , 8 , 496 , 295 , 125 , 394 , 349 , 410 , 216 , 302 , 298 , 409 , 107 , 214 , 339 , 357 , 66 , 229 , 414 , 150 , 228 , 0 , 244 , 360 , 17 , 69 , 93 , 341 , 198 , 221 , 431 , 444 , 423 , 384 , 364 , 164 , 259 , 272 , 91 , 289 , 112 , 297 , 334 , 182 , 385 , 220 , 316 , 136 , 50 , 312 , 436 , 176 , 490 , 55 , 232 , 285 , 151 , 152 , 429 , 430 , 474 , 399 , 422 , 23 , 227 , 26 , 382 , 482 , 87 , 116 , 246 , 306 , 376 , 264 , 434 , 64 , 139 , 81 , 9 , 439 , 79 , 7 , 19 , 356 , 454 , 192 , 479 , 184 , 80 , 130 , 359 , 103 , 256 , 344 , 416 , 161 , 292 , 476 , 67 , 28 , 203 , 279 , 45 , 169 , 313 , 75 , 475 , 353 , 303 , 386 , 254 , 202 , 462 , 345 , 140 , 404 , 84 , 1 , 426 , 204 , 25 , 368 , 178 , 68 , 252 , 318 , 370 , 106 , 456 , 403 , 351 , 210 , 418 , 469 , 250 , 342 , 59 , 187 , 445 , 185 , 179 , 16 , 110 , 467 , 4 , 405 , 224 , 174 , 478 , 128 , 34 , 135 , 104 , 361 , 168 , 89 , 73 , 301 , 213 , 10 , 396 , 282 , 18 , 375 , 97 , 299 , 183 , 322 , 493 , 296 , 155 , 200 , 186 , 320 , 379 , 400 , 245 , 41 , 162 , 271 , 199 , 492 , 225 , 336 , 488 , 448 , 248 , 30 , 291 , 367 , 61 , 459 , 226 , 270 , 328 , 126 , 280 , 208 , 321 , 20 , 319 , 49 , 286 , 497 , 65 , 240 , 311 , 189 , 412 , 173 , 197 , 350 , 156 , 32 , 133 , 288 , 491 , 314 , 261 , 190 , 293 , 201 , 22 , 407 , 90 , 42 , 132 , 372 , 305 , 105 , 217 , 258 , 77 , 188 , 71 , 193 , 465 , 374 , 35 , 51 , 131 , 365 , 70 , 338 , 206 , 48 , 317 , 473 , 147 , 195 , 218 , 160 , 223 , 395 , 222 , 477 , 275 , 138 , 29 , 470 , 212 , 435 , 54 , 371 , 242 , 163 , 453 , 363 , 421 , 127 , 111 , 425 , 101 , 419 , 85 , 118 , 485 , 15 , 390 , 304 , 76 , 166 , 129 , 13 , 378 , 263 , 335 , 432 , 36 , 383 , 369 , 489 , 38 , 461 , 457 , 251 , 417 , 3 , 424 , 123 , 31 , 181 , 215 , 495 , 117 , 5 , 268 , 468 , 231 , 177 , 402 , 420 , 14 , 447 , 137 , 458 , 480 , 346 , 427 , 278 , 352 , 230 , 438 , 124 , 236 , 255 , 348 , 325 , 233 , 393 , 6 , 170 , 98 , 433 , 397 , 294 , 324 , 238 , 157 , 234 , 391 , 149 , 274 , 262 , 377 , 498 , 373 , 307 , 2 , 114 , 165 , 194 , 269 , 11 , 315 , 172 , 100 , 154 , 12 , 347 , 253 , 413 , 401 , 47 , 108 , 329 , 428 , 58 , 121 , 354 , 159 , 74 , 337 , 94 , 83 , 415 , 284 , 52 , 273 , 362 , 175 , 283 , 343 , 326 , 96 , 441 , 63 , 446 , 113 , 310 , 205 , 389 , 88 , 330 , 102 , 167 , 78 , 243 , 211 , 494 , 451 , 60 , 57 , 37 , 455 , 207 , 486 , 72 , 148 , 146 , 309 , 281 , 388 , 333 , 380 , 239 , 119 , 145 , 287 , 472 , 56 , }
One rounde time [ms] : min = 0 max = 6 mean = 0 total = 48
total time ls = 0.25 s
 ====== Instance = n0500d001-5 ==========
E(G*)/E(G) = 99.9222%
Clean time = 0.022 s
I*(G)/V(G) = 0%
Number os SCC = 0
SCC sizes : min = 0 max = 0 mean = 0 total = 0
Vertice impact : min = 0 max = 692 mean = 256.548 total = 128274
FO = 58255
Pi = {127 , 219 , 463 , 155 , 242 , 310 , 373 , 331 , 203 , 286 , 100 , 174 , 253 , 214 , 209 , 94 , 357 , 162 , 294 , 4 , 27 , 181 , 125 , 295 , 172 , 0 , 120 , 416 , 186 , 363 , 288 , 359 , 164 , 167 , 19 , 3 , 21 , 17 , 453 , 436 , 459 , 173 , 425 , 462 , 62 , 448 , 369 , 328 , 297 , 476 , 405 , 103 , 487 , 183 , 361 , 8 , 45 , 393 , 1 , 379 , 114 , 352 , 486 , 383 , 466 , 73 , 160 , 311 , 426 , 339 , 420 , 452 , 71 , 280 , 495 , 31 , 475 , 218 , 366 , 76 , 321 , 106 , 220 , 273 , 303 , 332 , 344 , 96 , 32 , 306 , 232 , 222 , 135 , 9 , 267 , 244 , 231 , 112 , 198 , 381 , 455 , 428 , 431 , 210 , 122 , 289 , 39 , 185 , 469 , 99 , 102 , 121 , 61 , 240 , 460 , 279 , 257 , 78 , 51 , 375 , 28 , 25 , 278 , 23 , 70 , 169 , 204 , 329 , 234 , 473 , 282 , 479 , 131 , 450 , 314 , 443 , 484 , 196 , 347 , 305 , 340 , 323 , 142 , 10 , 237 , 117 , 384 , 200 , 227 , 367 , 427 , 170 , 319 , 87 , 199 , 270 , 202 , 85 , 216 , 434 , 413 , 6 , 47 , 389 , 30 , 116 , 75 , 439 , 151 , 197 , 334 , 302 , 13 , 348 , 291 , 430 , 60 , 387 , 80 , 246 , 229 , 477 , 129 , 324 , 187 , 299 , 374 , 432 , 124 , 36 , 407 , 97 , 461 , 189 , 12 , 128 , 398 , 313 , 15 , 285 , 111 , 58 , 497 , 249 , 360 , 481 , 417 , 105 , 57 , 16 , 262 , 178 , 409 , 442 , 90 , 154 , 298 , 268 , 284 , 179 , 14 , 22 , 113 , 98 , 386 , 260 , 86 , 429 , 67 , 263 , 48 , 351 , 491 , 489 , 341 , 206 , 421 , 59 , 254 , 153 , 184 , 353 , 255 , 92 , 274 , 304 , 66 , 444 , 191 , 307 , 445 , 493 , 349 , 322 , 327 , 37 , 482 , 266 , 126 , 364 , 356 , 345 , 95 , 168 , 152 , 118 , 192 , 410 , 53 , 171 , 406 , 293 , 217 , 136 , 107 , 89 , 239 , 272 , 292 , 390 , 433 , 50 , 213 , 492 , 188 , 411 , 371 , 40 , 301 , 193 , 141 , 208 , 499 , 400 , 464 , 212 , 251 , 91 , 337 , 238 , 190 , 230 , 150 , 49 , 26 , 438 , 355 , 149 , 24 , 415 , 467 , 133 , 65 , 157 , 243 , 287 , 194 , 110 , 308 , 412 , 485 , 309 , 404 , 42 , 465 , 139 , 343 , 276 , 236 , 93 , 435 , 290 , 483 , 449 , 33 , 264 , 235 , 378 , 441 , 391 , 402 , 88 , 55 , 177 , 447 , 333 , 397 , 137 , 330 , 56 , 163 , 241 , 316 , 43 , 211 , 350 , 224 , 454 , 414 , 175 , 496 , 176 , 147 , 370 , 140 , 437 , 365 , 399 , 226 , 488 , 130 , 318 , 317 , 223 , 134 , 388 , 119 , 478 , 148 , 63 , 338 , 74 , 408 , 104 , 64 , 115 , 207 , 215 , 247 , 470 , 325 , 72 , 403 , 145 , 5 , 480 , 312 , 38 , 269 , 252 , 471 , 418 , 457 , 46 , 468 , 395 , 362 , 376 , 394 , 422 , 271 , 498 , 132 , 144 , 336 , 300 , 2 , 385 , 326 , 261 , 20 , 250 , 158 , 396 , 335 , 195 , 440 , 69 , 109 , 258 , 18 , 474 , 281 , 424 , 81 , 354 , 143 , 146 , 245 , 225 , 456 , 490 , 79 , 182 , 41 , 159 , 259 , 458 , 82 , 248 , 156 , 123 , 494 , 277 , 320 , 201 , 382 , 35 , 275 , 54 , 29 , 221 , 377 , 283 , 358 , 83 , 34 , 233 , 161 , 205 , 108 , 228 , 451 , 446 , 165 , 368 , 256 , 401 , 380 , 265 , 342 , 346 , 138 , 101 , 7 , 52 , 472 , 84 , 419 , 372 , 11 , 423 , 392 , 296 , 44 , 180 , 68 , 166 , 315 , 77 , }
One rounde time [ms] : min = 0 max = 6 mean = 0 total = 37
total time ls = 0.241 s
 ====== Instance = n0500d010-1 ==========
E(G*)/E(G) = 97.1165%
Clean time = 0.175 s
I*(G)/V(G) = 0%
Number os SCC = 0
SCC sizes : min = 0 max = 0 mean = 0 total = 0
Vertice impact : min = 1292 max = 3586 mean = 2460.2 total = 1.2301e+06
FO = 419635
Pi = {266 , 458 , 242 , 372 , 341 , 195 , 469 , 7 , 128 , 204 , 301 , 235 , 137 , 420 , 70 , 386 , 462 , 227 , 493 , 371 , 16 , 447 , 259 , 20 , 18 , 180 , 352 , 46 , 42 , 250 , 164 , 353 , 112 , 190 , 322 , 288 , 258 , 486 , 349 , 219 , 435 , 192 , 302 , 202 , 78 , 208 , 366 , 17 , 251 , 284 , 348 , 375 , 100 , 277 , 113 , 483 , 189 , 120 , 477 , 84 , 60 , 282 , 5 , 36 , 146 , 102 , 13 , 480 , 145 , 497 , 286 , 345 , 451 , 140 , 460 , 453 , 340 , 313 , 316 , 1 , 323 , 139 , 492 , 339 , 406 , 9 , 253 , 364 , 333 , 400 , 3 , 40 , 26 , 358 , 444 , 98 , 356 , 383 , 308 , 89 , 11 , 414 , 125 , 31 , 479 , 21 , 430 , 275 , 33 , 465 , 39 , 388 , 159 , 404 , 38 , 487 , 363 , 237 , 156 , 153 , 448 , 399 , 197 , 370 , 269 , 214 , 331 , 63 , 160 , 238 , 424 , 280 , 114 , 58 , 81 , 243 , 103 , 488 , 8 , 473 , 212 , 401 , 228 , 86 , 169 , 429 , 439 , 296 , 304 , 456 , 191 , 272 , 472 , 263 , 355 , 126 , 224 , 329 , 470 , 297 , 325 , 241 , 196 , 25 , 123 , 101 , 491 , 94 , 118 , 411 , 55 , 265 , 144 , 289 , 41 , 490 , 342 , 427 , 478 , 35 , 217 , 24 , 83 , 203 , 177 , 6 , 223 , 148 , 431 , 29 , 48 , 220 , 307 , 410 , 106 , 166 , 167 , 127 , 422 , 198 , 110 , 74 , 268 , 311 , 387 , 95 , 368 , 381 , 295 , 464 , 210 , 88 , 188 , 373 , 111 , 206 , 357 , 233 , 155 , 200 , 376 , 54 , 62 , 262 , 183 , 76 , 391 , 394 , 457 , 402 , 44 , 152 , 97 , 276 , 398 , 71 , 423 , 463 , 57 , 294 , 132 , 149 , 360 , 151 , 213 , 384 , 441 , 209 , 415 , 247 , 172 , 494 , 449 , 389 , 222 , 248 , 207 , 489 , 165 , 278 , 299 , 108 , 317 , 436 , 466 , 91 , 231 , 234 , 254 , 69 , 136 , 185 , 15 , 324 , 367 , 437 , 184 , 170 , 142 , 66 , 59 , 319 , 379 , 285 , 459 , 117 , 87 , 27 , 246 , 347 , 176 , 334 , 467 , 67 , 19 , 138 , 271 , 320 , 194 , 14 , 23 , 99 , 22 , 79 , 150 , 10 , 130 , 351 , 446 , 327 , 168 , 249 , 141 , 82 , 312 , 305 , 124 , 116 , 418 , 105 , 337 , 303 , 80 , 475 , 484 , 315 , 181 , 56 , 32 , 174 , 90 , 85 , 216 , 499 , 426 , 425 , 428 , 267 , 255 , 270 , 409 , 121 , 408 , 445 , 338 , 236 , 226 , 154 , 438 , 239 , 182 , 292 , 471 , 395 , 359 , 287 , 454 , 107 , 283 , 28 , 230 , 321 , 240 , 390 , 45 , 482 , 158 , 369 , 452 , 412 , 215 , 4 , 161 , 109 , 77 , 171 , 485 , 47 , 30 , 432 , 498 , 115 , 134 , 133 , 193 , 362 , 201 , 481 , 131 , 252 , 474 , 51 , 377 , 443 , 405 , 232 , 476 , 403 , 173 , 433 , 450 , 52 , 396 , 416 , 34 , 147 , 211 , 354 , 229 , 245 , 380 , 274 , 2 , 273 , 407 , 336 , 461 , 157 , 293 , 496 , 12 , 221 , 129 , 298 , 257 , 419 , 61 , 122 , 187 , 279 , 186 , 343 , 378 , 175 , 332 , 75 , 43 , 440 , 306 , 326 , 178 , 65 , 365 , 119 , 162 , 50 , 417 , 434 , 179 , 442 , 468 , 0 , 256 , 344 , 346 , 72 , 413 , 199 , 421 , 264 , 392 , 335 , 393 , 397 , 218 , 260 , 310 , 93 , 244 , 96 , 350 , 225 , 37 , 318 , 309 , 374 , 385 , 68 , 261 , 92 , 382 , 314 , 205 , 64 , 300 , 104 , 328 , 73 , 495 , 163 , 281 , 291 , 361 , 290 , 53 , 143 , 49 , 135 , 455 , 330 , }
One rounde time [ms] : min = 0 max = 33 mean = 2 total = 2561
total time ls = 2.976 s
 ====== Instance = n0500d010-2 ==========
E(G*)/E(G) = 97.5318%
Clean time = 0.177 s
I*(G)/V(G) = 0%
Number os SCC = 0
SCC sizes : min = 0 max = 0 mean = 0 total = 0
Vertice impact : min = 1387 max = 3806 mean = 2472.92 total = 1.23646e+06
FO = 424250
Pi = {343 , 282 , 354 , 483 , 76 , 381 , 185 , 74 , 115 , 488 , 97 , 21 , 88 , 61 , 413 , 147 , 10 , 471 , 466 , 209 , 106 , 376 , 421 , 198 , 129 , 178 , 489 , 62 , 121 , 369 , 245 , 211 , 436 , 128 , 264 , 26 , 397 , 387 , 443 , 442 , 194 , 274 , 401 , 422 , 184 , 77 , 332 , 40 , 472 , 302 , 19 , 53 , 326 , 429 , 458 , 409 , 246 , 109 , 192 , 13 , 292 , 228 , 195 , 484 , 304 , 3 , 251 , 271 , 190 , 49 , 351 , 159 , 255 , 275 , 118 , 319 , 90 , 440 , 487 , 385 , 0 , 358 , 240 , 84 , 46 , 366 , 111 , 477 , 244 , 91 , 495 , 94 , 331 , 486 , 196 , 431 , 24 , 187 , 134 , 113 , 151 , 265 , 35 , 260 , 214 , 218 , 83 , 446 , 297 , 43 , 348 , 475 , 407 , 95 , 456 , 122 , 454 , 425 , 476 , 374 , 9 , 107 , 347 , 22 , 361 , 104 , 169 , 426 , 379 , 333 , 462 , 140 , 276 , 406 , 305 , 105 , 321 , 254 , 499 , 78 , 58 , 496 , 80 , 474 , 208 , 163 , 162 , 25 , 438 , 165 , 481 , 342 , 202 , 365 , 23 , 497 , 82 , 469 , 123 , 444 , 103 , 328 , 344 , 284 , 29 , 18 , 8 , 63 , 34 , 73 , 182 , 125 , 300 , 494 , 402 , 315 , 311 , 373 , 136 , 221 , 307 , 437 , 173 , 491 , 327 , 161 , 239 , 430 , 394 , 291 , 451 , 399 , 378 , 256 , 375 , 170 , 120 , 233 , 112 , 419 , 96 , 270 , 158 , 100 , 257 , 127 , 289 , 262 , 135 , 183 , 57 , 174 , 28 , 148 , 310 , 1 , 206 , 98 , 498 , 349 , 45 , 384 , 408 , 189 , 20 , 145 , 405 , 362 , 461 , 137 , 150 , 89 , 217 , 279 , 360 , 72 , 146 , 283 , 205 , 81 , 371 , 156 , 39 , 75 , 16 , 317 , 314 , 7 , 139 , 186 , 341 , 432 , 259 , 420 , 15 , 417 , 220 , 492 , 149 , 478 , 389 , 395 , 108 , 403 , 69 , 92 , 367 , 227 , 154 , 33 , 212 , 329 , 416 , 335 , 301 , 463 , 355 , 160 , 59 , 32 , 324 , 177 , 285 , 166 , 241 , 449 , 452 , 448 , 404 , 427 , 459 , 54 , 388 , 273 , 424 , 30 , 207 , 41 , 110 , 261 , 167 , 268 , 60 , 201 , 391 , 65 , 225 , 272 , 465 , 66 , 323 , 12 , 132 , 232 , 131 , 467 , 306 , 334 , 423 , 200 , 101 , 322 , 296 , 50 , 229 , 210 , 396 , 44 , 414 , 308 , 434 , 278 , 153 , 398 , 339 , 435 , 368 , 267 , 393 , 176 , 363 , 269 , 14 , 250 , 313 , 203 , 364 , 383 , 102 , 346 , 356 , 460 , 152 , 415 , 117 , 345 , 224 , 298 , 258 , 199 , 27 , 171 , 236 , 237 , 248 , 353 , 142 , 238 , 455 , 293 , 51 , 468 , 71 , 428 , 213 , 242 , 234 , 479 , 247 , 410 , 164 , 325 , 231 , 87 , 168 , 223 , 193 , 340 , 253 , 172 , 453 , 68 , 303 , 400 , 445 , 99 , 5 , 352 , 350 , 215 , 124 , 119 , 377 , 175 , 116 , 126 , 47 , 457 , 36 , 204 , 490 , 485 , 64 , 392 , 412 , 216 , 312 , 180 , 114 , 157 , 390 , 243 , 67 , 280 , 56 , 482 , 287 , 450 , 281 , 179 , 263 , 85 , 252 , 336 , 286 , 338 , 197 , 70 , 230 , 357 , 433 , 337 , 493 , 309 , 330 , 133 , 266 , 370 , 38 , 31 , 359 , 138 , 295 , 316 , 42 , 447 , 155 , 441 , 226 , 473 , 411 , 11 , 141 , 143 , 181 , 382 , 130 , 86 , 235 , 188 , 294 , 191 , 48 , 380 , 299 , 318 , 37 , 79 , 372 , 144 , 55 , 93 , 249 , 277 , 222 , 4 , 439 , 17 , 386 , 418 , 288 , 320 , 52 , 480 , 219 , 464 , 470 , 2 , 6 , 290 , }
One rounde time [ms] : min = 0 max = 35 mean = 3 total = 3027
total time ls = 3.455 s
 ====== Instance = n0500d010-3 ==========
E(G*)/E(G) = 97.4463%
Clean time = 0.171 s
I*(G)/V(G) = 0%
Number os SCC = 0
SCC sizes : min = 0 max = 0 mean = 0 total = 0
Vertice impact : min = 1341 max = 3672 mean = 2454.13 total = 1.22707e+06
FO = 421600
Pi = {62 , 409 , 55 , 218 , 167 , 153 , 368 , 155 , 389 , 256 , 326 , 156 , 252 , 98 , 462 , 275 , 337 , 183 , 100 , 119 , 414 , 222 , 28 , 472 , 388 , 185 , 359 , 486 , 431 , 135 , 310 , 333 , 481 , 104 , 303 , 91 , 92 , 471 , 211 , 245 , 254 , 68 , 151 , 349 , 203 , 474 , 482 , 207 , 372 , 4 , 168 , 242 , 497 , 314 , 66 , 418 , 330 , 438 , 288 , 42 , 267 , 373 , 435 , 422 , 186 , 246 , 81 , 285 , 295 , 430 , 369 , 291 , 458 , 206 , 440 , 133 , 278 , 494 , 15 , 460 , 250 , 271 , 341 , 298 , 63 , 281 , 215 , 75 , 383 , 264 , 44 , 429 , 353 , 456 , 415 , 77 , 350 , 12 , 420 , 150 , 103 , 357 , 174 , 499 , 229 , 351 , 172 , 130 , 16 , 404 , 477 , 205 , 116 , 319 , 114 , 102 , 235 , 199 , 182 , 328 , 89 , 498 , 312 , 54 , 361 , 447 , 488 , 164 , 11 , 397 , 399 , 320 , 239 , 394 , 201 , 396 , 14 , 99 , 65 , 187 , 348 , 402 , 287 , 382 , 296 , 277 , 50 , 18 , 473 , 38 , 96 , 129 , 379 , 432 , 208 , 163 , 1 , 161 , 145 , 221 , 212 , 53 , 236 , 485 , 115 , 416 , 93 , 90 , 315 , 410 , 450 , 480 , 220 , 109 , 490 , 479 , 121 , 377 , 137 , 365 , 227 , 59 , 204 , 232 , 268 , 423 , 136 , 159 , 128 , 331 , 478 , 169 , 228 , 300 , 355 , 358 , 120 , 395 , 263 , 200 , 311 , 276 , 371 , 57 , 336 , 321 , 141 , 305 , 398 , 20 , 376 , 34 , 318 , 434 , 144 , 190 , 375 , 449 , 36 , 19 , 444 , 95 , 233 , 82 , 260 , 466 , 31 , 257 , 194 , 142 , 306 , 454 , 428 , 442 , 127 , 157 , 173 , 426 , 400 , 60 , 441 , 251 , 175 , 126 , 230 , 72 , 433 , 386 , 325 , 294 , 146 , 8 , 343 , 160 , 476 , 496 , 170 , 193 , 179 , 443 , 189 , 412 , 297 , 247 , 147 , 273 , 338 , 241 , 29 , 74 , 122 , 457 , 37 , 280 , 64 , 258 , 446 , 195 , 363 , 339 , 453 , 469 , 101 , 234 , 292 , 411 , 293 , 71 , 123 , 61 , 51 , 210 , 184 , 302 , 308 , 35 , 78 , 43 , 196 , 261 , 266 , 243 , 33 , 467 , 329 , 56 , 40 , 134 , 47 , 352 , 347 , 437 , 274 , 387 , 112 , 188 , 392 , 381 , 459 , 138 , 238 , 76 , 307 , 463 , 448 , 83 , 209 , 401 , 39 , 334 , 393 , 125 , 237 , 484 , 240 , 301 , 470 , 97 , 0 , 407 , 49 , 309 , 421 , 317 , 366 , 118 , 106 , 364 , 2 , 439 , 272 , 445 , 249 , 455 , 191 , 391 , 279 , 286 , 248 , 282 , 13 , 219 , 3 , 32 , 23 , 299 , 284 , 427 , 270 , 192 , 304 , 344 , 70 , 367 , 181 , 158 , 27 , 180 , 224 , 178 , 324 , 216 , 79 , 46 , 117 , 67 , 152 , 316 , 143 , 483 , 262 , 493 , 124 , 149 , 140 , 452 , 265 , 225 , 7 , 176 , 87 , 26 , 10 , 342 , 231 , 217 , 171 , 45 , 17 , 94 , 370 , 148 , 380 , 354 , 132 , 436 , 290 , 244 , 461 , 417 , 154 , 113 , 323 , 213 , 419 , 465 , 226 , 492 , 259 , 491 , 69 , 21 , 177 , 332 , 335 , 489 , 289 , 475 , 283 , 110 , 405 , 198 , 495 , 48 , 356 , 162 , 22 , 131 , 384 , 73 , 139 , 84 , 385 , 313 , 86 , 9 , 111 , 425 , 41 , 406 , 360 , 202 , 269 , 30 , 108 , 197 , 464 , 5 , 408 , 374 , 80 , 362 , 424 , 451 , 6 , 468 , 327 , 253 , 52 , 322 , 413 , 403 , 255 , 340 , 165 , 24 , 25 , 223 , 105 , 58 , 487 , 214 , 166 , 346 , 107 , 88 , 378 , 85 , 390 , 345 , }
One rounde time [ms] : min = 0 max = 32 mean = 2 total = 2614
total time ls = 3.053 s
 ====== Instance = n0500d010-4 ==========
E(G*)/E(G) = 97.1856%
Clean time = 0.173 s
I*(G)/V(G) = 0%
Number os SCC = 0
SCC sizes : min = 0 max = 0 mean = 0 total = 0
Vertice impact : min = 1149 max = 3813 mean = 2477.01 total = 1.2385e+06
FO = 424600
Pi = {484 , 491 , 357 , 251 , 100 , 242 , 149 , 24 , 414 , 470 , 39 , 104 , 38 , 328 , 395 , 315 , 490 , 404 , 434 , 264 , 147 , 443 , 459 , 25 , 176 , 98 , 42 , 388 , 241 , 256 , 358 , 276 , 432 , 121 , 139 , 58 , 417 , 345 , 126 , 208 , 214 , 78 , 291 , 200 , 284 , 421 , 158 , 374 , 350 , 173 , 383 , 220 , 394 , 72 , 465 , 396 , 129 , 255 , 110 , 253 , 19 , 375 , 18 , 387 , 184 , 370 , 225 , 289 , 444 , 210 , 9 , 260 , 453 , 367 , 342 , 135 , 313 , 496 , 321 , 206 , 195 , 483 , 283 , 223 , 393 , 489 , 172 , 105 , 467 , 323 , 7 , 254 , 128 , 169 , 390 , 423 , 293 , 138 , 67 , 101 , 227 , 171 , 153 , 300 , 431 , 80 , 231 , 473 , 435 , 288 , 424 , 136 , 133 , 162 , 26 , 48 , 144 , 340 , 348 , 433 , 198 , 314 , 295 , 47 , 343 , 487 , 63 , 275 , 402 , 273 , 57 , 249 , 6 , 474 , 37 , 440 , 450 , 238 , 378 , 92 , 235 , 52 , 481 , 89 , 77 , 159 , 271 , 436 , 239 , 5 , 97 , 441 , 380 , 156 , 456 , 106 , 325 , 248 , 141 , 247 , 406 , 102 , 233 , 475 , 410 , 124 , 316 , 418 , 447 , 385 , 318 , 299 , 55 , 13 , 497 , 36 , 244 , 262 , 437 , 131 , 493 , 1 , 430 , 217 , 479 , 320 , 23 , 216 , 221 , 174 , 60 , 146 , 70 , 463 , 209 , 91 , 306 , 85 , 391 , 373 , 377 , 397 , 369 , 407 , 270 , 94 , 87 , 337 , 112 , 12 , 354 , 415 , 384 , 250 , 246 , 165 , 338 , 398 , 224 , 439 , 111 , 277 , 81 , 127 , 408 , 280 , 349 , 157 , 339 , 294 , 65 , 460 , 202 , 365 , 494 , 76 , 237 , 281 , 389 , 54 , 267 , 477 , 298 , 322 , 130 , 285 , 263 , 66 , 353 , 278 , 335 , 466 , 454 , 84 , 115 , 442 , 116 , 53 , 40 , 152 , 34 , 151 , 21 , 145 , 266 , 485 , 99 , 352 , 16 , 15 , 199 , 183 , 310 , 336 , 17 , 182 , 448 , 413 , 204 , 20 , 95 , 438 , 290 , 458 , 499 , 150 , 194 , 205 , 258 , 207 , 228 , 332 , 30 , 118 , 245 , 411 , 160 , 187 , 495 , 163 , 178 , 215 , 381 , 308 , 177 , 282 , 400 , 259 , 0 , 243 , 457 , 324 , 90 , 261 , 46 , 32 , 27 , 11 , 311 , 445 , 168 , 446 , 331 , 371 , 296 , 464 , 83 , 476 , 203 , 461 , 240 , 74 , 28 , 363 , 333 , 372 , 492 , 362 , 361 , 368 , 4 , 297 , 409 , 3 , 79 , 143 , 305 , 35 , 213 , 480 , 8 , 119 , 329 , 355 , 44 , 405 , 14 , 252 , 341 , 356 , 272 , 452 , 379 , 319 , 347 , 428 , 401 , 61 , 429 , 120 , 420 , 403 , 148 , 73 , 486 , 188 , 166 , 364 , 56 , 186 , 468 , 222 , 59 , 192 , 179 , 478 , 71 , 426 , 45 , 317 , 455 , 29 , 366 , 140 , 351 , 197 , 161 , 482 , 86 , 236 , 64 , 334 , 10 , 191 , 234 , 2 , 232 , 376 , 312 , 103 , 488 , 301 , 265 , 451 , 344 , 462 , 185 , 399 , 123 , 43 , 230 , 190 , 326 , 425 , 107 , 49 , 50 , 62 , 31 , 382 , 359 , 257 , 211 , 304 , 122 , 412 , 170 , 303 , 51 , 269 , 292 , 33 , 167 , 88 , 309 , 125 , 82 , 268 , 427 , 180 , 472 , 137 , 302 , 498 , 93 , 134 , 41 , 68 , 164 , 287 , 469 , 181 , 114 , 212 , 154 , 117 , 279 , 201 , 416 , 155 , 392 , 218 , 196 , 422 , 449 , 229 , 175 , 132 , 386 , 109 , 219 , 330 , 113 , 22 , 346 , 274 , 286 , 142 , 96 , 360 , 69 , 75 , 327 , 419 , 189 , 471 , 193 , 108 , 307 , 226 , }
One rounde time [ms] : min = 0 max = 32 mean = 3 total = 2894
total time ls = 3.342 s
 ====== Instance = n0500d010-5 ==========
E(G*)/E(G) = 97.2752%
Clean time = 0.174 s
I*(G)/V(G) = 0%
Number os SCC = 0
SCC sizes : min = 0 max = 0 mean = 0 total = 0
Vertice impact : min = 1354 max = 3426 mean = 2464.51 total = 1.23226e+06
FO = 422238
Pi = {100 , 83 , 7 , 164 , 20 , 101 , 453 , 366 , 236 , 307 , 231 , 160 , 63 , 400 , 380 , 337 , 361 , 119 , 3 , 81 , 407 , 13 , 299 , 71 , 398 , 348 , 133 , 430 , 185 , 200 , 112 , 232 , 6 , 191 , 488 , 239 , 372 , 24 , 124 , 21 , 113 , 303 , 413 , 253 , 234 , 42 , 302 , 52 , 324 , 262 , 210 , 58 , 278 , 439 , 137 , 449 , 1 , 420 , 355 , 382 , 312 , 408 , 325 , 158 , 418 , 95 , 352 , 242 , 310 , 123 , 48 , 491 , 50 , 496 , 223 , 298 , 469 , 322 , 12 , 193 , 321 , 216 , 196 , 279 , 248 , 359 , 457 , 311 , 368 , 436 , 383 , 433 , 455 , 461 , 224 , 384 , 197 , 280 , 487 , 152 , 82 , 118 , 98 , 495 , 467 , 246 , 150 , 481 , 166 , 111 , 389 , 270 , 225 , 189 , 288 , 276 , 148 , 2 , 122 , 345 , 426 , 385 , 39 , 89 , 258 , 470 , 497 , 60 , 180 , 486 , 309 , 84 , 121 , 28 , 188 , 301 , 230 , 474 , 306 , 16 , 207 , 390 , 492 , 264 , 93 , 138 , 110 , 106 , 34 , 456 , 146 , 435 , 151 , 201 , 172 , 135 , 134 , 358 , 293 , 62 , 46 , 159 , 344 , 405 , 287 , 440 , 468 , 485 , 330 , 489 , 445 , 458 , 249 , 220 , 192 , 289 , 147 , 175 , 370 , 447 , 73 , 213 , 54 , 341 , 378 , 202 , 128 , 199 , 360 , 74 , 215 , 394 , 367 , 353 , 480 , 403 , 441 , 87 , 70 , 266 , 274 , 141 , 40 , 257 , 49 , 472 , 173 , 284 , 171 , 244 , 267 , 43 , 65 , 226 , 434 , 157 , 477 , 351 , 45 , 221 , 198 , 444 , 466 , 286 , 424 , 259 , 411 , 446 , 476 , 120 , 462 , 178 , 314 , 37 , 329 , 222 , 80 , 142 , 29 , 33 , 326 , 170 , 162 , 179 , 376 , 26 , 88 , 218 , 165 , 465 , 300 , 103 , 247 , 399 , 55 , 328 , 44 , 404 , 356 , 349 , 393 , 22 , 377 , 183 , 379 , 425 , 371 , 273 , 57 , 136 , 432 , 17 , 490 , 206 , 186 , 5 , 292 , 391 , 143 , 86 , 181 , 320 , 429 , 72 , 412 , 51 , 240 , 15 , 388 , 265 , 402 , 217 , 332 , 35 , 268 , 104 , 195 , 227 , 79 , 318 , 269 , 373 , 109 , 304 , 19 , 340 , 75 , 14 , 102 , 431 , 61 , 208 , 153 , 334 , 331 , 498 , 132 , 163 , 56 , 96 , 396 , 256 , 9 , 338 , 94 , 97 , 108 , 214 , 271 , 387 , 450 , 454 , 451 , 156 , 290 , 238 , 415 , 260 , 25 , 130 , 354 , 438 , 245 , 32 , 59 , 90 , 409 , 442 , 316 , 255 , 365 , 339 , 483 , 66 , 229 , 315 , 145 , 67 , 323 , 479 , 91 , 308 , 336 , 357 , 211 , 369 , 493 , 401 , 475 , 107 , 319 , 116 , 392 , 421 , 129 , 417 , 333 , 144 , 317 , 363 , 99 , 127 , 205 , 10 , 406 , 194 , 161 , 155 , 105 , 427 , 78 , 482 , 168 , 36 , 176 , 410 , 414 , 187 , 47 , 381 , 296 , 92 , 115 , 343 , 275 , 174 , 305 , 233 , 283 , 209 , 27 , 471 , 374 , 69 , 335 , 285 , 295 , 347 , 397 , 494 , 203 , 362 , 484 , 139 , 140 , 169 , 76 , 263 , 419 , 117 , 250 , 241 , 190 , 297 , 212 , 282 , 464 , 364 , 386 , 281 , 346 , 131 , 428 , 167 , 23 , 437 , 184 , 375 , 395 , 459 , 154 , 422 , 30 , 252 , 448 , 251 , 416 , 460 , 423 , 473 , 53 , 235 , 237 , 313 , 64 , 77 , 204 , 243 , 68 , 277 , 228 , 350 , 18 , 342 , 463 , 85 , 452 , 272 , 327 , 177 , 8 , 126 , 291 , 149 , 4 , 11 , 38 , 182 , 219 , 499 , 254 , 294 , 261 , 41 , 0 , 125 , 31 , 114 , 478 , 443 , }
One rounde time [ms] : min = 0 max = 35 mean = 2 total = 2515
total time ls = 2.948 s
 ====== Instance = n0500d050-1 ==========
E(G*)/E(G) = 85.1996%
Clean time = 0.932 s
I*(G)/V(G) = 0%
Number os SCC = 0
SCC sizes : min = 0 max = 0 mean = 0 total = 0
Vertice impact : min = 9762 max = 13728 mean = 11712.2 total = 5.85608e+06
FO = 1732595
Pi = {287 , 87 , 493 , 316 , 255 , 101 , 368 , 4 , 482 , 346 , 6 , 451 , 375 , 106 , 380 , 263 , 177 , 225 , 134 , 124 , 115 , 405 , 293 , 294 , 425 , 10 , 110 , 279 , 216 , 240 , 150 , 352 , 495 , 467 , 226 , 483 , 15 , 343 , 167 , 22 , 466 , 197 , 353 , 59 , 298 , 384 , 70 , 154 , 408 , 414 , 194 , 164 , 238 , 40 , 403 , 174 , 428 , 221 , 377 , 308 , 55 , 136 , 113 , 395 , 141 , 271 , 491 , 434 , 313 , 33 , 90 , 323 , 20 , 5 , 2 , 18 , 385 , 28 , 286 , 435 , 139 , 245 , 108 , 17 , 94 , 470 , 441 , 422 , 280 , 88 , 364 , 206 , 492 , 76 , 151 , 7 , 468 , 320 , 460 , 153 , 201 , 487 , 131 , 175 , 187 , 219 , 162 , 465 , 99 , 98 , 209 , 336 , 105 , 326 , 302 , 123 , 37 , 388 , 104 , 312 , 103 , 360 , 421 , 196 , 57 , 262 , 203 , 189 , 472 , 140 , 251 , 317 , 250 , 443 , 347 , 314 , 47 , 168 , 34 , 210 , 155 , 82 , 311 , 297 , 335 , 437 , 341 , 165 , 426 , 358 , 19 , 310 , 362 , 1 , 266 , 232 , 181 , 475 , 12 , 68 , 273 , 453 , 172 , 16 , 407 , 281 , 256 , 158 , 25 , 39 , 413 , 424 , 116 , 372 , 52 , 439 , 430 , 392 , 102 , 9 , 86 , 42 , 399 , 45 , 214 , 469 , 330 , 62 , 127 , 11 , 120 , 133 , 488 , 476 , 462 , 229 , 63 , 418 , 220 , 89 , 183 , 497 , 449 , 244 , 356 , 67 , 91 , 23 , 369 , 359 , 381 , 117 , 193 , 35 , 93 , 410 , 376 , 282 , 144 , 396 , 283 , 340 , 71 , 205 , 132 , 66 , 296 , 260 , 391 , 496 , 217 , 49 , 198 , 349 , 415 , 370 , 303 , 237 , 31 , 277 , 69 , 254 , 195 , 332 , 125 , 374 , 284 , 386 , 455 , 146 , 363 , 27 , 160 , 498 , 432 , 319 , 184 , 159 , 315 , 318 , 484 , 122 , 305 , 26 , 38 , 173 , 161 , 111 , 411 , 461 , 107 , 202 , 79 , 14 , 156 , 398 , 447 , 83 , 199 , 480 , 440 , 227 , 446 , 344 , 176 , 494 , 285 , 486 , 178 , 328 , 78 , 95 , 207 , 58 , 228 , 43 , 233 , 389 , 452 , 448 , 157 , 463 , 404 , 454 , 208 , 331 , 485 , 268 , 149 , 179 , 77 , 96 , 249 , 350 , 438 , 81 , 354 , 419 , 192 , 400 , 379 , 333 , 166 , 401 , 30 , 234 , 348 , 378 , 458 , 85 , 267 , 301 , 269 , 383 , 186 , 274 , 355 , 433 , 499 , 54 , 242 , 327 , 474 , 74 , 169 , 309 , 13 , 84 , 459 , 270 , 53 , 128 , 292 , 471 , 489 , 246 , 21 , 436 , 431 , 212 , 445 , 180 , 243 , 265 , 338 , 276 , 444 , 109 , 73 , 397 , 366 , 427 , 137 , 290 , 126 , 163 , 416 , 406 , 112 , 215 , 114 , 442 , 417 , 182 , 253 , 306 , 72 , 231 , 121 , 213 , 334 , 478 , 248 , 247 , 409 , 235 , 479 , 324 , 204 , 190 , 307 , 339 , 239 , 361 , 46 , 357 , 300 , 473 , 48 , 170 , 44 , 8 , 420 , 97 , 142 , 92 , 373 , 32 , 129 , 138 , 342 , 224 , 464 , 50 , 60 , 191 , 299 , 278 , 147 , 61 , 56 , 393 , 135 , 51 , 321 , 295 , 252 , 258 , 143 , 329 , 371 , 304 , 382 , 264 , 387 , 457 , 490 , 118 , 222 , 41 , 257 , 29 , 223 , 119 , 64 , 412 , 477 , 130 , 211 , 322 , 390 , 394 , 152 , 200 , 325 , 145 , 218 , 429 , 456 , 185 , 36 , 236 , 261 , 367 , 259 , 288 , 171 , 230 , 75 , 481 , 3 , 100 , 241 , 351 , 24 , 65 , 345 , 272 , 289 , 148 , 450 , 423 , 0 , 365 , 188 , 80 , 291 , 402 , 275 , 337 , }
One rounde time [ms] : min = 4 max = 217 mean = 43 total = 56047
total time ls = 56.707 s
 ====== Instance = n0500d050-2 ==========
E(G*)/E(G) = 85.1942%
Clean time = 0.96 s
I*(G)/V(G) = 0%
Number os SCC = 0
SCC sizes : min = 0 max = 0 mean = 0 total = 0
Vertice impact : min = 9609 max = 13574 mean = 11728.5 total = 5.86427e+06
FO = 1730683
Pi = {154 , 103 , 349 , 319 , 135 , 453 , 307 , 388 , 212 , 161 , 116 , 265 , 187 , 311 , 131 , 396 , 320 , 304 , 157 , 394 , 81 , 80 , 200 , 348 , 404 , 374 , 345 , 219 , 489 , 189 , 413 , 179 , 343 , 326 , 79 , 68 , 305 , 253 , 313 , 454 , 439 , 378 , 365 , 356 , 422 , 364 , 464 , 88 , 129 , 193 , 130 , 236 , 462 , 158 , 206 , 47 , 75 , 231 , 147 , 230 , 51 , 40 , 295 , 240 , 78 , 150 , 247 , 226 , 293 , 62 , 241 , 217 , 105 , 256 , 468 , 393 , 160 , 353 , 29 , 48 , 20 , 428 , 132 , 423 , 237 , 170 , 484 , 153 , 174 , 498 , 299 , 35 , 121 , 268 , 97 , 277 , 286 , 449 , 115 , 332 , 227 , 144 , 199 , 354 , 398 , 126 , 94 , 76 , 30 , 89 , 139 , 322 , 262 , 151 , 347 , 123 , 391 , 479 , 333 , 460 , 113 , 444 , 440 , 263 , 8 , 4 , 380 , 429 , 327 , 2 , 34 , 54 , 224 , 463 , 271 , 355 , 218 , 74 , 321 , 45 , 285 , 337 , 445 , 248 , 225 , 497 , 140 , 302 , 381 , 43 , 165 , 308 , 195 , 111 , 287 , 133 , 169 , 344 , 194 , 234 , 475 , 207 , 239 , 379 , 91 , 63 , 492 , 385 , 246 , 466 , 384 , 146 , 366 , 383 , 99 , 314 , 495 , 386 , 272 , 162 , 53 , 441 , 430 , 390 , 301 , 375 , 235 , 338 , 167 , 316 , 6 , 474 , 421 , 274 , 90 , 18 , 264 , 70 , 447 , 39 , 9 , 432 , 44 , 400 , 55 , 163 , 229 , 339 , 431 , 95 , 457 , 245 , 310 , 38 , 85 , 416 , 315 , 419 , 117 , 362 , 23 , 141 , 82 , 334 , 21 , 250 , 92 , 204 , 108 , 201 , 361 , 270 , 254 , 481 , 276 , 118 , 159 , 491 , 330 , 357 , 208 , 282 , 64 , 482 , 442 , 395 , 476 , 251 , 19 , 102 , 292 , 465 , 104 , 473 , 142 , 367 , 50 , 42 , 376 , 499 , 67 , 288 , 452 , 5 , 403 , 258 , 114 , 377 , 407 , 10 , 405 , 368 , 57 , 101 , 346 , 58 , 458 , 324 , 190 , 72 , 59 , 65 , 0 , 210 , 336 , 350 , 488 , 71 , 382 , 168 , 255 , 73 , 185 , 220 , 401 , 418 , 259 , 181 , 303 , 370 , 469 , 28 , 373 , 69 , 197 , 96 , 359 , 260 , 318 , 145 , 143 , 16 , 37 , 266 , 31 , 182 , 192 , 164 , 175 , 11 , 13 , 351 , 215 , 414 , 22 , 228 , 298 , 257 , 443 , 342 , 243 , 46 , 426 , 15 , 77 , 402 , 296 , 406 , 437 , 205 , 480 , 290 , 392 , 52 , 137 , 278 , 329 , 32 , 483 , 427 , 434 , 461 , 198 , 280 , 152 , 109 , 7 , 279 , 209 , 436 , 472 , 408 , 196 , 66 , 211 , 171 , 387 , 156 , 155 , 176 , 486 , 438 , 242 , 86 , 352 , 411 , 415 , 41 , 412 , 289 , 244 , 494 , 335 , 331 , 119 , 83 , 216 , 397 , 93 , 177 , 294 , 191 , 120 , 183 , 14 , 341 , 300 , 291 , 98 , 134 , 478 , 425 , 417 , 470 , 493 , 3 , 238 , 372 , 450 , 188 , 267 , 485 , 325 , 490 , 399 , 232 , 56 , 252 , 312 , 389 , 149 , 317 , 456 , 180 , 284 , 269 , 435 , 17 , 309 , 122 , 124 , 471 , 112 , 166 , 477 , 27 , 459 , 60 , 249 , 273 , 33 , 409 , 297 , 12 , 261 , 214 , 275 , 125 , 186 , 487 , 138 , 26 , 323 , 358 , 281 , 25 , 371 , 221 , 178 , 106 , 172 , 306 , 223 , 127 , 340 , 369 , 128 , 283 , 107 , 24 , 496 , 110 , 203 , 433 , 202 , 424 , 360 , 410 , 87 , 328 , 446 , 100 , 49 , 420 , 61 , 213 , 451 , 136 , 222 , 148 , 184 , 455 , 467 , 1 , 233 , 448 , 84 , 173 , 363 , 36 , }
One rounde time [ms] : min = 4 max = 214 mean = 42 total = 51160
total time ls = 51.749 s
 ====== Instance = n0500d050-3 ==========
E(G*)/E(G) = 85.2066%
Clean time = 0.931 s
I*(G)/V(G) = 0%
Number os SCC = 0
SCC sizes : min = 0 max = 0 mean = 0 total = 0
Vertice impact : min = 9947 max = 13524 mean = 11717.7 total = 5.85884e+06
FO = 1724461
Pi = {75 , 421 , 472 , 69 , 238 , 157 , 432 , 305 , 223 , 36 , 55 , 169 , 236 , 41 , 260 , 289 , 39 , 144 , 397 , 162 , 150 , 175 , 487 , 372 , 63 , 437 , 65 , 492 , 152 , 182 , 360 , 98 , 257 , 37 , 218 , 475 , 81 , 126 , 205 , 430 , 43 , 304 , 191 , 473 , 323 , 159 , 263 , 290 , 135 , 469 , 404 , 284 , 359 , 171 , 8 , 354 , 453 , 301 , 79 , 190 , 24 , 478 , 113 , 497 , 178 , 383 , 460 , 308 , 103 , 423 , 431 , 312 , 168 , 326 , 484 , 94 , 92 , 246 , 392 , 163 , 410 , 13 , 456 , 141 , 267 , 112 , 416 , 261 , 281 , 224 , 90 , 139 , 272 , 160 , 97 , 170 , 463 , 412 , 221 , 254 , 186 , 179 , 240 , 184 , 206 , 220 , 451 , 58 , 427 , 462 , 15 , 26 , 388 , 353 , 127 , 129 , 319 , 368 , 99 , 314 , 117 , 102 , 242 , 133 , 455 , 355 , 395 , 32 , 325 , 114 , 461 , 93 , 429 , 198 , 384 , 466 , 402 , 104 , 111 , 147 , 302 , 158 , 31 , 340 , 269 , 366 , 318 , 496 , 343 , 50 , 446 , 283 , 62 , 259 , 106 , 11 , 250 , 374 , 172 , 415 , 386 , 407 , 399 , 479 , 20 , 488 , 297 , 398 , 232 , 320 , 35 , 428 , 122 , 29 , 406 , 73 , 434 , 108 , 344 , 313 , 187 , 291 , 137 , 44 , 154 , 334 , 28 , 400 , 237 , 4 , 365 , 3 , 303 , 23 , 490 , 59 , 277 , 347 , 5 , 276 , 471 , 119 , 10 , 264 , 439 , 361 , 369 , 493 , 309 , 279 , 483 , 173 , 435 , 495 , 476 , 363 , 418 , 200 , 9 , 271 , 357 , 164 , 298 , 71 , 367 , 286 , 234 , 251 , 131 , 327 , 165 , 480 , 176 , 245 , 17 , 330 , 295 , 491 , 481 , 433 , 193 , 87 , 83 , 243 , 91 , 306 , 142 , 203 , 288 , 382 , 216 , 86 , 393 , 140 , 458 , 498 , 403 , 349 , 464 , 107 , 21 , 292 , 30 , 321 , 192 , 64 , 339 , 442 , 351 , 121 , 7 , 134 , 136 , 132 , 194 , 84 , 80 , 188 , 123 , 345 , 61 , 364 , 438 , 239 , 273 , 448 , 45 , 68 , 401 , 311 , 444 , 420 , 315 , 409 , 181 , 328 , 413 , 375 , 452 , 213 , 450 , 394 , 153 , 336 , 85 , 379 , 2 , 101 , 447 , 116 , 337 , 465 , 196 , 47 , 235 , 405 , 143 , 425 , 146 , 417 , 474 , 424 , 380 , 332 , 118 , 57 , 454 , 207 , 167 , 124 , 115 , 280 , 76 , 445 , 296 , 199 , 322 , 440 , 385 , 226 , 110 , 0 , 299 , 208 , 310 , 180 , 294 , 230 , 248 , 256 , 138 , 1 , 100 , 185 , 52 , 38 , 33 , 275 , 324 , 95 , 148 , 228 , 128 , 211 , 270 , 214 , 342 , 371 , 19 , 88 , 396 , 12 , 183 , 285 , 166 , 449 , 105 , 161 , 316 , 468 , 441 , 252 , 145 , 265 , 389 , 356 , 130 , 49 , 268 , 307 , 426 , 266 , 419 , 204 , 222 , 155 , 338 , 499 , 317 , 350 , 352 , 6 , 346 , 46 , 422 , 197 , 494 , 215 , 22 , 486 , 258 , 77 , 377 , 358 , 253 , 376 , 40 , 156 , 414 , 482 , 66 , 335 , 333 , 210 , 177 , 274 , 227 , 489 , 477 , 408 , 329 , 201 , 331 , 34 , 67 , 391 , 16 , 436 , 78 , 247 , 457 , 293 , 381 , 341 , 72 , 348 , 231 , 390 , 370 , 219 , 149 , 467 , 287 , 217 , 282 , 225 , 27 , 60 , 229 , 278 , 53 , 459 , 189 , 18 , 70 , 109 , 195 , 89 , 174 , 54 , 82 , 56 , 125 , 51 , 202 , 387 , 212 , 362 , 151 , 74 , 25 , 48 , 378 , 14 , 241 , 373 , 300 , 262 , 470 , 42 , 249 , 244 , 120 , 96 , 233 , 411 , 209 , 485 , 443 , 255 , }
One rounde time [ms] : min = 4 max = 211 mean = 41 total = 53798
total time ls = 54.443 s
 ====== Instance = n0500d050-4 ==========
E(G*)/E(G) = 85.3364%
Clean time = 0.92 s
I*(G)/V(G) = 0%
Number os SCC = 0
SCC sizes : min = 0 max = 0 mean = 0 total = 0
Vertice impact : min = 10053 max = 14264 mean = 11744.8 total = 5.87239e+06
FO = 1729349
Pi = {352 , 324 , 220 , 371 , 104 , 149 , 357 , 279 , 304 , 223 , 342 , 172 , 12 , 399 , 474 , 34 , 271 , 375 , 235 , 171 , 148 , 448 , 117 , 267 , 183 , 90 , 263 , 190 , 426 , 385 , 101 , 430 , 227 , 406 , 137 , 230 , 438 , 498 , 497 , 64 , 319 , 41 , 211 , 241 , 201 , 83 , 482 , 256 , 259 , 133 , 38 , 339 , 478 , 176 , 197 , 138 , 175 , 489 , 150 , 77 , 318 , 158 , 471 , 370 , 35 , 161 , 76 , 85 , 207 , 294 , 16 , 453 , 496 , 455 , 162 , 191 , 373 , 367 , 245 , 499 , 70 , 82 , 219 , 461 , 0 , 255 , 193 , 228 , 299 , 325 , 152 , 36 , 58 , 98 , 238 , 377 , 285 , 313 , 3 , 22 , 278 , 121 , 111 , 31 , 103 , 23 , 368 , 122 , 37 , 102 , 441 , 428 , 185 , 298 , 340 , 247 , 179 , 217 , 146 , 286 , 484 , 301 , 96 , 387 , 351 , 100 , 178 , 402 , 268 , 174 , 272 , 386 , 491 , 266 , 311 , 300 , 59 , 27 , 454 , 48 , 468 , 209 , 343 , 486 , 417 , 265 , 210 , 45 , 361 , 442 , 25 , 290 , 303 , 5 , 75 , 240 , 71 , 99 , 473 , 382 , 250 , 403 , 4 , 63 , 170 , 141 , 66 , 237 , 376 , 257 , 246 , 481 , 269 , 124 , 243 , 21 , 173 , 423 , 467 , 439 , 153 , 40 , 477 , 192 , 215 , 236 , 353 , 320 , 17 , 128 , 331 , 94 , 381 , 18 , 388 , 412 , 244 , 372 , 24 , 284 , 495 , 391 , 405 , 369 , 222 , 328 , 115 , 317 , 350 , 233 , 326 , 53 , 67 , 336 , 393 , 360 , 30 , 274 , 494 , 181 , 492 , 452 , 334 , 229 , 165 , 380 , 312 , 19 , 114 , 74 , 277 , 163 , 248 , 26 , 80 , 322 , 6 , 129 , 118 , 335 , 462 , 280 , 464 , 401 , 307 , 182 , 136 , 356 , 42 , 349 , 400 , 407 , 160 , 225 , 483 , 421 , 270 , 447 , 332 , 61 , 392 , 180 , 73 , 62 , 95 , 344 , 202 , 416 , 384 , 425 , 456 , 105 , 127 , 306 , 20 , 49 , 154 , 410 , 167 , 282 , 364 , 314 , 321 , 239 , 156 , 287 , 203 , 465 , 50 , 119 , 432 , 142 , 232 , 260 , 214 , 60 , 305 , 123 , 440 , 295 , 485 , 205 , 28 , 292 , 177 , 199 , 446 , 437 , 346 , 107 , 116 , 97 , 78 , 92 , 427 , 198 , 54 , 323 , 302 , 449 , 253 , 308 , 234 , 57 , 293 , 157 , 444 , 69 , 354 , 188 , 297 , 411 , 91 , 347 , 445 , 275 , 273 , 345 , 418 , 310 , 470 , 169 , 46 , 206 , 330 , 51 , 147 , 204 , 383 , 252 , 56 , 389 , 378 , 261 , 113 , 333 , 374 , 460 , 32 , 398 , 93 , 189 , 168 , 291 , 413 , 11 , 424 , 29 , 404 , 289 , 221 , 108 , 316 , 366 , 420 , 216 , 262 , 309 , 414 , 469 , 436 , 242 , 487 , 14 , 72 , 196 , 435 , 134 , 231 , 490 , 472 , 409 , 218 , 224 , 451 , 355 , 43 , 208 , 226 , 151 , 145 , 296 , 249 , 140 , 337 , 68 , 89 , 394 , 459 , 488 , 466 , 87 , 47 , 395 , 390 , 110 , 86 , 79 , 348 , 212 , 1 , 422 , 155 , 396 , 283 , 159 , 120 , 52 , 358 , 55 , 258 , 276 , 379 , 463 , 251 , 132 , 327 , 109 , 2 , 434 , 476 , 194 , 7 , 9 , 429 , 431 , 200 , 433 , 166 , 213 , 315 , 81 , 281 , 362 , 415 , 329 , 254 , 341 , 338 , 479 , 195 , 450 , 65 , 365 , 39 , 186 , 397 , 8 , 408 , 130 , 363 , 33 , 288 , 88 , 106 , 475 , 112 , 135 , 15 , 419 , 10 , 480 , 359 , 443 , 44 , 126 , 13 , 131 , 458 , 84 , 457 , 184 , 144 , 164 , 493 , 143 , 187 , 139 , 125 , 264 , }
One rounde time [ms] : min = 4 max = 253 mean = 40 total = 53246
total time ls = 53.895 s
 ====== Instance = n0500d050-5 ==========
E(G*)/E(G) = 85.23%
Clean time = 0.931 s
I*(G)/V(G) = 0%
Number os SCC = 0
SCC sizes : min = 0 max = 0 mean = 0 total = 0
Vertice impact : min = 10192 max = 14051 mean = 11770.5 total = 5.88527e+06
FO = 1738891
Pi = {345 , 281 , 322 , 366 , 288 , 127 , 376 , 133 , 126 , 433 , 230 , 130 , 362 , 448 , 459 , 131 , 300 , 224 , 189 , 399 , 70 , 160 , 63 , 331 , 167 , 298 , 493 , 252 , 263 , 96 , 121 , 308 , 218 , 250 , 165 , 425 , 89 , 161 , 177 , 370 , 23 , 259 , 232 , 37 , 311 , 18 , 335 , 262 , 2 , 58 , 12 , 1 , 54 , 225 , 437 , 454 , 227 , 85 , 44 , 314 , 279 , 346 , 251 , 274 , 78 , 171 , 27 , 111 , 87 , 278 , 26 , 134 , 48 , 210 , 409 , 238 , 81 , 407 , 439 , 141 , 5 , 497 , 260 , 280 , 209 , 307 , 481 , 80 , 471 , 35 , 286 , 313 , 495 , 485 , 53 , 269 , 451 , 144 , 7 , 338 , 416 , 56 , 122 , 39 , 441 , 79 , 369 , 104 , 49 , 179 , 24 , 95 , 423 , 6 , 254 , 449 , 15 , 258 , 434 , 59 , 86 , 256 , 120 , 299 , 102 , 273 , 206 , 349 , 386 , 41 , 166 , 419 , 275 , 385 , 341 , 213 , 297 , 107 , 192 , 413 , 28 , 304 , 137 , 242 , 430 , 458 , 205 , 147 , 402 , 428 , 47 , 119 , 201 , 380 , 340 , 356 , 489 , 248 , 355 , 446 , 100 , 266 , 196 , 73 , 240 , 387 , 492 , 268 , 25 , 183 , 253 , 163 , 175 , 464 , 499 , 417 , 148 , 470 , 98 , 8 , 296 , 490 , 447 , 360 , 364 , 11 , 384 , 151 , 303 , 159 , 484 , 36 , 452 , 110 , 83 , 142 , 351 , 302 , 465 , 203 , 390 , 476 , 337 , 51 , 180 , 424 , 482 , 292 , 143 , 410 , 231 , 404 , 398 , 255 , 97 , 389 , 66 , 244 , 261 , 61 , 99 , 109 , 249 , 365 , 429 , 43 , 236 , 319 , 29 , 320 , 190 , 222 , 394 , 223 , 125 , 208 , 361 , 243 , 480 , 153 , 237 , 306 , 284 , 38 , 257 , 40 , 422 , 315 , 185 , 352 , 197 , 321 , 456 , 330 , 415 , 193 , 235 , 173 , 406 , 378 , 106 , 418 , 479 , 217 , 420 , 191 , 146 , 114 , 174 , 84 , 403 , 172 , 354 , 112 , 129 , 198 , 138 , 181 , 0 , 188 , 158 , 233 , 426 , 317 , 396 , 215 , 212 , 45 , 187 , 195 , 241 , 264 , 487 , 221 , 136 , 289 , 145 , 450 , 435 , 391 , 367 , 116 , 9 , 327 , 440 , 219 , 92 , 67 , 31 , 108 , 170 , 339 , 444 , 105 , 200 , 65 , 457 , 375 , 324 , 13 , 405 , 371 , 436 , 372 , 411 , 270 , 318 , 132 , 368 , 460 , 431 , 347 , 216 , 287 , 475 , 168 , 271 , 68 , 214 , 20 , 301 , 228 , 323 , 381 , 350 , 494 , 305 , 291 , 373 , 316 , 282 , 30 , 325 , 388 , 432 , 357 , 312 , 379 , 3 , 277 , 207 , 239 , 400 , 94 , 93 , 474 , 359 , 272 , 226 , 374 , 202 , 204 , 182 , 34 , 118 , 498 , 442 , 468 , 76 , 343 , 156 , 246 , 117 , 150 , 414 , 328 , 152 , 72 , 283 , 162 , 55 , 149 , 358 , 326 , 60 , 294 , 397 , 421 , 477 , 483 , 199 , 155 , 412 , 176 , 295 , 77 , 115 , 348 , 267 , 276 , 211 , 90 , 469 , 42 , 74 , 382 , 128 , 496 , 71 , 14 , 113 , 445 , 334 , 455 , 344 , 21 , 245 , 154 , 309 , 285 , 69 , 473 , 101 , 46 , 164 , 91 , 329 , 332 , 462 , 4 , 123 , 178 , 392 , 377 , 363 , 57 , 472 , 186 , 486 , 336 , 32 , 478 , 395 , 19 , 467 , 10 , 383 , 342 , 50 , 124 , 453 , 427 , 463 , 293 , 194 , 408 , 82 , 64 , 401 , 88 , 290 , 466 , 491 , 140 , 169 , 52 , 75 , 229 , 488 , 62 , 353 , 461 , 310 , 184 , 247 , 139 , 393 , 33 , 234 , 265 , 333 , 443 , 135 , 17 , 157 , 16 , 103 , 438 , 220 , 22 , }
One rounde time [ms] : min = 3 max = 221 mean = 42 total = 52682
total time ls = 53.295 s
