!Experiment Random Multi Restart #Runs Limit 1[s]
n d i ls_name move_strg rmr_duration number_of_runs fo_max fo_mean fo_sd n_moves_mean n_moves_sd n_moves2_mean mean2_round_time
500 1 1 bs_array first_move 0.001000 1 58555 58555.000000 0.000000 403.000000 0.000000 0.000000 0.000000 0.000000
500 1 1 tree first_move 0.001000 1 58296 58296.000000 0.000000 400.000000 0.000000 0.000000 0.000000 0.000000
500 1 1 basic first_move 0.022000 1 58082 58082.000000 0.000000 382.000000 0.000000 0.000000 0.000000 0.000000
500 1 2 bs_array first_move 0.001000 1 52233 52233.000000 0.000000 400.000000 0.000000 0.000000 0.000000 0.000000
500 1 2 tree first_move 0.002000 1 52765 52765.000000 0.000000 378.000000 0.000000 0.000000 0.000000 0.000000
500 1 2 basic first_move 0.012000 1 52441 52441.000000 0.000000 379.000000 0.000000 0.000000 0.000000 0.000000
500 1 3 bs_array first_move 0.000000 1 54590 54590.000000 0.000000 373.000000 0.000000 0.000000 0.000000 0.000000
500 1 3 tree first_move 0.002000 1 54268 54268.000000 0.000000 354.000000 0.000000 0.000000 0.000000 0.000000
500 1 3 basic first_move 0.022000 1 54308 54308.000000 0.000000 369.000000 0.000000 0.000000 0.000000 0.000000
500 1 4 bs_array first_move 0.001000 1 58639 58639.000000 0.000000 387.000000 0.000000 0.000000 0.000000 0.000000
500 1 4 tree first_move 0.002000 1 58300 58300.000000 0.000000 398.000000 0.000000 0.000000 0.000000 0.000000
500 1 4 basic first_move 0.034000 1 58327 58327.000000 0.000000 391.000000 0.000000 0.000000 0.000000 0.000000
500 1 5 bs_array first_move 0.000000 1 58194 58194.000000 0.000000 362.000000 0.000000 0.000000 0.000000 0.000000
500 1 5 tree first_move 0.001000 1 58336 58336.000000 0.000000 385.000000 0.000000 0.000000 0.000000 0.000000
500 1 5 basic first_move 0.022000 1 58311 58311.000000 0.000000 385.000000 0.000000 0.000000 0.000000 0.000000
500 5 1 bs_array first_move 0.005000 1 233838 233838.000000 0.000000 761.000000 0.000000 0.000000 0.000000 0.000000
500 5 1 tree first_move 0.039000 1 234537 234537.000000 0.000000 749.000000 0.000000 0.000000 0.000000 0.000000
500 5 1 basic first_move 0.063000 1 234807 234807.000000 0.000000 750.000000 0.000000 0.000000 0.000000 0.000000
500 5 2 bs_array first_move 0.003000 1 233698 233698.000000 0.000000 706.000000 0.000000 0.000000 0.000000 0.000000
500 5 2 tree first_move 0.016000 1 234137 234137.000000 0.000000 694.000000 0.000000 0.000000 0.000000 0.000000
500 5 2 basic first_move 0.018000 1 234121 234121.000000 0.000000 736.000000 0.000000 0.000000 0.000000 0.000000
500 5 3 bs_array first_move 0.003000 1 237076 237076.000000 0.000000 732.000000 0.000000 0.000000 0.000000 0.000000
500 5 3 tree first_move 0.020000 1 236902 236902.000000 0.000000 714.000000 0.000000 0.000000 0.000000 0.000000
500 5 3 basic first_move 0.016000 1 236048 236048.000000 0.000000 683.000000 0.000000 0.000000 0.000000 0.000000
500 5 4 bs_array first_move 0.004000 1 237573 237573.000000 0.000000 722.000000 0.000000 0.000000 0.000000 0.000000
500 5 4 tree first_move 0.029000 1 236827 236827.000000 0.000000 716.000000 0.000000 0.000000 0.000000 0.000000
500 5 4 basic first_move 0.018000 1 237577 237577.000000 0.000000 730.000000 0.000000 0.000000 0.000000 0.000000
500 5 5 bs_array first_move 0.003000 1 235691 235691.000000 0.000000 707.000000 0.000000 0.000000 0.000000 0.000000
500 5 5 tree first_move 0.019000 1 235184 235184.000000 0.000000 688.000000 0.000000 0.000000 0.000000 0.000000
500 5 5 basic first_move 0.030000 1 235338 235338.000000 0.000000 692.000000 0.000000 0.000000 0.000000 0.000000
500 10 1 bs_array first_move 0.009000 1 431326 431326.000000 0.000000 843.000000 0.000000 0.000000 0.000000 0.000000
500 10 1 tree first_move 0.056000 1 432613 432613.000000 0.000000 918.000000 0.000000 0.000000 0.000000 0.000000
500 10 1 basic first_move 0.025000 1 432853 432853.000000 0.000000 890.000000 0.000000 0.000000 0.000000 0.000000
500 10 2 bs_array first_move 0.009000 1 431549 431549.000000 0.000000 856.000000 0.000000 0.000000 0.000000 0.000000
500 10 2 tree first_move 0.053000 1 431585 431585.000000 0.000000 868.000000 0.000000 0.000000 0.000000 0.000000
500 10 2 basic first_move 0.032000 1 433377 433377.000000 0.000000 869.000000 0.000000 0.000000 0.000000 0.000000
500 10 3 bs_array first_move 0.009000 1 432301 432301.000000 0.000000 887.000000 0.000000 0.000000 0.000000 0.000000
500 10 3 tree first_move 0.052000 1 432878 432878.000000 0.000000 867.000000 0.000000 0.000000 0.000000 0.000000
500 10 3 basic first_move 0.017000 1 434551 434551.000000 0.000000 900.000000 0.000000 0.000000 0.000000 0.000000
500 10 4 bs_array first_move 0.009000 1 434143 434143.000000 0.000000 840.000000 0.000000 0.000000 0.000000 0.000000
500 10 4 tree first_move 0.055000 1 435571 435571.000000 0.000000 958.000000 0.000000 0.000000 0.000000 0.000000
500 10 4 basic first_move 0.021000 1 434910 434910.000000 0.000000 940.000000 0.000000 0.000000 0.000000 0.000000
500 10 5 bs_array first_move 0.010000 1 434535 434535.000000 0.000000 886.000000 0.000000 0.000000 0.000000 0.000000
500 10 5 tree first_move 0.051000 1 432765 432765.000000 0.000000 899.000000 0.000000 0.000000 0.000000 0.000000
500 10 5 basic first_move 0.018000 1 431475 431475.000000 0.000000 840.000000 0.000000 0.000000 0.000000 0.000000
500 50 1 bs_array first_move 0.127000 1 2092731 2092731.000000 0.000000 1254.000000 0.000000 0.000000 0.000000 0.000000
500 50 1 tree first_move 0.620000 1 2094553 2094553.000000 0.000000 1223.000000 0.000000 0.000000 0.000000 0.000000
500 50 1 basic first_move 0.024000 1 2091965 2091965.000000 0.000000 1156.000000 0.000000 0.000000 0.000000 0.000000
500 50 2 bs_array first_move 0.122000 1 2090692 2090692.000000 0.000000 1273.000000 0.000000 0.000000 0.000000 0.000000
500 50 2 tree first_move 0.619000 1 2093552 2093552.000000 0.000000 1175.000000 0.000000 0.000000 0.000000 0.000000
500 50 2 basic first_move 0.025000 1 2090552 2090552.000000 0.000000 1171.000000 0.000000 0.000000 0.000000 0.000000
500 50 3 bs_array first_move 0.124000 1 2081065 2081065.000000 0.000000 1269.000000 0.000000 0.000000 0.000000 0.000000
500 50 3 tree first_move 0.741000 1 2088898 2088898.000000 0.000000 1378.000000 0.000000 0.000000 0.000000 0.000000
500 50 3 basic first_move 0.042000 1 2084527 2084527.000000 0.000000 1241.000000 0.000000 0.000000 0.000000 0.000000
500 50 4 bs_array first_move 0.126000 1 2088303 2088303.000000 0.000000 1232.000000 0.000000 0.000000 0.000000 0.000000
500 50 4 tree first_move 0.684000 1 2085735 2085735.000000 0.000000 1267.000000 0.000000 0.000000 0.000000 0.000000
500 50 4 basic first_move 0.034000 1 2085154 2085154.000000 0.000000 1270.000000 0.000000 0.000000 0.000000 0.000000
500 50 5 bs_array first_move 0.136000 1 2093797 2093797.000000 0.000000 1356.000000 0.000000 0.000000 0.000000 0.000000
500 50 5 tree first_move 0.706000 1 2090376 2090376.000000 0.000000 1219.000000 0.000000 0.000000 0.000000 0.000000
500 50 5 basic first_move 0.032000 1 2094034 2094034.000000 0.000000 1336.000000 0.000000 0.000000 0.000000 0.000000
500 100 1 bs_array first_move 0.414000 1 6512474 6512474.000000 0.000000 1433.000000 0.000000 0.000000 0.000000 0.000000
500 100 1 tree first_move 2.007000 1 6516189 6516189.000000 0.000000 1378.000000 0.000000 1.000000 0.000000 0.000000
500 100 1 basic first_move 0.056000 1 6516151 6516151.000000 0.000000 1742.000000 0.000000 0.000000 0.000000 0.000000
500 100 2 bs_array first_move 0.452000 1 6502817 6502817.000000 0.000000 1407.000000 0.000000 0.000000 0.000000 0.000000
500 100 2 tree first_move 2.272000 1 6510686 6510686.000000 0.000000 1589.000000 0.000000 1.000000 0.000000 0.000000
500 100 2 basic first_move 0.033000 1 6510076 6510076.000000 0.000000 1549.000000 0.000000 0.000000 0.000000 0.000000
500 100 3 bs_array first_move 0.455000 1 6522921 6522921.000000 0.000000 1315.000000 0.000000 0.000000 0.000000 0.000000
500 100 3 tree first_move 2.434000 1 6527583 6527583.000000 0.000000 1641.000000 0.000000 1.000000 0.000000 0.000000
500 100 3 basic first_move 0.032000 1 6524611 6524611.000000 0.000000 1358.000000 0.000000 0.000000 0.000000 0.000000
500 100 4 bs_array first_move 0.556000 1 6520025 6520025.000000 0.000000 1633.000000 0.000000 0.000000 0.000000 0.000000
500 100 4 tree first_move 2.111000 1 6518056 6518056.000000 0.000000 1417.000000 0.000000 1.000000 0.000000 0.000000
500 100 4 basic first_move 0.119000 1 6514609 6514609.000000 0.000000 1458.000000 0.000000 0.000000 0.000000 0.000000
500 100 5 bs_array first_move 0.405000 1 6511722 6511722.000000 0.000000 1399.000000 0.000000 0.000000 0.000000 0.000000
500 100 5 tree first_move 1.980000 1 6508453 6508453.000000 0.000000 1244.000000 0.000000 1.000000 0.000000 0.000000
500 100 5 basic first_move 0.034000 1 6510078 6510078.000000 0.000000 1511.000000 0.000000 0.000000 0.000000 0.000000
1000 1 1 bs_array first_move 0.011000 1 208349 208349.000000 0.000000 1066.000000 0.000000 0.000000 0.000000 0.000000
1000 1 1 tree first_move 0.008000 1 208446 208446.000000 0.000000 1097.000000 0.000000 0.000000 0.000000 0.000000
1000 1 1 basic first_move 0.088000 1 207804 207804.000000 0.000000 1096.000000 0.000000 0.000000 0.000000 0.000000
1000 1 2 bs_array first_move 0.010000 1 204329 204329.000000 0.000000 1057.000000 0.000000 0.000000 0.000000 0.000000
1000 1 2 tree first_move 0.008000 1 204527 204527.000000 0.000000 1059.000000 0.000000 0.000000 0.000000 0.000000
1000 1 2 basic first_move 0.264000 1 204042 204042.000000 0.000000 1101.000000 0.000000 0.000000 0.000000 0.000000
1000 1 3 bs_array first_move 0.003000 1 203900 203900.000000 0.000000 1067.000000 0.000000 0.000000 0.000000 0.000000
1000 1 3 tree first_move 0.011000 1 201927 201927.000000 0.000000 1023.000000 0.000000 0.000000 0.000000 0.000000
1000 1 3 basic first_move 0.126000 1 202889 202889.000000 0.000000 1020.000000 0.000000 0.000000 0.000000 0.000000
1000 1 4 bs_array first_move 0.003000 1 212174 212174.000000 0.000000 1068.000000 0.000000 0.000000 0.000000 0.000000
1000 1 4 tree first_move 0.009000 1 212338 212338.000000 0.000000 1106.000000 0.000000 0.000000 0.000000 0.000000
1000 1 4 basic first_move 0.168000 1 212339 212339.000000 0.000000 1083.000000 0.000000 0.000000 0.000000 0.000000
1000 1 5 bs_array first_move 0.003000 1 210956 210956.000000 0.000000 1056.000000 0.000000 0.000000 0.000000 0.000000
1000 1 5 tree first_move 0.012000 1 209287 209287.000000 0.000000 1040.000000 0.000000 0.000000 0.000000 0.000000
1000 1 5 basic first_move 0.134000 1 210167 210167.000000 0.000000 1073.000000 0.000000 0.000000 0.000000 0.000000
1000 5 1 bs_array first_move 0.019000 1 854844 854844.000000 0.000000 1852.000000 0.000000 0.000000 0.000000 0.000000
1000 5 1 tree first_move 0.099000 1 853866 853866.000000 0.000000 1743.000000 0.000000 0.000000 0.000000 0.000000
1000 5 1 basic first_move 0.335000 1 853407 853407.000000 0.000000 1741.000000 0.000000 0.000000 0.000000 0.000000
1000 5 2 bs_array first_move 0.026000 1 859510 859510.000000 0.000000 1777.000000 0.000000 0.000000 0.000000 0.000000
1000 5 2 tree first_move 0.120000 1 859834 859834.000000 0.000000 1800.000000 0.000000 0.000000 0.000000 0.000000
1000 5 2 basic first_move 0.196000 1 860539 860539.000000 0.000000 1792.000000 0.000000 0.000000 0.000000 0.000000
1000 5 3 bs_array first_move 0.024000 1 863653 863653.000000 0.000000 1832.000000 0.000000 0.000000 0.000000 0.000000
1000 5 3 tree first_move 0.121000 1 866347 866347.000000 0.000000 1931.000000 0.000000 0.000000 0.000000 0.000000
1000 5 3 basic first_move 0.296000 1 863927 863927.000000 0.000000 1794.000000 0.000000 0.000000 0.000000 0.000000
1000 5 4 bs_array first_move 0.059000 1 865311 865311.000000 0.000000 1747.000000 0.000000 0.000000 0.000000 0.000000
1000 5 4 tree first_move 0.128000 1 861031 861031.000000 0.000000 1734.000000 0.000000 0.000000 0.000000 0.000000
1000 5 4 basic first_move 0.241000 1 863242 863242.000000 0.000000 1818.000000 0.000000 0.000000 0.000000 0.000000
1000 5 5 bs_array first_move 0.020000 1 856406 856406.000000 0.000000 1796.000000 0.000000 0.000000 0.000000 0.000000
1000 5 5 tree first_move 0.105000 1 861139 861139.000000 0.000000 1813.000000 0.000000 0.000000 0.000000 0.000000
1000 5 5 basic first_move 0.284000 1 858856 858856.000000 0.000000 1744.000000 0.000000 0.000000 0.000000 0.000000
1000 10 1 bs_array first_move 0.058000 1 1601048 1601048.000000 0.000000 2104.000000 0.000000 0.000000 0.000000 0.000000
1000 10 1 tree first_move 0.350000 1 1604942 1604942.000000 0.000000 2092.000000 0.000000 0.000000 0.000000 0.000000
1000 10 1 basic first_move 0.223000 1 1600815 1600815.000000 0.000000 1972.000000 0.000000 0.000000 0.000000 0.000000
1000 10 2 bs_array first_move 0.063000 1 1623923 1623923.000000 0.000000 2172.000000 0.000000 0.000000 0.000000 0.000000
1000 10 2 tree first_move 0.414000 1 1627387 1627387.000000 0.000000 2170.000000 0.000000 0.000000 0.000000 0.000000
1000 10 2 basic first_move 0.339000 1 1623724 1623724.000000 0.000000 2072.000000 0.000000 0.000000 0.000000 0.000000
1000 10 3 bs_array first_move 0.076000 1 1621610 1621610.000000 0.000000 2117.000000 0.000000 0.000000 0.000000 0.000000
1000 10 3 tree first_move 0.440000 1 1623099 1623099.000000 0.000000 2103.000000 0.000000 0.000000 0.000000 0.000000
1000 10 3 basic first_move 0.288000 1 1623589 1623589.000000 0.000000 2166.000000 0.000000 0.000000 0.000000 0.000000
1000 10 4 bs_array first_move 0.052000 1 1617446 1617446.000000 0.000000 2016.000000 0.000000 0.000000 0.000000 0.000000
1000 10 4 tree first_move 0.389000 1 1620935 1620935.000000 0.000000 2214.000000 0.000000 0.000000 0.000000 0.000000
1000 10 4 basic first_move 0.214000 1 1617531 1617531.000000 0.000000 2131.000000 0.000000 0.000000 0.000000 0.000000
1000 10 5 bs_array first_move 0.074000 1 1616855 1616855.000000 0.000000 2160.000000 0.000000 0.000000 0.000000 0.000000
1000 10 5 tree first_move 0.351000 1 1617658 1617658.000000 0.000000 2084.000000 0.000000 0.000000 0.000000 0.000000
1000 10 5 basic first_move 0.269000 1 1617488 1617488.000000 0.000000 2119.000000 0.000000 0.000000 0.000000 0.000000
1000 50 1 bs_array first_move 1.166000 1 8062075 8062075.000000 0.000000 2902.000000 0.000000 0.000000 0.000000 0.000000
1000 50 1 tree first_move 5.190000 1 8068919 8068919.000000 0.000000 2983.000000 0.000000 1.000000 0.000000 0.000000
1000 50 1 basic first_move 0.331000 1 8073439 8073439.000000 0.000000 2991.000000 0.000000 0.000000 0.000000 0.000000
1000 50 2 bs_array first_move 1.114000 1 8070430 8070430.000000 0.000000 3131.000000 0.000000 0.000000 0.000000 0.000000
1000 50 2 tree first_move 5.111000 1 8071049 8071049.000000 0.000000 2936.000000 0.000000 1.000000 0.000000 0.000000
1000 50 2 basic first_move 0.268000 1 8073419 8073419.000000 0.000000 2994.000000 0.000000 0.000000 0.000000 0.000000
1000 50 3 bs_array first_move 1.057000 1 8071459 8071459.000000 0.000000 2963.000000 0.000000 0.000000 0.000000 0.000000
1000 50 3 tree first_move 5.053000 1 8067433 8067433.000000 0.000000 2949.000000 0.000000 1.000000 0.000000 0.000000
1000 50 3 basic first_move 0.372000 1 8063673 8063673.000000 0.000000 2923.000000 0.000000 0.000000 0.000000 0.000000
1000 50 4 bs_array first_move 0.980000 1 8068570 8068570.000000 0.000000 2875.000000 0.000000 0.000000 0.000000 0.000000
1000 50 4 tree first_move 5.277000 1 8062608 8062608.000000 0.000000 3097.000000 0.000000 1.000000 0.000000 0.000000
1000 50 4 basic first_move 0.409000 1 8067637 8067637.000000 0.000000 2913.000000 0.000000 0.000000 0.000000 0.000000
1000 50 5 bs_array first_move 1.084000 1 8068783 8068783.000000 0.000000 3021.000000 0.000000 0.000000 0.000000 0.000000
1000 50 5 tree first_move 5.811000 1 8070335 8070335.000000 0.000000 3012.000000 0.000000 1.000000 0.000000 0.000000
1000 50 5 basic first_move 0.373000 1 8057978 8057978.000000 0.000000 2922.000000 0.000000 0.000000 0.000000 0.000000
1000 100 1 bs_array first_move 3.718000 1 25756700 25756700.000000 0.000000 3366.000000 0.000000 0.000000 0.000000 0.000000
1000 100 1 tree first_move 14.091000 1 25761673 25761673.000000 0.000000 3479.000000 0.000000 3.000000 0.000000 0.000000
1000 100 1 basic first_move 0.396000 1 25750159 25750159.000000 0.000000 3346.000000 0.000000 0.000000 0.000000 0.000000
1000 100 2 bs_array first_move 4.257000 1 25769025 25769025.000000 0.000000 3436.000000 0.000000 0.000000 0.000000 0.000000
1000 100 2 tree first_move 14.956000 1 25763953 25763953.000000 0.000000 3709.000000 0.000000 3.000000 0.000000 0.000000
1000 100 2 basic first_move 0.441000 1 25757087 25757087.000000 0.000000 3479.000000 0.000000 0.000000 0.000000 0.000000
1000 100 3 bs_array first_move 3.839000 1 25803793 25803793.000000 0.000000 3587.000000 0.000000 0.000000 0.000000 0.000000
1000 100 3 tree first_move 13.779000 1 25787073 25787073.000000 0.000000 3396.000000 0.000000 3.000000 0.000000 0.000000
1000 100 3 basic first_move 0.463000 1 25796084 25796084.000000 0.000000 3542.000000 0.000000 0.000000 0.000000 0.000000
1000 100 4 bs_array first_move 4.214000 1 25817764 25817764.000000 0.000000 3600.000000 0.000000 0.000000 0.000000 0.000000
1000 100 4 tree first_move 14.734000 1 25813169 25813169.000000 0.000000 3476.000000 0.000000 3.000000 0.000000 0.000000
1000 100 4 basic first_move 0.422000 1 25807663 25807663.000000 0.000000 3452.000000 0.000000 0.000000 0.000000 0.000000
1000 100 5 bs_array first_move 3.581000 1 25760463 25760463.000000 0.000000 3174.000000 0.000000 0.000000 0.000000 0.000000
1000 100 5 tree first_move 13.656000 1 25765161 25765161.000000 0.000000 3334.000000 0.000000 3.000000 0.000000 0.000000
1000 100 5 basic first_move 0.281000 1 25761694 25761694.000000 0.000000 3257.000000 0.000000 0.000000 0.000000 0.000000
2000 1 1 bs_array first_move 0.013000 1 765753 765753.000000 0.000000 2637.000000 0.000000 0.000000 0.000000 0.000000
2000 1 1 tree first_move 0.068000 1 767431 767431.000000 0.000000 2747.000000 0.000000 0.000000 0.000000 0.000000
2000 1 1 basic first_move 1.375000 1 767315 767315.000000 0.000000 2688.000000 0.000000 0.000000 0.000000 0.000000
2000 1 2 bs_array first_move 0.015000 1 772755 772755.000000 0.000000 2761.000000 0.000000 0.000000 0.000000 0.000000
2000 1 2 tree first_move 0.069000 1 771142 771142.000000 0.000000 2729.000000 0.000000 0.000000 0.000000 0.000000
2000 1 2 basic first_move 1.710000 1 772392 772392.000000 0.000000 2775.000000 0.000000 0.000000 0.000000 0.000000
2000 1 3 bs_array first_move 0.015000 1 747529 747529.000000 0.000000 2705.000000 0.000000 0.000000 0.000000 0.000000
2000 1 3 tree first_move 0.068000 1 749134 749134.000000 0.000000 2793.000000 0.000000 0.000000 0.000000 0.000000
2000 1 3 basic first_move 1.690000 1 748436 748436.000000 0.000000 2758.000000 0.000000 0.000000 0.000000 0.000000
2000 1 4 bs_array first_move 0.014000 1 769756 769756.000000 0.000000 2683.000000 0.000000 0.000000 0.000000 0.000000
2000 1 4 tree first_move 0.067000 1 771800 771800.000000 0.000000 2762.000000 0.000000 0.000000 0.000000 0.000000
2000 1 4 basic first_move 1.972000 1 771309 771309.000000 0.000000 2637.000000 0.000000 0.000000 0.000000 0.000000
2000 1 5 bs_array first_move 0.017000 1 766543 766543.000000 0.000000 2695.000000 0.000000 0.000000 0.000000 0.000000
2000 1 5 tree first_move 0.059000 1 768322 768322.000000 0.000000 2806.000000 0.000000 0.000000 0.000000 0.000000
2000 1 5 basic first_move 1.441000 1 765839 765839.000000 0.000000 2823.000000 0.000000 0.000000 0.000000 0.000000
2000 5 1 bs_array first_move 0.127000 1 3205872 3205872.000000 0.000000 4213.000000 0.000000 0.000000 0.000000 0.000000
2000 5 1 tree first_move 0.986000 1 3206063 3206063.000000 0.000000 4298.000000 0.000000 0.000000 0.000000 0.000000
2000 5 1 basic first_move 2.592000 1 3205211 3205211.000000 0.000000 4224.000000 0.000000 0.000000 0.000000 0.000000
2000 5 2 bs_array first_move 0.169000 1 3244982 3244982.000000 0.000000 4500.000000 0.000000 0.000000 0.000000 0.000000
2000 5 2 tree first_move 0.918000 1 3234211 3234211.000000 0.000000 4209.000000 0.000000 0.000000 0.000000 0.000000
2000 5 2 basic first_move 2.035000 1 3240838 3240838.000000 0.000000 4373.000000 0.000000 0.000000 0.000000 0.000000
2000 5 3 bs_array first_move 0.157000 1 3190144 3190144.000000 0.000000 4254.000000 0.000000 0.000000 0.000000 0.000000
2000 5 3 tree first_move 0.895000 1 3191148 3191148.000000 0.000000 4159.000000 0.000000 0.000000 0.000000 0.000000
2000 5 3 basic first_move 2.617000 1 3189604 3189604.000000 0.000000 4302.000000 0.000000 0.000000 0.000000 0.000000
2000 5 4 bs_array first_move 0.145000 1 3228459 3228459.000000 0.000000 4167.000000 0.000000 0.000000 0.000000 0.000000
2000 5 4 tree first_move 0.987000 1 3238040 3238040.000000 0.000000 4386.000000 0.000000 0.000000 0.000000 0.000000
2000 5 4 basic first_move 2.105000 1 3234791 3234791.000000 0.000000 4237.000000 0.000000 0.000000 0.000000 0.000000
2000 5 5 bs_array first_move 0.126000 1 3192773 3192773.000000 0.000000 4188.000000 0.000000 0.000000 0.000000 0.000000
2000 5 5 tree first_move 1.136000 1 3193814 3193814.000000 0.000000 4229.000000 0.000000 0.000000 0.000000 0.000000
2000 5 5 basic first_move 2.372000 1 3191908 3191908.000000 0.000000 4187.000000 0.000000 0.000000 0.000000 0.000000
2000 10 1 bs_array first_move 0.433000 1 6110622 6110622.000000 0.000000 4981.000000 0.000000 0.000000 0.000000 0.000000
2000 10 1 tree first_move 3.463000 1 6109141 6109141.000000 0.000000 5065.000000 0.000000 0.000000 0.000000 0.000000
2000 10 1 basic first_move 3.876000 1 6113599 6113599.000000 0.000000 5246.000000 0.000000 0.000000 0.000000 0.000000
2000 10 2 bs_array first_move 0.479000 1 6128005 6128005.000000 0.000000 5173.000000 0.000000 0.000000 0.000000 0.000000
2000 10 2 tree first_move 3.325000 1 6138656 6138656.000000 0.000000 5035.000000 0.000000 0.000000 0.000000 0.000000
2000 10 2 basic first_move 3.171000 1 6129862 6129862.000000 0.000000 5007.000000 0.000000 0.000000 0.000000 0.000000
2000 10 3 bs_array first_move 0.501000 1 6080192 6080192.000000 0.000000 4990.000000 0.000000 0.000000 0.000000 0.000000
2000 10 3 tree first_move 3.038000 1 6078146 6078146.000000 0.000000 5006.000000 0.000000 0.000000 0.000000 0.000000
2000 10 3 basic first_move 2.257000 1 6081050 6081050.000000 0.000000 5055.000000 0.000000 0.000000 0.000000 0.000000
2000 10 4 bs_array first_move 0.457000 1 6130120 6130120.000000 0.000000 5126.000000 0.000000 0.000000 0.000000 0.000000
2000 10 4 tree first_move 2.842000 1 6122938 6122938.000000 0.000000 4892.000000 0.000000 0.000000 0.000000 0.000000
2000 10 4 basic first_move 3.736000 1 6137223 6137223.000000 0.000000 5025.000000 0.000000 0.000000 0.000000 0.000000
2000 10 5 bs_array first_move 0.471000 1 6117171 6117171.000000 0.000000 5015.000000 0.000000 0.000000 0.000000 0.000000
2000 10 5 tree first_move 3.035000 1 6113895 6113895.000000 0.000000 4855.000000 0.000000 0.000000 0.000000 0.000000
2000 10 5 basic first_move 3.162000 1 6129642 6129642.000000 0.000000 5182.000000 0.000000 0.000000 0.000000 0.000000
2000 50 1 bs_array first_move 8.146000 1 31444064 31444064.000000 0.000000 7287.000000 0.000000 0.000000 0.000000 0.000000
2000 50 1 tree first_move 26.111000 1 31414002 31414002.000000 0.000000 6687.000000 0.000000 3.000000 0.000000 0.000000
2000 50 1 basic first_move 4.729000 1 31427555 31427555.000000 0.000000 6971.000000 0.000000 0.000000 0.000000 0.000000
2000 50 2 bs_array first_move 8.478000 1 31458221 31458221.000000 0.000000 6781.000000 0.000000 0.000000 0.000000 0.000000
2000 50 2 tree first_move 29.459000 1 31471816 31471816.000000 0.000000 7293.000000 0.000000 3.000000 0.000000 0.000000
2000 50 2 basic first_move 4.571000 1 31455838 31455838.000000 0.000000 7044.000000 0.000000 0.000000 0.000000 0.000000
2000 50 3 bs_array first_move 8.574000 1 31430381 31430381.000000 0.000000 7132.000000 0.000000 0.000000 0.000000 0.000000
2000 50 3 tree first_move 30.013000 1 31443519 31443519.000000 0.000000 7382.000000 0.000000 3.000000 0.000000 0.000000
2000 50 3 basic first_move 5.359000 1 31453263 31453263.000000 0.000000 7659.000000 0.000000 0.000000 0.000000 0.000000
2000 50 4 bs_array first_move 8.148000 1 31474875 31474875.000000 0.000000 6981.000000 0.000000 0.000000 0.000000 0.000000
2000 50 4 tree first_move 27.288000 1 31462294 31462294.000000 0.000000 7017.000000 0.000000 3.000000 0.000000 0.000000
2000 50 4 basic first_move 4.240000 1 31469161 31469161.000000 0.000000 7300.000000 0.000000 0.000000 0.000000 0.000000
2000 50 5 bs_array first_move 8.593000 1 31460466 31460466.000000 0.000000 6975.000000 0.000000 0.000000 0.000000 0.000000
2000 50 5 tree first_move 26.873000 1 31445930 31445930.000000 0.000000 6762.000000 0.000000 3.000000 0.000000 0.000000
2000 50 5 basic first_move 2.687000 1 31435138 31435138.000000 0.000000 6559.000000 0.000000 0.000000 0.000000 0.000000
2000 100 1 bs_array first_move 28.941000 1 102218190 102218190.000000 0.000000 7862.000000 0.000000 3.000000 0.000000 0.000000
2000 100 1 tree first_move 67.695000 1 102217312 102217312.000000 0.000000 7706.000000 0.000000 8.000000 0.000000 0.000000
2000 100 1 basic first_move 4.758000 1 102214836 102214836.000000 0.000000 7986.000000 0.000000 0.000000 0.000000 0.000000
2000 100 2 bs_array first_move 27.799000 1 102201199 102201199.000000 0.000000 7735.000000 0.000000 3.000000 0.000000 0.000000
2000 100 2 tree first_move 69.363000 1 102198443 102198443.000000 0.000000 8009.000000 0.000000 8.000000 0.000000 0.000000
2000 100 2 basic first_move 4.419000 1 102196780 102196780.000000 0.000000 7546.000000 0.000000 0.000000 0.000000 0.000000
2000 100 3 bs_array first_move 29.301000 1 102267106 102267106.000000 0.000000 7998.000000 0.000000 3.000000 0.000000 0.000000
2000 100 3 tree first_move 71.812000 1 102238090 102238090.000000 0.000000 7185.000000 0.000000 9.000000 0.000000 0.000000
2000 100 3 basic first_move 6.888000 1 102259765 102259765.000000 0.000000 8221.000000 0.000000 0.000000 0.000000 0.000000
2000 100 4 bs_array first_move 34.000000 1 102254515 102254515.000000 0.000000 8975.000000 0.000000 3.000000 0.000000 0.000000
2000 100 4 tree first_move 74.314000 1 102246477 102246477.000000 0.000000 8272.000000 0.000000 8.000000 0.000000 0.000000
2000 100 4 basic first_move 4.179000 1 102231911 102231911.000000 0.000000 7354.000000 0.000000 0.000000 0.000000 0.000000
2000 100 5 bs_array first_move 31.997000 1 102211685 102211685.000000 0.000000 8900.000000 0.000000 3.000000 0.000000 0.000000
2000 100 5 tree first_move 68.561000 1 102202155 102202155.000000 0.000000 7566.000000 0.000000 8.000000 0.000000 0.000000
2000 100 5 basic first_move 4.850000 1 102193508 102193508.000000 0.000000 7776.000000 0.000000 0.000000 0.000000 0.000000
3000 1 1 bs_array first_move 0.048000 1 1639630 1639630.000000 0.000000 4660.000000 0.000000 0.000000 0.000000 0.000000
3000 1 1 tree first_move 0.248000 1 1636495 1636495.000000 0.000000 4572.000000 0.000000 0.000000 0.000000 0.000000
3000 1 1 basic first_move 5.294000 1 1637203 1637203.000000 0.000000 4559.000000 0.000000 0.000000 0.000000 0.000000
3000 1 2 bs_array first_move 0.043000 1 1652317 1652317.000000 0.000000 4609.000000 0.000000 0.000000 0.000000 0.000000
3000 1 2 tree first_move 0.316000 1 1645185 1645185.000000 0.000000 4505.000000 0.000000 0.000000 0.000000 0.000000
3000 1 2 basic first_move 5.842000 1 1652319 1652319.000000 0.000000 4624.000000 0.000000 0.000000 0.000000 0.000000
3000 1 3 bs_array first_move 0.060000 1 1617993 1617993.000000 0.000000 4647.000000 0.000000 0.000000 0.000000 0.000000
3000 1 3 tree first_move 0.272000 1 1617105 1617105.000000 0.000000 4513.000000 0.000000 0.000000 0.000000 0.000000
3000 1 3 basic first_move 5.206000 1 1615546 1615546.000000 0.000000 4608.000000 0.000000 0.000000 0.000000 0.000000
3000 1 4 bs_array first_move 0.039000 1 1648047 1648047.000000 0.000000 4646.000000 0.000000 0.000000 0.000000 0.000000
3000 1 4 tree first_move 0.244000 1 1646703 1646703.000000 0.000000 4658.000000 0.000000 0.000000 0.000000 0.000000
3000 1 4 basic first_move 6.381000 1 1644703 1644703.000000 0.000000 4619.000000 0.000000 1.000000 0.000000 0.000000
3000 1 5 bs_array first_move 0.040000 1 1656866 1656866.000000 0.000000 4751.000000 0.000000 0.000000 0.000000 0.000000
3000 1 5 tree first_move 0.254000 1 1655246 1655246.000000 0.000000 4652.000000 0.000000 0.000000 0.000000 0.000000
3000 1 5 basic first_move 4.942000 1 1653749 1653749.000000 0.000000 4563.000000 0.000000 0.000000 0.000000 0.000000
3000 5 1 bs_array first_move 0.441000 1 6985586 6985586.000000 0.000000 7240.000000 0.000000 0.000000 0.000000 0.000000
3000 5 1 tree first_move 2.910000 1 6975553 6975553.000000 0.000000 7033.000000 0.000000 0.000000 0.000000 0.000000
3000 5 1 basic first_move 7.108000 1 6976211 6976211.000000 0.000000 7002.000000 0.000000 0.000000 0.000000 0.000000
3000 5 2 bs_array first_move 0.427000 1 6994172 6994172.000000 0.000000 6989.000000 0.000000 0.000000 0.000000 0.000000
3000 5 2 tree first_move 3.039000 1 6991561 6991561.000000 0.000000 6928.000000 0.000000 0.000000 0.000000 0.000000
3000 5 2 basic first_move 6.034000 1 7003713 7003713.000000 0.000000 7138.000000 0.000000 0.000000 0.000000 0.000000
3000 5 3 bs_array first_move 0.441000 1 6930392 6930392.000000 0.000000 7220.000000 0.000000 0.000000 0.000000 0.000000
3000 5 3 tree first_move 2.806000 1 6922873 6922873.000000 0.000000 6929.000000 0.000000 0.000000 0.000000 0.000000
3000 5 3 basic first_move 7.317000 1 6922824 6922824.000000 0.000000 7351.000000 0.000000 0.000000 0.000000 0.000000
3000 5 4 bs_array first_move 0.409000 1 7000820 7000820.000000 0.000000 7139.000000 0.000000 0.000000 0.000000 0.000000
3000 5 4 tree first_move 3.404000 1 6992558 6992558.000000 0.000000 7269.000000 0.000000 0.000000 0.000000 0.000000
3000 5 4 basic first_move 8.038000 1 6988538 6988538.000000 0.000000 6918.000000 0.000000 0.000000 0.000000 0.000000
3000 5 5 bs_array first_move 0.421000 1 6980762 6980762.000000 0.000000 7040.000000 0.000000 0.000000 0.000000 0.000000
3000 5 5 tree first_move 2.998000 1 6987171 6987171.000000 0.000000 7132.000000 0.000000 0.000000 0.000000 0.000000
3000 5 5 basic first_move 6.530000 1 6984875 6984875.000000 0.000000 7156.000000 0.000000 0.000000 0.000000 0.000000
3000 10 1 bs_array first_move 1.774000 1 13376500 13376500.000000 0.000000 8344.000000 0.000000 0.000000 0.000000 0.000000
3000 10 1 tree first_move 8.871000 1 13371370 13371370.000000 0.000000 8472.000000 0.000000 0.000000 0.000000 0.000000
3000 10 1 basic first_move 8.797000 1 13376950 13376950.000000 0.000000 8517.000000 0.000000 0.000000 0.000000 0.000000
3000 10 2 bs_array first_move 1.432000 1 13405498 13405498.000000 0.000000 8086.000000 0.000000 0.000000 0.000000 0.000000
3000 10 2 tree first_move 8.742000 1 13409509 13409509.000000 0.000000 8451.000000 0.000000 0.000000 0.000000 0.000000
3000 10 2 basic first_move 12.372000 1 13423712 13423712.000000 0.000000 9062.000000 0.000000 1.000000 0.000000 0.000000
3000 10 3 bs_array first_move 1.402000 1 13345644 13345644.000000 0.000000 8264.000000 0.000000 0.000000 0.000000 0.000000
3000 10 3 tree first_move 8.568000 1 13344098 13344098.000000 0.000000 8350.000000 0.000000 0.000000 0.000000 0.000000
3000 10 3 basic first_move 8.173000 1 13336839 13336839.000000 0.000000 7972.000000 0.000000 0.000000 0.000000 0.000000
3000 10 4 bs_array first_move 1.480000 1 13405334 13405334.000000 0.000000 8329.000000 0.000000 0.000000 0.000000 0.000000
3000 10 4 tree first_move 8.892000 1 13405290 13405290.000000 0.000000 8450.000000 0.000000 0.000000 0.000000 0.000000
3000 10 4 basic first_move 10.447000 1 13416519 13416519.000000 0.000000 8521.000000 0.000000 0.000000 0.000000 0.000000
3000 10 5 bs_array first_move 1.680000 1 13426716 13426716.000000 0.000000 8479.000000 0.000000 0.000000 0.000000 0.000000
3000 10 5 tree first_move 8.807000 1 13418929 13418929.000000 0.000000 8440.000000 0.000000 0.000000 0.000000 0.000000
3000 10 5 basic first_move 6.524000 1 13416434 13416434.000000 0.000000 8127.000000 0.000000 0.000000 0.000000 0.000000
3000 50 1 bs_array first_move 26.441000 1 69848075 69848075.000000 0.000000 11505.000000 0.000000 1.000000 0.000000 0.000000
3000 50 1 tree first_move 76.613000 1 69830935 69830935.000000 0.000000 11403.000000 0.000000 6.000000 0.000000 0.000000
3000 50 1 basic first_move 18.247000 1 69873340 69873340.000000 0.000000 12653.000000 0.000000 1.000000 0.000000 0.000000
3000 50 2 bs_array first_move 28.715000 1 69967480 69967480.000000 0.000000 12254.000000 0.000000 1.000000 0.000000 0.000000
3000 50 2 tree first_move 81.032000 1 69963915 69963915.000000 0.000000 11625.000000 0.000000 6.000000 0.000000 0.000000
3000 50 2 basic first_move 14.139000 1 69969509 69969509.000000 0.000000 11628.000000 0.000000 0.000000 0.000000 0.000000
3000 50 3 bs_array first_move 28.052000 1 69927678 69927678.000000 0.000000 11591.000000 0.000000 1.000000 0.000000 0.000000
3000 50 3 tree first_move 77.595000 1 69922514 69922514.000000 0.000000 11347.000000 0.000000 6.000000 0.000000 0.000000
3000 50 3 basic first_move 9.085000 1 69915387 69915387.000000 0.000000 11555.000000 0.000000 0.000000 0.000000 0.000000
3000 50 4 bs_array first_move 28.540000 1 69978249 69978249.000000 0.000000 11793.000000 0.000000 1.000000 0.000000 0.000000
3000 50 4 tree first_move 81.612000 1 69954406 69954406.000000 0.000000 11513.000000 0.000000 6.000000 0.000000 0.000000
3000 50 4 basic first_move 11.500000 1 69970412 69970412.000000 0.000000 11591.000000 0.000000 0.000000 0.000000 0.000000
3000 50 5 bs_array first_move 28.321000 1 69987560 69987560.000000 0.000000 11378.000000 0.000000 1.000000 0.000000 0.000000
3000 50 5 tree first_move 79.456000 1 69993792 69993792.000000 0.000000 11358.000000 0.000000 6.000000 0.000000 0.000000
3000 50 5 basic first_move 15.076000 1 69969294 69969294.000000 0.000000 11977.000000 0.000000 0.000000 0.000000 0.000000
3000 100 1 bs_array first_move 95.089000 1 229117690 229117690.000000 0.000000 12904.000000 0.000000 6.000000 0.000000 0.000000
3000 100 1 tree first_move 178.334000 1 229107009 229107009.000000 0.000000 13184.000000 0.000000 13.000000 0.000000 0.000000
3000 100 1 basic first_move 14.514000 1 229107908 229107908.000000 0.000000 13271.000000 0.000000 0.000000 0.000000 0.000000
3000 100 2 bs_array first_move 96.304000 1 229132479 229132479.000000 0.000000 13665.000000 0.000000 6.000000 0.000000 0.000000
3000 100 2 tree first_move 169.883000 1 229098005 229098005.000000 0.000000 12915.000000 0.000000 12.000000 0.000000 0.000000
3000 100 2 basic first_move 11.912000 1 229100500 229100500.000000 0.000000 12807.000000 0.000000 0.000000 0.000000 0.000000
3000 100 3 bs_array first_move 91.153000 1 229222510 229222510.000000 0.000000 13335.000000 0.000000 6.000000 0.000000 0.000000
3000 100 3 tree first_move 177.824000 1 229248723 229248723.000000 0.000000 13479.000000 0.000000 12.000000 0.000000 0.000000
3000 100 3 basic first_move 11.926000 1 229223814 229223814.000000 0.000000 13632.000000 0.000000 0.000000 0.000000 0.000000
3000 100 4 bs_array first_move 91.015000 1 229144024 229144024.000000 0.000000 13247.000000 0.000000 6.000000 0.000000 0.000000
3000 100 4 tree first_move 170.190000 1 229122872 229122872.000000 0.000000 13187.000000 0.000000 12.000000 0.000000 0.000000
3000 100 4 basic first_move 8.040000 1 229098304 229098304.000000 0.000000 12306.000000 0.000000 0.000000 0.000000 0.000000
3000 100 5 bs_array first_move 92.164000 1 229157249 229157249.000000 0.000000 13907.000000 0.000000 6.000000 0.000000 0.000000
3000 100 5 tree first_move 169.293000 1 229141801 229141801.000000 0.000000 13233.000000 0.000000 12.000000 0.000000 0.000000
3000 100 5 basic first_move 11.128000 1 229137939 229137939.000000 0.000000 13243.000000 0.000000 0.000000 0.000000 0.000000
4000 1 1 bs_array first_move 0.080000 1 2827695 2827695.000000 0.000000 6700.000000 0.000000 0.000000 0.000000 0.000000
4000 1 1 tree first_move 0.452000 1 2828645 2828645.000000 0.000000 6868.000000 0.000000 0.000000 0.000000 0.000000
4000 1 1 basic first_move 8.296000 1 2826662 2826662.000000 0.000000 6694.000000 0.000000 0.000000 0.000000 0.000000
4000 1 2 bs_array first_move 0.076000 1 2827283 2827283.000000 0.000000 6872.000000 0.000000 0.000000 0.000000 0.000000
4000 1 2 tree first_move 0.459000 1 2827882 2827882.000000 0.000000 6812.000000 0.000000 0.000000 0.000000 0.000000
4000 1 2 basic first_move 7.549000 1 2823662 2823662.000000 0.000000 6624.000000 0.000000 0.000000 0.000000 0.000000
4000 1 3 bs_array first_move 0.079000 1 2795073 2795073.000000 0.000000 6635.000000 0.000000 0.000000 0.000000 0.000000
4000 1 3 tree first_move 0.435000 1 2792312 2792312.000000 0.000000 6617.000000 0.000000 0.000000 0.000000 0.000000
4000 1 3 basic first_move 9.640000 1 2799948 2799948.000000 0.000000 6814.000000 0.000000 1.000000 0.000000 0.000000
4000 1 4 bs_array first_move 0.088000 1 2831600 2831600.000000 0.000000 6870.000000 0.000000 0.000000 0.000000 0.000000
4000 1 4 tree first_move 0.459000 1 2835464 2835464.000000 0.000000 6882.000000 0.000000 0.000000 0.000000 0.000000
4000 1 4 basic first_move 10.660000 1 2832602 2832602.000000 0.000000 6797.000000 0.000000 1.000000 0.000000 0.000000
4000 1 5 bs_array first_move 0.096000 1 2826939 2826939.000000 0.000000 6722.000000 0.000000 0.000000 0.000000 0.000000
4000 1 5 tree first_move 0.541000 1 2832579 2832579.000000 0.000000 7003.000000 0.000000 0.000000 0.000000 0.000000
4000 1 5 basic first_move 10.449000 1 2827006 2827006.000000 0.000000 6799.000000 0.000000 1.000000 0.000000 0.000000
4000 5 1 bs_array first_move 0.979000 1 12102539 12102539.000000 0.000000 10098.000000 0.000000 0.000000 0.000000 0.000000
4000 5 1 tree first_move 6.159000 1 12111312 12111312.000000 0.000000 10159.000000 0.000000 0.000000 0.000000 0.000000
4000 5 1 basic first_move 16.323000 1 12120851 12120851.000000 0.000000 10327.000000 0.000000 1.000000 0.000000 0.000000
4000 5 2 bs_array first_move 0.994000 1 12148278 12148278.000000 0.000000 10025.000000 0.000000 0.000000 0.000000 0.000000
4000 5 2 tree first_move 6.388000 1 12158721 12158721.000000 0.000000 10290.000000 0.000000 0.000000 0.000000 0.000000
4000 5 2 basic first_move 13.367000 1 12158584 12158584.000000 0.000000 10329.000000 0.000000 1.000000 0.000000 0.000000
4000 5 3 bs_array first_move 0.969000 1 12080451 12080451.000000 0.000000 10123.000000 0.000000 0.000000 0.000000 0.000000
4000 5 3 tree first_move 6.206000 1 12077410 12077410.000000 0.000000 10089.000000 0.000000 0.000000 0.000000 0.000000
4000 5 3 basic first_move 14.770000 1 12079503 12079503.000000 0.000000 10328.000000 0.000000 1.000000 0.000000 0.000000
4000 5 4 bs_array first_move 0.975000 1 12139329 12139329.000000 0.000000 10312.000000 0.000000 0.000000 0.000000 0.000000
4000 5 4 tree first_move 6.110000 1 12136560 12136560.000000 0.000000 9993.000000 0.000000 0.000000 0.000000 0.000000
4000 5 4 basic first_move 18.483000 1 12142850 12142850.000000 0.000000 10260.000000 0.000000 1.000000 0.000000 0.000000
4000 5 5 bs_array first_move 0.982000 1 12108961 12108961.000000 0.000000 10192.000000 0.000000 0.000000 0.000000 0.000000
4000 5 5 tree first_move 6.650000 1 12118242 12118242.000000 0.000000 10671.000000 0.000000 0.000000 0.000000 0.000000
4000 5 5 basic first_move 14.468000 1 12123000 12123000.000000 0.000000 10512.000000 0.000000 1.000000 0.000000 0.000000
4000 10 1 bs_array first_move 3.168000 1 23356687 23356687.000000 0.000000 12039.000000 0.000000 0.000000 0.000000 0.000000
4000 10 1 tree first_move 15.169000 1 23350020 23350020.000000 0.000000 11559.000000 0.000000 0.000000 0.000000 0.000000
4000 10 1 basic first_move 17.495000 1 23347997 23347997.000000 0.000000 11637.000000 0.000000 1.000000 0.000000 0.000000
4000 10 2 bs_array first_move 3.273000 1 23390825 23390825.000000 0.000000 12064.000000 0.000000 0.000000 0.000000 0.000000
4000 10 2 tree first_move 15.909000 1 23379294 23379294.000000 0.000000 11532.000000 0.000000 0.000000 0.000000 0.000000
4000 10 2 basic first_move 19.403000 1 23397257 23397257.000000 0.000000 11922.000000 0.000000 1.000000 0.000000 0.000000
4000 10 3 bs_array first_move 3.623000 1 23341987 23341987.000000 0.000000 11679.000000 0.000000 0.000000 0.000000 0.000000
4000 10 3 tree first_move 15.917000 1 23368425 23368425.000000 0.000000 12503.000000 0.000000 0.000000 0.000000 0.000000
4000 10 3 basic first_move 16.853000 1 23352303 23352303.000000 0.000000 11937.000000 0.000000 1.000000 0.000000 0.000000
4000 10 4 bs_array first_move 3.266000 1 23412398 23412398.000000 0.000000 12095.000000 0.000000 0.000000 0.000000 0.000000
4000 10 4 tree first_move 15.265000 1 23419101 23419101.000000 0.000000 11637.000000 0.000000 0.000000 0.000000 0.000000
4000 10 4 basic first_move 22.981000 1 23400819 23400819.000000 0.000000 11761.000000 0.000000 1.000000 0.000000 0.000000
4000 10 5 bs_array first_move 3.067000 1 23398372 23398372.000000 0.000000 11611.000000 0.000000 0.000000 0.000000 0.000000
4000 10 5 tree first_move 15.267000 1 23397095 23397095.000000 0.000000 11909.000000 0.000000 0.000000 0.000000 0.000000
4000 10 5 basic first_move 17.968000 1 23412194 23412194.000000 0.000000 12161.000000 0.000000 1.000000 0.000000 0.000000
4000 50 1 bs_array first_move 56.929000 1 123317210 123317210.000000 0.000000 16534.000000 0.000000 2.000000 0.000000 0.000000
4000 50 1 tree first_move 143.825000 1 123323669 123323669.000000 0.000000 17250.000000 0.000000 7.000000 0.000000 0.000000
4000 50 1 basic first_move 29.978000 1 123351476 123351476.000000 0.000000 17115.000000 0.000000 1.000000 0.000000 0.000000
4000 50 2 bs_array first_move 59.095000 1 123428547 123428547.000000 0.000000 17280.000000 0.000000 2.000000 0.000000 0.000000
4000 50 2 tree first_move 138.948000 1 123409996 123409996.000000 0.000000 16672.000000 0.000000 7.000000 0.000000 0.000000
4000 50 2 basic first_move 24.042000 1 123465817 123465817.000000 0.000000 17167.000000 0.000000 1.000000 0.000000 0.000000
4000 50 3 bs_array first_move 61.541000 1 123430268 123430268.000000 0.000000 17936.000000 0.000000 2.000000 0.000000 0.000000
4000 50 3 tree first_move 131.559000 1 123403158 123403158.000000 0.000000 15669.000000 0.000000 7.000000 0.000000 0.000000
4000 50 3 basic first_move 18.674000 1 123373948 123373948.000000 0.000000 15766.000000 0.000000 0.000000 0.000000 0.000000
4000 50 4 bs_array first_move 57.952000 1 123562937 123562937.000000 0.000000 16754.000000 0.000000 2.000000 0.000000 0.000000
4000 50 4 tree first_move 139.905000 1 123567215 123567215.000000 0.000000 16758.000000 0.000000 7.000000 0.000000 0.000000
4000 50 4 basic first_move 18.889000 1 123550963 123550963.000000 0.000000 16334.000000 0.000000 0.000000 0.000000 0.000000
4000 50 5 bs_array first_move 57.883000 1 123392418 123392418.000000 0.000000 16664.000000 0.000000 2.000000 0.000000 0.000000
4000 50 5 tree first_move 140.906000 1 123383774 123383774.000000 0.000000 16865.000000 0.000000 7.000000 0.000000 0.000000
4000 50 5 basic first_move 26.919000 1 123408441 123408441.000000 0.000000 16551.000000 0.000000 1.000000 0.000000 0.000000
4000 100 1 bs_array first_move 199.006000 1 406403539 406403539.000000 0.000000 17870.000000 0.000000 10.000000 0.000000 0.000000
4000 100 1 tree first_move 356.325000 1 406458644 406458644.000000 0.000000 19251.000000 0.000000 18.000000 0.000000 0.000000
4000 100 1 basic first_move 27.866000 1 406474549 406474549.000000 0.000000 19079.000000 0.000000 1.000000 0.000000 0.000000
4000 100 2 bs_array first_move 198.744000 1 406378620 406378620.000000 0.000000 17645.000000 0.000000 10.000000 0.000000 0.000000
4000 100 2 tree first_move 369.869000 1 406408742 406408742.000000 0.000000 19910.000000 0.000000 18.000000 0.000000 0.000000
4000 100 2 basic first_move 20.778000 1 406380873 406380873.000000 0.000000 17959.000000 0.000000 0.000000 0.000000 0.000000
4000 100 3 bs_array first_move 207.199000 1 406541838 406541838.000000 0.000000 19465.000000 0.000000 10.000000 0.000000 0.000000
4000 100 3 tree first_move 336.466000 1 406543899 406543899.000000 0.000000 18720.000000 0.000000 17.000000 0.000000 0.000000
4000 100 3 basic first_move 39.842000 1 406537230 406537230.000000 0.000000 20792.000000 0.000000 1.000000 0.000000 0.000000
4000 100 4 bs_array first_move 200.999000 1 406449336 406449336.000000 0.000000 18377.000000 0.000000 10.000000 0.000000 0.000000
4000 100 4 tree first_move 362.711000 1 406518117 406518117.000000 0.000000 20110.000000 0.000000 17.000000 0.000000 0.000000
4000 100 4 basic first_move 26.647000 1 406487784 406487784.000000 0.000000 19522.000000 0.000000 1.000000 0.000000 0.000000
4000 100 5 bs_array first_move 203.629000 1 406356663 406356663.000000 0.000000 18018.000000 0.000000 10.000000 0.000000 0.000000
4000 100 5 tree first_move 345.262000 1 406397598 406397598.000000 0.000000 19124.000000 0.000000 17.000000 0.000000 0.000000
4000 100 5 basic first_move 30.905000 1 406393368 406393368.000000 0.000000 18461.000000 0.000000 1.000000 0.000000 0.000000
Total Experiment time[s] = 9432
