fo time ls_time n_ls_moves
51 1621256 51 1992
119 1621546 62 2215
180 1623765 54 2186
237 1623859 51 2064
302 1623598 59 2072
364 1623231 56 2167
423 1623627 53 2099
486 1618353 57 2037
552 1625930 59 2219
613 1621847 55 2145
684 1621247 64 2044
745 1619986 53 2031
801 1623245 49 2022
867 1623391 60 2249
928 1623350 53 2048
991 1625181 57 2184
1076 1623941 79 2149
1152 1627558 67 2270
1212 1623275 54 2093
1276 1625827 57 2178
1343 1624219 59 2190
1402 1625241 53 2192
1463 1622999 54 2155
1531 1621674 61 2119
1593 1623255 55 2150
1657 1621264 50 2046
1726 1626065 62 2200
1788 1627190 56 2199
1849 1625993 55 2227
1913 1624281 58 2060
1976 1623991 55 2086
2035 1618444 53 2086
2106 1623711 65 2167
2174 1623844 59 2078
2233 1621580 53 2090
2291 1623289 51 2035
2356 1623501 59 2102
2420 1622132 56 2143
2478 1622014 52 2038
2541 1623154 56 2073
2601 1623763 52 2074
2665 1627149 57 2262
2731 1622857 59 2132
2791 1623761 54 2150
2853 1624029 56 2238
2922 1625329 63 2197
2981 1622467 53 2157
3039 1625137 51 2119
3095 1622412 50 1969
3165 1623935 63 2102
3224 1624491 51 2109
3287 1623396 57 2176
3361 1626316 67 2132
3432 1627335 65 2212
3492 1623194 54 2153
3561 1624810 61 2165
3616 1619054 49 2034
3672 1621198 49 2027
3743 1621755 65 2215
3806 1623181 56 2125
3867 1622787 55 2151
3934 1623775 60 2205
3996 1624008 55 2172
4057 1622834 54 2231
4116 1623793 52 2141
4184 1628239 62 2263
4244 1624487 54 2133
4302 1624385 51 2051
4367 1625467 59 2192
4429 1621871 55 2152
4490 1622127 55 2182
4554 1624141 57 2095
4613 1621232 53 2105
4674 1627193 55 2245
4743 1624230 62 2148
4804 1622397 53 2089
4871 1627424 60 2300
4931 1624498 53 2115
5001 1625062 63 2218
5059 1621139 51 1995
5118 1622243 53 2071
5187 1624390 61 2221
5246 1620778 53 2028
5306 1621631 54 2169
5371 1619263 58 2035
5428 1621046 50 2101
5502 1624294 68 2222
5566 1621069 57 2028
5627 1626374 55 2118
5692 1624473 59 2180
5758 1620300 60 2064
5821 1624462 56 2182
5885 1626995 57 2189
5945 1621845 54 2122
6012 1623332 61 2143
6070 1622502 51 2103
6131 1622711 55 2150
6204 1625916 66 2216
6264 1622641 54 2157
6323 1624030 52 2072
6389 1623401 60 2084
6456 1625049 61 2338
6518 1626720 55 2274
6585 1625978 61 2177
6644 1623103 52 2153
6703 1623229 54 2092
6771 1625824 61 2227
6836 1624759 56 2167
6898 1624727 56 2242
6956 1622851 52 2085
7025 1624852 63 2274
7082 1623163 50 2060
7146 1622655 58 2225
7211 1623814 59 2137
7273 1618537 55 2214
7332 1624584 52 2069
7415 1628152 76 2249
7481 1624452 60 2219
7540 1622196 53 2130
7603 1623226 57 2065
7668 1623062 58 2141
7729 1624174 54 2108
7789 1621963 54 2048
7849 1624706 52 2118
7905 1620812 50 1973
7965 1623951 54 2214
8030 1621029 57 2090
8088 1619554 51 2026
8146 1624473 52 2077
8210 1623842 58 2022
8272 1621428 55 2077
8330 1623296 52 2214
8391 1618516 54 2105
8457 1625618 58 2222
8518 1625424 54 2178
8583 1625151 59 2196
8649 1618586 59 2076
8714 1625047 59 2207
8781 1625640 60 2227
8849 1626981 62 2281
8912 1620673 57 2097
8969 1625877 50 2128
9036 1623754 60 2156
9095 1622849 52 2140
9151 1620255 50 2082
9224 1626098 67 2189
9289 1627102 58 2150
9349 1624102 54 2123
9414 1623857 58 2223
9470 1616520 49 1915
9527 1619967 50 2034
9583 1621289 50 2061
9660 1629685 71 2337
9723 1625676 56 2216
9782 1620588 53 2128
9851 1622256 62 2113
9912 1620393 54 1992
9971 1619766 52 2063
10042 1618368 64 2057
10113 1625846 64 2280
10170 1624231 51 2064
10239 1627877 63 2136
10303 1624899 58 2161
10365 1624992 55 2165
10432 1623722 61 2099
10497 1624429 58 2180
10553 1620012 50 2020
10616 1621847 56 2117
10680 1622588 57 2152
10737 1623387 51 2099
10797 1620580 52 2133
10861 1624781 58 2149
10922 1625402 55 2222
10978 1625091 50 2038
11042 1623202 57 2092
11101 1622579 52 2140
11161 1624415 53 2145
11224 1622677 56 2144
11291 1624718 60 2165
11359 1624036 57 2200
11417 1622155 53 2128
11485 1623171 59 2135
11545 1621707 54 2107
11606 1622292 54 2163
11671 1622710 59 2154
11729 1621837 51 2046
11792 1625535 56 2283
11854 1620261 56 2102
11916 1621631 55 2126
11975 1623161 53 2145
12035 1623947 53 2036
12101 1622786 59 2123
12163 1623493 56 2104
12221 1622837 51 2062
12288 1623782 60 2146
12348 1626112 53 2223
12407 1625121 53 2161
12469 1621469 56 2011
12537 1624891 62 2315
12596 1623218 52 2086
12672 1625856 70 2177
12733 1621753 54 2016
12795 1622239 55 2132
12857 1623162 55 2161
12921 1623442 55 2195
12979 1623177 51 2061
13037 1623025 52 2120
13098 1624210 55 2078
13160 1624750 55 2149
13219 1624501 52 2150
13285 1622661 60 2105
13345 1622489 53 2119
13404 1623666 52 2091
13469 1624054 60 2242
13534 1623049 56 2101
13591 1620269 51 2034
13652 1622548 54 2107
13715 1622258 56 2078
13771 1619894 49 1929
13833 1626229 56 2164
13904 1624337 65 2085
13969 1625634 57 2181
14031 1622463 56 2161
14093 1619840 56 1959
14153 1624721 53 2132
14218 1619978 58 2137
14276 1621289 52 2042
14339 1620241 54 2095
14399 1622055 53 2103
14460 1628514 55 2139
14533 1623264 67 2172
14590 1626010 51 2132
14660 1621986 64 2143
14723 1621822 57 2077
14786 1623354 56 2118
14847 1622196 55 2110
14912 1621147 59 2148
14971 1620617 53 2035
15031 1622105 53 2123
15092 1624108 55 2123
15159 1621908 58 2057
15221 1621647 56 2158
15279 1622261 51 2040
15347 1623046 60 2028
15408 1623755 55 2054
15469 1624294 54 2175
15536 1625142 60 2183
15593 1620386 50 2099
15652 1623530 53 2106
15722 1621776 63 2128
15782 1624883 54 2132
15846 1625223 58 2170
15910 1623026 58 2084
15975 1625209 57 2159
16036 1622751 55 2136
16098 1624410 55 2192
16162 1624357 57 2069
16224 1622367 56 2245
16284 1626320 53 2152
16349 1620345 58 2102
16407 1622011 52 2048
16466 1620047 52 2054
16539 1622483 67 2140
16602 1625091 55 2111
16662 1627280 54 2177
16725 1622394 57 2128
16783 1618720 50 2005
16843 1620960 53 2050
16901 1622645 52 2083
16969 1628093 60 2169
17031 1622080 55 2066
17091 1622414 54 2153
17160 1624155 63 2200
17220 1624379 54 2125
17277 1620790 50 2027
17349 1624116 66 2188
17410 1622215 54 2079
17472 1621328 55 2122
17537 1619711 59 2100
17600 1621825 55 2098
17660 1622516 54 2162
17721 1622848 54 2117
17788 1625759 61 2181
17845 1622567 50 2027
17904 1623142 53 2170
17976 1621548 65 2105
18038 1622128 55 2198
18104 1625012 60 2225
18168 1623343 58 2113
18231 1624383 56 2189
18291 1625343 54 2132
18357 1625842 59 2143
18415 1622988 52 2100
18476 1624963 54 2113
18534 1621980 51 2034
18600 1626269 59 2211
18661 1624447 54 2076
18718 1622339 51 2084
18781 1625882 57 2118
18841 1627020 53 2136
18902 1626810 54 2092
18967 1623544 59 2023
19025 1621414 51 2131
19084 1620239 52 2042
19150 1627489 60 2242
19214 1626050 57 1966
19276 1621977 55 2097
19337 1626230 54 2151
19403 1620110 58 2175
19462 1621960 53 2110
19519 1621273 51 2030
19585 1625468 60 2124
19646 1621494 54 2078
19702 1624834 50 2100
19767 1625514 58 2241
19832 1621287 56 2090
19892 1624412 54 2116
19952 1621750 54 2129
20017 1623884 57 2129
20077 1621700 54 2077
20136 1621220 53 2124
20204 1626461 61 2165
20264 1623837 54 2079
20324 1623400 54 2122
20401 1627057 70 2362
20463 1624623 55 2172
20521 1623197 52 2120
20596 1624706 68 2203
20660 1622495 56 2156
20719 1625073 53 2136
20791 1624937 66 2217
20853 1624851 55 2153
20912 1618511 53 2137
20976 1625542 57 2217
21038 1622631 56 2031
21103 1623328 58 2063
21165 1622736 54 2076
21235 1624245 64 2171
21290 1621896 48 2014
21347 1620718 51 2123
21415 1622600 61 2078
21474 1621127 53 2096
21534 1627125 53 2143
21600 1622454 59 2049
21664 1621511 57 2183
21726 1622619 56 2152
21788 1619691 55 2101
21857 1621883 62 2202
21916 1621890 53 2113
21980 1623977 58 2168
22048 1626024 60 2161
22107 1621729 53 2046
22164 1623786 50 2071
22234 1626720 64 2211
22295 1621797 54 2025
22354 1625310 53 2201
22419 1622288 59 2083
22477 1622436 51 2060
22539 1623865 55 2136
22598 1621195 52 2051
22661 1621546 57 2067
22725 1623632 57 2194
22781 1619594 50 2041
22844 1618598 56 1986
22910 1621822 59 2207
22967 1625581 50 2120
23036 1627122 63 2126
23098 1623805 55 2066
23157 1624907 53 2158
23217 1621813 54 2018
23284 1621824 58 2125
23342 1624150 51 2061
23401 1621415 52 2125
23465 1622432 57 2103
23528 1625050 56 2279
23587 1621350 53 2087
23651 1625640 58 2146
23710 1626776 52 2069
23768 1624777 52 2127
23835 1622383 60 2125
23894 1619996 52 2014
23956 1624609 56 2136
24022 1625811 59 2257
24086 1622162 58 2152
24147 1626955 55 2140
24208 1624671 54 2054
24280 1628046 66 2323
24341 1625369 54 2089
24403 1623880 56 2204
24474 1620779 64 2055
24532 1622640 52 2093
24590 1622661 51 2061
24661 1627983 65 2171
24720 1621146 53 2052
24780 1625442 53 2108
24835 1621134 49 1951
24902 1626205 60 2119
24961 1623718 52 2048
25022 1621666 54 2134
25088 1617992 59 1959
25149 1624385 54 2215
25209 1622469 54 2155
25276 1624408 61 2115
25341 1624890 59 2218
25400 1626926 52 2155
25469 1618487 63 2191
25528 1623537 53 2158
25588 1622112 54 2109
25648 1623133 53 2098
25709 1620040 54 2075
25767 1623164 52 2055
25829 1625228 56 2116
25899 1626149 63 2152
25959 1622191 53 2118
26021 1624591 55 2130
26085 1624398 58 2153
26149 1624877 57 2196
26210 1622022 54 2200
26273 1623358 57 2053
26335 1622590 54 2073
26395 1620359 53 2119
26457 1625594 56 2171
26522 1622854 58 2100
26582 1625068 54 2053
26638 1619950 50 2046
26702 1621981 58 2085
26766 1625659 57 2240
26828 1624425 56 2209
26894 1626049 60 2156
26952 1621435 52 2012
27011 1622687 53 2109
27072 1627717 54 2216
27144 1625839 65 2273
27214 1622482 64 2231
27278 1624613 57 2110
27344 1624671 58 2151
27401 1623903 51 2030
27461 1624521 54 2188
27534 1623123 66 2264
27598 1626386 58 2262
27656 1623999 52 2090
27720 1622932 58 2047
27776 1620715 49 2001
27834 1623373 52 1999
27896 1620491 55 2063
27957 1622144 54 2087
28014 1623650 51 2082
28074 1620399 53 2091
28137 1622449 55 2045
28199 1622112 55 2110
28259 1623950 53 2140
28328 1625215 62 2166
28383 1623837 50 2070
28442 1625191 52 2122
28506 1621775 58 2062
28567 1620616 52 2036
28626 1619736 52 2055
28684 1624571 52 2032
28747 1620842 56 2063
28803 1623994 49 2006
28862 1624413 53 2130
28928 1620425 59 2046
28988 1620906 54 2099
29046 1622877 51 2093
29103 1624026 51 2032
29168 1621101 58 2138
29231 1623494 57 2186
29294 1624077 57 2200
29362 1625174 60 2151
29423 1623331 55 2185
29479 1621847 50 2058
29542 1621186 57 2053
29607 1625367 58 2303
29668 1622560 55 2082
29741 1623187 67 2206
29804 1622120 56 2225
29861 1618836 51 2027
29920 1621326 53 2035
29983 1624225 53 2140
30046 1620918 56 2169
30104 1624915 52 2139
30166 1621215 55 2026
30229 1625661 55 2233
30290 1625884 55 2261
30360 1625677 63 2227
30417 1623377 51 2040
30474 1618970 51 2034
30535 1620331 55 1999
30602 1621932 59 2223
30663 1624566 54 2185
30721 1621466 51 2085
30784 1622187 56 2086
30846 1624366 56 2178
30912 1622618 60 2320
30976 1619870 57 2033
31034 1622154 52 2030
31094 1621175 53 2086
31164 1622320 64 2118
31228 1624666 58 2136
31290 1619055 56 2146
31355 1621112 58 2117
31420 1625218 58 2206
31476 1621578 49 2051
31535 1621522 52 2016
31601 1624238 59 2137
31663 1624035 56 2148
31721 1622139 51 2075
31786 1623985 59 2104
31847 1624545 54 2154
31908 1623568 54 2170
31974 1623617 59 2174
32034 1625576 54 2080
32094 1622752 54 2178
32161 1622806 61 2051
32225 1625442 54 2129
32280 1618956 49 2015
32340 1624695 54 2174
32417 1627707 70 2241
32482 1624107 56 2183
32538 1621296 49 1994
32606 1627584 61 2209
32669 1622291 55 2077
32730 1620377 55 2077
32792 1620752 55 2032
32850 1621999 52 2033
32909 1627366 53 2157
32972 1620266 56 2089
33034 1626624 54 2092
33095 1627854 54 2115
33154 1622287 53 2138
33219 1624383 57 2092
33277 1624360 52 2095
33334 1619762 51 2102
33402 1621505 61 2138
33463 1623619 55 2080
33523 1623045 53 2153
33585 1623737 56 2078
33645 1622256 52 2101
33710 1628501 59 2305
33775 1620785 59 2223
33843 1623718 60 2108
33900 1621801 51 2039
33958 1620817 51 2027
34025 1622165 60 2086
34082 1622435 51 2125
34140 1622412 51 2016
34201 1620111 55 1982
34262 1623618 54 2136
34320 1621290 51 2092
34380 1621653 54 2119
34451 1622842 64 2130
34516 1622614 57 2114
34575 1622856 53 2232
34642 1621719 59 2139
34701 1620885 53 2059
34759 1621978 51 2080
34821 1622561 56 1997
34880 1619641 52 2034
34938 1622587 52 2073
34996 1620780 51 2078
35055 1621186 52 1965
35119 1623910 57 2248
35179 1622405 54 2163
35255 1626060 69 2250
35319 1622659 57 2154
35376 1623914 51 2042
35440 1622065 57 2021
35498 1620839 52 2025
35557 1623437 52 2081
35628 1623965 64 2197
35684 1624736 49 2045
35742 1622742 52 2004
35802 1620482 53 2048
35871 1625415 62 2179
35937 1625077 59 2199
35993 1623816 49 2036
36057 1621208 57 2081
36124 1621637 61 2196
36185 1623585 55 2139
36256 1623926 65 2209
36311 1621942 49 2022
36371 1622159 54 2100
36440 1623766 62 2149
36496 1624316 49 2047
36555 1623405 52 2030
36622 1623257 60 2191
36687 1622143 57 2181
36746 1623182 52 2156
36804 1621106 52 2117
36872 1625247 62 2176
36931 1620312 52 2136
36997 1625354 60 2276
37062 1626836 58 2106
37121 1622056 53 2024
37182 1624740 54 2168
37247 1622147 59 1989
37308 1622615 54 2181
37369 1626813 55 2238
37433 1624202 57 2132
37495 1624558 55 2095
37554 1621817 53 2054
37615 1624510 54 2126
37682 1623891 61 2143
37740 1622820 52 2039
37796 1620697 49 1960
37867 1623979 64 2122
37932 1625087 59 2225
37989 1618520 51 1962
38052 1619426 57 2093
38116 1619927 55 2083
38176 1625442 54 2130
38240 1625948 58 2227
38306 1622185 60 2172
38362 1624621 50 2082
38423 1623656 54 2112
38492 1627913 62 2200
38552 1624929 54 2131
38613 1624004 54 2090
38688 1623414 68 2233
38751 1623804 57 2085
38809 1622082 51 2090
38877 1623890 62 2152
38936 1624087 53 2085
38996 1620574 53 2128
39057 1621298 55 2150
39133 1628923 68 2253
39194 1628421 55 2229
39254 1620214 53 2043
39322 1624095 61 2145
39389 1621809 59 2210
39446 1624135 51 2076
39509 1624098 56 2112
39576 1628023 60 2345
39631 1618262 49 2004
39691 1618606 53 1958
39753 1623901 56 2220
39816 1623478 56 2184
39887 1620799 65 2116
39949 1623341 55 2082
40008 1621211 53 2082
40065 1624697 51 2042
40135 1623136 63 2099
40195 1622161 54 2067
40254 1622265 52 2065
40320 1623263 60 2089
40381 1618998 54 2141
40440 1620444 52 2129
40507 1620305 61 2136
40567 1623018 54 2063
40629 1627735 55 2192
40693 1619665 58 2126
40757 1623473 56 2202
40815 1622284 52 2084
40875 1624772 54 2090
40941 1625783 58 2249
41001 1623951 54 2131
41058 1624176 51 2136
41126 1621544 62 2111
41184 1619438 52 2034
41247 1625010 56 2265
41310 1620767 56 1990
41370 1622572 54 2181
41430 1624349 53 2042
41492 1621861 55 2053
41557 1624329 59 2126
41615 1618702 51 2075
41671 1621172 50 2014
41739 1623822 61 2115
41801 1623161 55 2197
41859 1623896 52 2066
41926 1623563 61 2172
41987 1626245 55 2159
42047 1623922 53 2170
42110 1622527 56 2082
42177 1626266 58 2235
42242 1621810 59 2202
42306 1625107 58 2260
42371 1623542 57 2096
42432 1626563 54 2142
42492 1622992 54 2144
42556 1619652 57 2095
42621 1627916 58 2274
42678 1619141 51 2030
42745 1625534 60 2141
42808 1624329 56 2142
42866 1625292 52 2177
42926 1619631 54 2002
42995 1625340 60 2209
43050 1623536 49 2017
43106 1620267 49 2078
43184 1626761 70 2253
43241 1623990 51 2088
43304 1625092 56 2200
43368 1623234 58 2073
43430 1623149 55 2091
43489 1623719 53 2116
43553 1624391 57 2049
43615 1621189 56 2155
43680 1621862 59 2143
43748 1621496 61 2149
43806 1625626 52 2106
43864 1623640 51 2117
43923 1623297 53 2126
43990 1627460 60 2254
44051 1622286 54 2110
44111 1622724 53 2163
44177 1621986 59 2022
44238 1627308 55 2189
44294 1622130 50 2023
44367 1620096 66 2164
44429 1623197 56 2201
44486 1622265 51 2099
44544 1620418 52 2020
44615 1623642 63 2205
44678 1622455 56 2155
44740 1625662 55 2174
44805 1623390 59 2084
44864 1622341 53 2030
44925 1622895 54 2166
44994 1622576 62 2252
45053 1624320 53 2164
45115 1623882 56 2138
45184 1620286 62 2048
45242 1622091 52 2028
45298 1625553 50 2066
45357 1621389 52 2025
45417 1624829 52 2006
45478 1622243 54 2081
45535 1620203 51 2071
45602 1621416 60 2137
45667 1625899 58 2213
45726 1625414 52 2128
45794 1625894 62 2080
45856 1624961 55 2121
45917 1626133 54 2182
45983 1622356 60 2104
46042 1623241 52 1997
46107 1630446 58 2258
46170 1622274 57 2113
46230 1622796 52 2066
46291 1622245 54 2198
46351 1624712 54 2161
46420 1624389 63 2204
46480 1623456 53 2095
46545 1625942 58 2252
46612 1623837 61 2144
46671 1621138 53 2023
46733 1627927 55 2181
46799 1622763 60 2136
46863 1625799 58 2223
46925 1623993 56 2125
46986 1621307 54 2095
47059 1624423 62 2204
47121 1622973 55 2165
47186 1623163 58 2221
47252 1624033 58 2096
47314 1624701 55 2213
47376 1624548 55 2142
47439 1622555 57 2133
47502 1624930 57 2190
47559 1620166 51 2113
47627 1622880 61 2093
47690 1626148 56 2004
47751 1624090 55 2149
47809 1620924 51 2077
47876 1619033 59 2004
47936 1626166 54 2059
47999 1625893 56 2232
48063 1625694 55 2078
48124 1622575 54 2087
48181 1620730 50 2079
48247 1627810 59 2236
48308 1623196 54 2124
48372 1622436 57 2068
48437 1619493 59 2045
48500 1623448 56 2103
48555 1620386 49 2038
48619 1620419 58 2158
48677 1620305 51 2111
48737 1624997 54 2081
48801 1627243 57 2147
48869 1624999 61 2155
48930 1625834 54 2217
48995 1623168 59 2143
49065 1619794 63 2141
49125 1621583 53 2077
49184 1622645 53 2140
49249 1626186 58 2171
49315 1624720 60 2362
49373 1621955 52 2105
49439 1621927 59 2092
49499 1622043 53 2129
49562 1624896 56 2266
49622 1625524 53 2085
49686 1620544 57 1990
49749 1625201 55 2136
49810 1624642 55 2113
49878 1626186 60 2218
49941 1625586 57 2284
50002 1625406 54 2103
50072 1621638 64 2145
50133 1621351 54 2107
50194 1621981 55 2176
50259 1618127 59 2068
50321 1626641 56 2210
50378 1625484 50 1985
50443 1623885 58 2222
50505 1624424 55 2155
50564 1622486 52 2033
50624 1623151 54 2107
50684 1620198 52 1966
50740 1622881 50 2017
50798 1621581 51 2105
50862 1622857 58 2029
50924 1628882 56 2159
50985 1622104 55 2087
51047 1623409 56 2068
51117 1627585 58 2290
51175 1622455 52 2072
51239 1622712 57 2162
51303 1621847 57 2016
51368 1623338 59 2113
51428 1622026 54 2143
51491 1620646 57 2079
51555 1623788 58 2111
51617 1622204 55 2271
51687 1626931 64 2220
51745 1623846 52 2075
51804 1621269 52 2149
51870 1622428 60 2153
51932 1626739 55 2174
51992 1621551 54 2155
52052 1623521 54 2092
52119 1623146 60 2219
52176 1620749 50 2034
52234 1619676 52 2078
52306 1624833 66 2227
52367 1622486 54 2130
52428 1623533 55 2129
52502 1625376 68 2197
52561 1624832 52 2157
52616 1620759 49 2055
52675 1624252 53 2038
52737 1620181 54 2107
52795 1621878 51 2129
52853 1618198 52 2048
52927 1627242 66 2237
52987 1623986 54 2186
53040 1619957 47 1927
53106 1623635 59 2164
53167 1620710 54 2240
53225 1622489 52 2023
53290 1624066 58 2150
53347 1618550 50 1990
53402 1620629 48 2015
53461 1622436 53 2109
53527 1621889 58 2125
53586 1620831 52 2055
53646 1624478 54 2163
53716 1623944 63 2084
53776 1624830 53 2053
53838 1622625 55 2137
53906 1625004 61 2116
53971 1623267 59 2218
54029 1624193 51 2103
54090 1623259 55 2154
54160 1623669 62 2070
54219 1621837 53 2147
54279 1624364 53 2066
54352 1622754 65 2254
54418 1626127 58 2212
54472 1623649 48 2038
54533 1616334 54 2001
54590 1623067 51 2043
54652 1621872 56 2229
54725 1625285 66 2155
54791 1622010 59 2153
54851 1622620 53 2086
54915 1620503 58 2099
54982 1624121 58 2019
55044 1626423 55 2152
55105 1622203 55 2153
55175 1623317 62 2149
55235 1621804 54 2097
55296 1625306 54 2139
55362 1623874 59 2137
55421 1622102 53 2085
55486 1622375 59 2171
55554 1624126 62 2211
55614 1622537 53 2145
55675 1624690 55 2172
55741 1620489 59 2074
55802 1621745 55 2124
55859 1621904 50 2073
55917 1622773 52 2108
55983 1619389 57 2129
56041 1621121 52 2044
56102 1626530 55 2214
56166 1623806 57 2150
56225 1624346 52 2072
56284 1623438 52 2033
56356 1624957 66 2209
56420 1621336 57 2132
56478 1619885 52 2109
56541 1621536 56 2022
56599 1622710 51 2088
56666 1621134 60 2241
56725 1620863 53 2091
56799 1623418 66 2227
56858 1619888 53 2089
56920 1623338 56 2129
56984 1619995 57 2071
57045 1624985 55 2113
57103 1621722 52 2164
57172 1623104 62 2089
57232 1623307 54 2115
57292 1624303 53 2096
57358 1620809 60 2058
57416 1619896 52 2103
57477 1622026 54 2152
57535 1619111 52 2048
57603 1622526 61 2169
57665 1620940 56 2129
57728 1625026 56 2222
57794 1619136 58 2044
57853 1624202 53 2131
57912 1621664 52 2081
57977 1621525 58 2054
58039 1624600 55 2200
58098 1624570 53 2150
58163 1623972 58 2153
58223 1619453 53 1978
58287 1624043 58 2131
58350 1620143 56 2188
58413 1624458 56 2095
58476 1621130 56 2185
58540 1624525 58 2204
58608 1625231 60 2156
58667 1621922 52 2116
58727 1623687 54 2092
58794 1623102 60 2084
58858 1623622 58 2159
58918 1620952 53 2092
58986 1621207 62 2034
59052 1623229 59 2157
59110 1623072 51 2080
59180 1623840 64 2162
59239 1624491 52 2095
59297 1621460 52 2073
59352 1619244 49 1946
59416 1623921 57 2131
59475 1620955 52 2077
59540 1626572 59 2194
59604 1618791 58 2092
59666 1625207 55 2232
59729 1622122 56 2158
59794 1625045 58 2058
59854 1623867 53 2136
59919 1624168 59 2191
59975 1619587 49 1966
60040 1625602 58 2179
60098 1624737 51 2060
60161 1624536 57 2241
60233 1617689 65 2098
60292 1625196 53 2116
60351 1620765 52 2098
60418 1621432 60 2139
60478 1620198 54 1999
60543 1625602 58 2225
60611 1624228 62 2173
60667 1620164 49 1975
60725 1620908 52 2063
60786 1621694 55 2131
60850 1624933 57 1993
60910 1619507 54 2088
60969 1621053 52 2167
61037 1625760 62 2269
61094 1620185 50 1961
61162 1622557 62 2238
61235 1624043 66 2155
61299 1623084 58 2156
61354 1618983 48 1952
61421 1623895 60 2157
61484 1623768 57 2147
61549 1622475 59 2145
61619 1625037 64 2141
61681 1624271 53 2076
61747 1623328 59 2179
61805 1623999 52 2100
61870 1625437 57 2198
61926 1620807 50 1980
61988 1621197 56 2146
62057 1623916 63 2171
62118 1623876 54 2135
62176 1622918 52 2084
62242 1621114 59 2068
62305 1627689 57 2209
62364 1627686 52 2164
62436 1625108 65 2242
62500 1622569 57 2055
62562 1623872 56 2257
62625 1625530 56 2168
62692 1622804 58 2241
62747 1622172 49 1999
62805 1622653 51 2116
62876 1622962 64 2183
62936 1623618 54 2116
62994 1621752 52 2131
63063 1622579 62 2136
63123 1621428 54 2066
63180 1624933 50 2058
63245 1625701 59 2105
63310 1624315 58 2076
63368 1625218 52 2147
63431 1625156 56 2162
63496 1624308 57 2170
63554 1624650 51 2148
63607 1619564 46 1888
63670 1619223 57 2010
63727 1625223 50 2037
63784 1620008 51 2048
63853 1623476 62 2080
63915 1625071 55 2115
63976 1622033 55 2175
64036 1623551 54 2095
64103 1623329 60 2145
64163 1623226 54 2186
64217 1618635 48 2003
64283 1622014 60 2044
64343 1624589 54 2156
64403 1621080 53 2077
64470 1622938 60 2094
64528 1624540 52 2089
64589 1622087 55 2127
64653 1623092 57 2168
64713 1623480 52 2048
64778 1625087 58 2193
64837 1623286 52 2116
64904 1625051 59 2140
64966 1626196 55 2193
65032 1625074 59 2144
65100 1622370 62 2138
65163 1623392 56 2112
65223 1625329 54 2145
65289 1623467 60 2128
65346 1621539 50 2070
65408 1625522 55 2270
65474 1622968 60 2090
65542 1620569 59 2116
65597 1623464 49 2055
65659 1623421 55 2153
65720 1619010 54 2008
65781 1625382 54 2113
65841 1624579 53 2166
65908 1623744 61 2167
65967 1626354 53 1975
66026 1623149 53 2149
66091 1619342 59 2172
66154 1621784 56 2138
66210 1625546 49 2064
66272 1624081 56 2171
66336 1623400 58 2126
66394 1624152 51 2123
66454 1624854 54 2109
66517 1623345 56 2042
66576 1624341 53 2090
66642 1623464 59 2157
66704 1624197 56 2088
66766 1622011 55 2096
66827 1624244 54 2163
66893 1621718 60 2168
66958 1626110 57 2197
67015 1624243 50 2101
67074 1626157 53 2156
67140 1626570 58 2133
67196 1622065 50 2069
67256 1623984 54 2243
67322 1623241 59 2081
67382 1622481 54 2094
67445 1623428 56 2085
67508 1621668 56 2045
67567 1621348 53 2124
67629 1623354 56 2131
67693 1622438 57 2204
67756 1619961 57 2190
67818 1624918 56 2162
67877 1621342 52 2108
67940 1620158 57 2082
68001 1624850 55 2168
68062 1624210 54 2143
68131 1621970 62 2073
68196 1627318 58 2259
68254 1624001 52 2155
68321 1622895 60 2125
68383 1622795 55 2172
68445 1625088 56 2255
68504 1624866 52 2095
68572 1624607 62 2202
68631 1624885 52 2127
68692 1623301 54 2170
68757 1619719 59 2046
68818 1622263 54 2093
68877 1619854 53 2026
68943 1622047 60 2161
69005 1620198 55 2107
69060 1623415 49 2043
69130 1624739 64 2250
69194 1624553 56 2082
69254 1627861 53 2143
69314 1621541 54 2120
69377 1620920 56 2117
69435 1621673 51 2026
69495 1622598 54 2173
69568 1624444 66 2151
69631 1623951 56 2137
69690 1622277 52 2064
69754 1621278 58 2024
69816 1628181 56 2133
69875 1626047 52 2210
69934 1618507 53 2011
70004 1624201 63 2144
70065 1622667 54 2167
70126 1622745 55 2165
70195 1619478 62 2026
70254 1622192 52 2088
70315 1621407 55 2172
70381 1620253 60 2100
70443 1624476 56 2179
70500 1622740 50 2095
70567 1621921 61 2131
70626 1623372 53 2080
70685 1623936 53 2119
70744 1625430 53 2109
70811 1622649 56 2072
70870 1621755 53 2071
70929 1624451 53 2136
71004 1622683 67 2207
71064 1623411 54 2135
71123 1620922 53 2080
71191 1624016 61 2077
71255 1623050 58 2154
71311 1620086 50 2059
71376 1625846 58 2057
71438 1625706 56 2148
71499 1622169 54 2087
71560 1623104 54 2099
71623 1623499 54 2064
71687 1624704 58 2252
71749 1623061 56 2115
71810 1622931 54 2040
71866 1621215 50 1989
71927 1623710 54 2086
71995 1624543 61 2181
72057 1621611 56 2128
72112 1621875 48 2029
72178 1622612 60 2102
72246 1622938 59 2172
72306 1620960 53 2075
72368 1627525 56 2183
72437 1625066 61 2312
72501 1623704 57 2189
72563 1623976 55 2131
72628 1619779 58 1978
72690 1629247 57 2223
72748 1619367 51 2062
72817 1625247 63 2169
72881 1623553 57 2230
72939 1622666 51 2105
73003 1621953 58 2022
73063 1622381 54 2092
73121 1619869 52 2002
73184 1623674 56 2103
73246 1622232 53 2050
73305 1622450 53 2050
73365 1621408 53 2144
73435 1627061 63 2154
73495 1619595 54 2084
73555 1623844 53 2115
73622 1621134 61 2030
73682 1620717 53 2057
73740 1622942 52 2056
73809 1624498 63 2149
73865 1623697 49 2069
73925 1628077 53 2222
73991 1623436 60 2175
74065 1624527 68 2335
74122 1621435 51 2109
74186 1628011 58 2175
74258 1623596 65 2265
74319 1624262 54 2144
74380 1620537 54 2107
74450 1623556 64 2230
74512 1622788 55 2197
74569 1623764 50 2089
74633 1621117 58 2068
74702 1621924 62 2074
74760 1621188 51 2059
74833 1623658 66 2146
74891 1623785 51 2088
74952 1622700 54 2082
75022 1623882 64 2132
75085 1625296 55 2196
75142 1621859 51 2103
75202 1623715 53 2131
75263 1620575 55 2044
75319 1624579 50 2080
75378 1622950 52 2139
75440 1620911 56 2043
75504 1625710 58 2174
75565 1621886 54 2151
75644 1626714 73 2261
75708 1624632 58 2275
75768 1623846 53 2130
75830 1625151 56 2068
75899 1623508 61 2282
75960 1620357 55 2054
76019 1620589 52 2020
76095 1622876 69 2189
76157 1624898 56 2211
76220 1621253 56 2172
76285 1621445 58 2112
76344 1622424 53 2124
76403 1624662 52 2118
76478 1623528 69 2219
76543 1626002 58 2194
76602 1624623 53 2194
76670 1622799 62 2194
76734 1622109 58 2075
76791 1620111 51 2050
76859 1624687 61 2163
76919 1621016 54 2135
76982 1623954 56 2186
77043 1622154 55 2103
77102 1621836 50 2001
77160 1623268 52 2071
77219 1619780 52 2172
77285 1626780 59 2160
77345 1624329 54 2053
77404 1624314 52 2123
77482 1623455 72 2133
77551 1626250 62 2103
77612 1621415 54 2122
77681 1622979 63 2160
77748 1621561 58 2164
77806 1623950 52 2017
77873 1622620 60 2086
77934 1624433 55 2211
77997 1624328 56 2217
78054 1619353 51 1933
78114 1624656 54 2037
78174 1619328 53 2080
78234 1621510 54 2115
78302 1624132 61 2130
78358 1621207 50 2098
78418 1624224 53 2009
78486 1624808 62 2198
78544 1622799 52 2100
78602 1623121 51 2116
78663 1624624 54 2098
78734 1621610 64 2047
78792 1623114 53 2126
78854 1624112 55 2146
78922 1620750 60 2192
78985 1623048 56 2167
79043 1622062 52 2107
79110 1624825 60 2157
79167 1620523 51 2093
79226 1621167 52 2121
79296 1624074 63 2243
79355 1622592 52 2041
79413 1624541 52 2116
79474 1623274 54 2075
79534 1622597 54 2068
79596 1622007 55 2139
79654 1624654 52 2080
79716 1620887 55 1975
79773 1624429 51 2109
79832 1621430 52 2126
79898 1625996 60 2162
79958 1622209 53 2064
80014 1618253 50 2031
80071 1622974 50 2123
80142 1623822 64 2103
80202 1624682 53 2158
80259 1624525 50 2088
80323 1621369 57 2060
80380 1625704 51 2102
80439 1623631 52 2137
80506 1621338 61 2112
80571 1620703 58 2173
80634 1621363 56 2141
80696 1621916 56 2145
80770 1625310 66 2248
80825 1623488 49 1990
80884 1625178 53 2144
80949 1625035 57 2146
81004 1623273 48 2046
81059 1624374 49 2054
81121 1625714 55 2066
81183 1623602 56 2201
81245 1623665 55 2123
81307 1625731 56 2083
81376 1623155 61 2145
81438 1624839 55 2180
81496 1619853 52 2096
81567 1624722 64 2224
81633 1625215 60 2275
81693 1629457 54 2104
81760 1621302 59 2101
81818 1621612 52 2095
81877 1622567 52 2118
81944 1624135 60 2180
82009 1623293 59 2198
82068 1621963 53 2080
82136 1624449 61 2258
82199 1624063 56 2174
82257 1623267 52 2088
82320 1620381 57 2088
82385 1621696 58 2164
82443 1623983 50 2106
82503 1625354 54 2239
82574 1621816 65 2303
82635 1621526 54 2126
82696 1623070 55 2049
82759 1618620 57 1961
82820 1626482 53 2159
82880 1623545 54 2145
82947 1624696 61 2191
83007 1622178 53 2138
83068 1624484 55 2200
83131 1625186 56 2193
83199 1623050 61 2170
83258 1621563 52 2092
83317 1618488 52 2099
83381 1622615 59 2104
83437 1624314 49 2021
83496 1623589 53 2158
83560 1621869 57 2091
83621 1625927 55 2199
83685 1623341 58 2225
83744 1617613 53 2029
83806 1620869 53 2061
83866 1623993 53 2031
83925 1622437 53 2148
84002 1625968 70 2207
84063 1626502 55 2093
84125 1623912 55 2135
84193 1624526 62 2214
84251 1620440 51 2098
84309 1623647 52 2113
84375 1624772 59 2136
84433 1623646 51 2058
84491 1620491 52 2093
84551 1618729 54 2111
84618 1622659 60 2236
84680 1624984 54 2166
84741 1624545 55 2241
84811 1626469 63 2236
84876 1622535 59 2261
84938 1619176 55 2100
85006 1622181 62 2151
