fo time ls_time n_ls_moves
22 855233 22 1795
46 852273 21 1729
68 854445 19 1781
90 855798 20 1794
111 852846 18 1711
132 854219 17 1809
157 853400 23 1811
185 855791 24 1803
209 854352 21 1690
233 852276 20 1776
255 853544 19 1740
276 853811 18 1753
299 854406 20 1800
319 852757 17 1735
340 853837 18 1775
364 853104 21 1733
391 856487 24 1827
414 854857 20 1823
438 854064 21 1760
460 854666 19 1747
483 852791 20 1768
503 854073 17 1673
526 853548 19 1809
549 857551 20 1789
576 852870 24 1749
602 853156 20 1713
624 853523 18 1741
646 853379 19 1714
667 853533 17 1751
688 853406 18 1695
711 855369 21 1856
733 853388 18 1762
752 855116 17 1651
776 851929 20 1755
800 853119 21 1785
822 852946 19 1766
845 854321 20 1840
865 851829 17 1664
886 855229 18 1729
909 855541 20 1803
930 852541 18 1784
952 857391 18 1806
975 852811 20 1800
1001 855318 23 1711
1031 853099 26 1742
1057 855277 22 1813
1081 856226 21 1693
1103 850303 18 1731
1126 852962 20 1846
1149 853710 20 1744
1176 855650 24 1874
1203 854184 24 1710
1224 852920 18 1732
1245 856932 18 1811
1269 855559 21 1879
1291 855829 19 1803
1311 852080 18 1732
1332 853177 18 1730
1354 855320 19 1831
1375 853413 18 1684
1398 854242 20 1713
1423 854718 21 1842
1445 856202 19 1802
1466 855659 19 1777
1486 850056 17 1632
1512 855631 23 1817
1533 853078 18 1763
1554 855576 18 1806
1574 853725 18 1726
1601 851180 23 1782
1623 855508 18 1716
1647 854811 20 1856
1667 853069 17 1765
1689 853081 19 1762
1712 854474 20 1846
1733 855797 18 1747
1753 854285 17 1742
1774 852579 18 1688
1798 852824 21 1718
1821 852708 19 1777
1842 853945 18 1702
1866 855431 21 1829
1888 855345 20 1826
1910 853945 19 1827
1930 853413 17 1720
1952 852677 19 1721
1973 853869 19 1768
1999 853246 23 1810
2026 853059 23 1815
2049 853407 19 1792
2071 852718 19 1740
2095 853979 21 1841
2117 856199 19 1752
2140 855541 20 1877
2162 853409 19 1887
2184 855083 19 1839
2210 853803 22 1750
2233 854249 19 1782
2256 855381 20 1811
2278 854991 20 1788
2301 853486 20 1840
2323 852921 19 1804
2346 855114 20 1800
2369 854004 20 1794
2392 854776 20 1842
2420 854802 25 1826
2443 854795 19 1858
2464 854744 18 1762
2487 853256 20 1800
2509 851080 19 1766
2530 855618 19 1814
2553 854986 20 1827
2574 853960 18 1734
2597 854072 20 1780
2623 853949 23 1804
2646 854334 19 1798
2669 853705 20 1777
2693 852943 21 1776
2717 855690 21 1868
2738 854577 18 1802
2758 851287 17 1728
2779 852756 18 1822
2804 857834 22 1910
2830 853520 23 1745
2851 853984 18 1765
2872 854613 19 1785
2894 854519 19 1703
2915 854832 18 1750
2936 855126 18 1774
2958 853134 19 1870
2980 852692 20 1759
3004 855312 21 1851
3029 850816 22 1624
3049 853689 17 1708
3071 854326 19 1765
3092 852393 18 1700
3114 856555 19 1845
3136 853650 19 1761
3158 854497 20 1758
3178 850845 17 1692
3200 854327 19 1779
3230 855075 26 1858
3253 853892 19 1729
3274 853794 18 1769
3297 855344 21 1885
3320 850929 19 1729
3340 852234 17 1729
3363 854374 19 1806
3385 853429 19 1827
3409 854361 21 1827
3435 854552 23 1788
3459 857706 21 1958
3480 852513 18 1754
3503 855009 20 1849
3527 854301 21 1851
3548 854388 19 1764
3570 853322 18 1745
3591 855425 19 1784
3614 852747 20 1775
3638 853860 21 1763
3660 852743 19 1736
3681 852482 18 1729
3702 853966 18 1788
3723 854458 18 1784
3745 855124 19 1753
3767 854153 18 1769
3789 855273 20 1867
3813 853674 21 1718
3841 854250 25 1958
3863 852402 18 1746
3883 854007 17 1681
3906 854518 20 1793
3927 853682 18 1795
3948 855005 18 1702
3970 852895 19 1749
3994 853548 21 1745
4015 853254 18 1695
4044 852465 25 1807
4067 855565 20 1845
4088 858287 18 1784
4110 855187 19 1808
4132 855289 18 1707
4153 855749 19 1834
4174 854243 18 1780
4195 854468 18 1704
4216 852943 18 1680
4242 854547 23 1818
4265 854054 20 1787
4286 854248 18 1722
4310 856762 22 1855
4332 853730 19 1734
4353 855320 19 1777
4375 854918 19 1746
4396 852134 18 1745
4416 851633 17 1702
4441 854828 22 1764
4466 853096 20 1702
4487 855510 19 1796
4510 853144 20 1817
4531 853076 17 1698
4552 852292 18 1745
4573 854176 18 1773
4596 853944 19 1768
4617 851543 18 1737
4639 851543 20 1721
4683 853488 19 1819
4705 854462 19 1810
4726 853125 19 1791
4747 854178 18 1753
4767 853043 17 1684
4789 854797 19 1756
4812 852303 20 1799
4835 853426 20 1797
4863 852571 24 1791
4887 855481 21 1782
4911 856530 21 1863
4932 852152 18 1730
4953 852926 18 1733
4975 854173 18 1763
4997 854565 19 1735
5018 854510 18 1788
5040 855812 19 1718
5066 854766 23 1761
5088 853348 19 1764
5111 852877 20 1772
5133 854491 19 1818
5156 855170 20 1748
5177 853733 18 1740
5199 853049 19 1723
5220 853696 18 1765
5242 850822 18 1651
5267 854677 23 1826
5287 853067 17 1711
5311 853449 21 1805
5333 856383 18 1834
5353 851140 18 1700
5374 853033 17 1748
5395 851696 19 1726
5417 853518 19 1750
5440 853901 20 1751
5467 853185 23 1753
5488 855431 18 1800
5511 855565 20 1811
5533 853950 18 1756
5553 852979 17 1692
5576 852643 19 1762
5597 852955 18 1675
5619 852068 19 1780
5644 855974 23 1845
5669 852075 22 1687
5691 854468 18 1757
5711 853831 17 1771
5734 855382 20 1785
5755 850310 18 1718
5776 853614 18 1798
5798 856555 19 1842
5819 855349 18 1798
5845 855252 23 1918
5873 853003 25 1745
5897 853972 20 1775
5919 854602 19 1859
5943 853305 21 1688
5964 854751 18 1748
5984 855110 17 1752
6039 854855 20 1833
6061 851120 19 1708
6085 852401 20 1739
6109 856564 21 1822
6132 855198 20 1767
6154 854766 19 1792
6175 853871 18 1747
6196 853672 19 1703
6217 854195 17 1809
6239 856522 20 1851
6262 852772 20 1741
6290 855085 24 1792
6314 855441 21 1837
6336 854775 19 1810
6358 853834 19 1754
6381 853916 20 1786
6406 853744 22 1844
6431 857026 22 1836
6454 854424 20 1722
6480 851756 22 1791
6501 851956 18 1726
6522 854643 18 1769
6544 853569 19 1749
6566 853971 18 1750
6587 853650 18 1775
6608 856304 18 1733
6630 852652 19 1825
6651 853388 18 1761
6678 855491 24 1777
6700 854134 18 1740
6720 854399 17 1714
6742 854107 19 1773
6764 852454 19 1755
6788 854984 21 1898
6811 853151 20 1827
6832 851177 18 1705
6854 853127 19 1842
6878 853065 21 1734
6902 854334 20 1739
6923 853409 18 1717
6946 853241 20 1874
6969 854019 20 1792
6989 853048 17 1716
7009 851274 17 1700
7030 853855 18 1757
7050 852157 17 1691
7073 857073 20 1860
7101 854359 25 1785
7124 854621 19 1813
7145 853404 19 1730
7167 855514 19 1773
7190 851961 20 1836
7213 856104 20 1850
7235 854583 18 1811
7257 852986 19 1824
7283 853092 23 1739
7309 854680 22 1857
7331 854949 19 1760
7356 854630 22 1831
7377 854278 18 1765
7398 854253 18 1756
7418 850624 17 1737
7441 855155 19 1786
7461 853136 18 1736
7484 853256 20 1788
7511 854719 23 1794
7535 855616 21 1763
7556 851532 17 1637
7578 855627 18 1757
7599 852339 19 1785
7621 854771 19 1802
7645 856343 21 1845
7667 852687 18 1744
7691 853501 21 1780
7716 855203 21 1842
7740 853875 20 1748
7765 857010 22 1893
7786 854677 19 1755
7807 855680 18 1765
7828 853202 18 1749
7850 852105 19 1668
7872 852287 19 1747
7899 854697 23 1846
7924 856527 22 1790
7947 854856 20 1821
7970 852867 21 1823
7993 854303 19 1804
8015 853489 20 1747
8040 854257 21 1779
8061 853490 18 1762
8086 855091 22 1827
8112 854201 22 1751
8135 854703 20 1912
8158 854697 20 1834
8179 855189 17 1738
8201 855099 19 1736
8221 852955 17 1740
8246 855758 22 1841
8267 851028 18 1739
8291 855159 21 1814
8315 855135 21 1758
8336 854284 19 1765
8357 850800 17 1678
8378 851124 19 1693
8399 855140 18 1769
8420 853041 18 1760
8441 853151 18 1676
8462 854302 18 1734
8487 852670 22 1769
8516 851885 26 1659
8538 855058 18 1764
8561 855629 20 1799
8582 852935 19 1755
8603 853955 18 1727
8624 852249 17 1682
8646 852679 19 1725
8667 852576 17 1668
8691 853453 21 1782
8716 855013 22 1814
8738 853553 18 1704
8760 852865 19 1693
8783 852931 20 1714
8805 854587 19 1837
8826 853333 18 1695
8846 854183 17 1789
8867 852229 18 1765
8888 852738 19 1743
8916 855495 24 1879
8939 856133 19 1796
8960 854567 19 1838
8983 856312 20 1766
9004 855187 18 1737
9025 854753 18 1749
9047 852499 18 1778
9070 854810 20 1782
9093 856792 21 1899
9120 853269 23 1748
9142 853780 18 1732
9162 853002 18 1723
9189 855502 23 1867
9212 856135 20 1850
9234 855214 20 1818
9256 854953 19 1822
9278 854901 19 1767
9302 854533 21 1796
9327 855417 23 1865
9350 854698 19 1856
9372 855971 19 1767
9394 851918 19 1722
9416 853865 18 1835
9439 855040 20 1834
9460 854520 19 1838
9484 855040 21 1752
9505 852567 18 1689
9529 850818 21 1722
9552 854581 20 1819
9573 851317 18 1686
9596 857497 20 1821
9618 853686 19 1743
9641 854593 20 1763
9664 855074 20 1722
9687 857029 20 1816
9710 855899 20 1767
9740 854039 27 1860
9762 854491 18 1766
9785 855378 20 1730
9805 853822 18 1728
9829 852900 21 1820
9852 852452 20 1775
9872 854905 17 1647
9893 855609 18 1750
9918 856028 21 1765
9942 853805 20 1731
9963 854874 18 1753
9984 852390 18 1719
10005 854280 18 1734
10025 854140 17 1689
10046 853424 18 1681
10069 856289 20 1808
10092 854092 20 1855
10115 853474 20 1770
10139 854765 21 1718
10161 853563 19 1832
10182 854840 18 1773
10203 856092 18 1694
10224 853847 18 1720
10246 855618 19 1784
10267 853940 18 1735
10287 855560 17 1716
10309 855873 19 1785
10335 853958 22 1753
10358 852773 19 1764
10379 853304 19 1734
10400 855354 18 1705
10423 853859 20 1736
10446 854950 19 1828
10468 855072 20 1812
10490 854770 19 1835
10511 854089 18 1688
10536 855511 21 1794
10558 854388 18 1692
10579 853098 18 1709
10600 854828 18 1727
10623 855238 20 1914
10644 853080 17 1763
10666 854634 19 1816
10687 854698 19 1728
10708 854778 18 1808
10732 852466 21 1779
10758 856566 22 1820
10781 854541 20 1816
10803 852782 19 1637
10824 855132 18 1800
10844 853699 17 1704
10865 853739 18 1822
10887 856900 20 1824
10908 853443 18 1695
10931 853223 19 1768
10956 853731 23 1766
10978 856023 19 1832
11003 853143 22 1759
11023 853811 17 1709
11045 855138 19 1859
11065 853287 18 1743
11085 852381 17 1716
11107 854416 19 1808
11134 855928 23 1806
11165 856698 27 1843
11187 855414 19 1747
11209 856201 19 1777
11229 852612 17 1705
11253 852936 20 1851
11276 856219 20 1837
11296 853120 17 1701
11319 853231 20 1694
11343 855848 21 1795
11367 855619 20 1803
11389 853369 18 1700
11408 853678 16 1643
11428 852710 17 1759
11451 854701 20 1829
11473 854052 19 1827
11495 853664 19 1796
11516 854490 18 1727
11541 855604 22 1833
11568 855823 24 1815
11593 856180 21 1839
11616 856240 21 1861
11639 854652 20 1797
11661 856244 20 1873
11681 855744 17 1699
11703 856266 19 1801
11725 851170 19 1748
11746 854310 19 1754
11771 853860 21 1770
11794 855341 20 1853
11818 853795 21 1801
11840 856084 18 1794
11862 855167 19 1808
11883 854449 19 1879
11909 855875 23 1854
11931 852602 19 1753
11955 854092 21 1770
11980 854978 21 1814
12003 854439 20 1809
12024 853745 17 1765
12046 853887 20 1810
12068 853424 19 1770
12090 850747 18 1741
12111 851137 18 1759
12134 854019 20 1756
12161 854776 24 1815
12184 852448 20 1747
12207 853341 20 1711
12231 854738 22 1803
12257 854475 22 1847
12280 856204 20 1851
12300 852454 18 1715
12321 853297 18 1754
12346 854435 22 1810
12372 853436 23 1723
12394 852864 19 1742
12415 854783 18 1764
12437 853884 19 1763
12459 852712 20 1707
12480 852735 18 1706
12500 854373 17 1755
12523 855058 20 1835
12546 852534 19 1826
12572 856284 23 1740
12597 855743 22 1838
12624 853426 23 1775
12650 855213 22 1760
12672 852488 18 1791
12696 856148 21 1831
12718 854960 19 1775
12739 853465 18 1737
12762 853443 20 1762
12787 853642 21 1686
12808 855215 18 1777
12830 853201 18 1690
12851 853256 18 1752
12872 850632 18 1726
12896 855144 20 1894
12917 852457 18 1758
12938 854012 19 1746
12963 855145 22 1817
12988 854316 22 1720
13010 854558 19 1807
13032 853878 19 1784
13055 852401 20 1725
13076 854559 18 1777
13097 856184 18 1805
13119 855242 18 1741
13139 853247 17 1786
13162 855794 21 1879
13190 853757 24 1896
13210 854722 17 1701
13231 853747 18 1717
13253 853696 18 1710
13273 853484 17 1737
13295 853007 18 1769
13318 855739 20 1771
13339 853362 18 1709
13360 856548 18 1728
13388 855109 24 1868
13410 854247 19 1837
13432 853144 19 1750
13453 853990 18 1722
13477 858973 21 1857
13499 856211 19 1793
13520 854016 19 1717
13542 856560 19 1798
13566 852430 21 1862
13590 851815 21 1754
13611 853804 18 1664
13633 854073 19 1753
13656 852647 20 1741
13679 853145 19 1863
13700 853004 19 1791
13720 850404 16 1643
13740 856290 17 1715
13761 853804 18 1663
13788 853558 24 1771
13814 854222 22 1737
13836 852892 19 1741
13860 855220 21 1825
13881 855209 18 1817
13904 855016 20 1863
13925 855455 18 1832
13945 851188 17 1677
13966 854260 18 1707
13993 853109 23 1823
14015 853647 19 1783
14037 854721 18 1756
14057 854256 18 1697
14079 851824 18 1700
14100 854201 19 1711
14123 854952 20 1816
14146 855204 19 1778
14166 854083 18 1714
14192 855175 23 1784
14217 856324 21 1725
14239 853069 18 1747
14260 853348 18 1689
14282 854156 18 1776
14304 853125 20 1851
14327 853356 20 1768
14352 855682 22 1858
14374 856514 19 1810
14402 855827 24 1850
14424 854326 18 1758
14444 853895 17 1788
14465 853215 19 1749
14486 853975 17 1733
14507 855066 18 1749
14533 855086 23 1825
14556 855683 20 1812
14578 857333 19 1825
14605 854639 23 1816
14629 855970 20 1782
14650 854512 18 1761
14673 852044 20 1816
14694 854560 18 1744
14714 854066 17 1718
14736 854149 19 1802
14757 852563 18 1729
14776 852074 17 1705
14800 855907 20 1782
14824 856803 20 1749
14847 853653 21 1807
14870 853034 20 1749
14892 854678 18 1803
14915 855878 21 1899
14937 853020 19 1780
14958 855484 18 1751
14979 853908 18 1767
15006 854628 24 1753
15034 855564 23 1842
15053 851844 17 1693
15074 851507 18 1706
15097 856322 19 1775
15118 854096 18 1713
15140 856792 19 1849
15162 853423 19 1801
15182 853125 17 1697
15208 856572 23 1831
15232 854667 21 1769
15258 853303 22 1771
15278 852603 17 1719
15300 855869 19 1784
15323 853518 19 1797
15344 853554 19 1834
15368 855295 20 1797
15391 852851 20 1726
15415 854792 21 1697
15438 856142 20 1778
15462 851901 20 1737
15484 854110 19 1791
15507 852973 19 1815
15530 854290 20 1821
15552 855192 19 1731
15573 852989 18 1745
15598 854296 22 1881
15623 850278 22 1712
15645 853668 19 1717
15667 855337 19 1798
15691 857270 21 1830
15714 854097 20 1774
15735 853451 18 1742
15756 853773 18 1729
15776 854059 17 1595
15801 855307 21 1791
15826 854169 22 1798
15849 851963 20 1749
15870 854054 19 1831
15892 852368 18 1790
15913 855246 18 1776
15935 852342 19 1797
15958 854369 20 1817
15979 853669 18 1773
16002 853517 20 1784
16027 854117 22 1811
16049 854092 19 1756
16069 850552 17 1642
16094 854514 21 1747
16119 855297 22 1928
16141 855524 19 1806
16163 855337 19 1793
16182 855256 17 1712
16207 855832 22 1749
16239 853765 29 1839
16261 851952 19 1756
16285 853057 21 1797
16307 853367 19 1797
16327 853819 17 1673
16348 854720 18 1785
16370 854264 19 1629
16393 851383 20 1759
16415 854868 19 1756
16440 852287 22 1784
16464 856048 21 1884
16486 853751 19 1766
16508 855720 18 1752
16528 852915 18 1680
16550 855318 18 1803
16573 856066 20 1821
16595 855041 19 1819
16618 856095 20 1850
16643 851295 22 1778
16665 856321 19 1816
16686 854274 18 1805
16706 852549 18 1723
16728 852434 19 1724
16751 855293 20 1780
16773 856709 19 1821
16794 853968 19 1704
16819 854767 22 1833
16845 855403 23 1796
16866 854087 18 1739
16889 853643 20 1741
16912 854462 19 1813
16933 854945 19 1755
16956 855416 19 1844
16976 855681 18 1726
16999 854361 20 1808
17022 852300 20 1763
17046 852421 21 1716
17067 855917 17 1709
17088 855866 19 1739
17112 853435 20 1771
17134 853751 19 1744
17155 853589 18 1763
17176 854217 18 1769
17198 855071 19 1793
17220 851541 19 1680
17249 855875 26 1802
17271 854820 19 1803
17293 855141 19 1796
17315 854652 20 1828
17338 854201 19 1809
17358 854433 18 1744
17380 854721 18 1764
17401 852709 18 1701
17426 854475 22 1792
17452 855571 23 1723
17476 855753 20 1793
17497 852007 19 1797
17519 853259 18 1720
17541 853761 18 1830
17563 852588 19 1756
17585 853450 20 1783
17606 854832 18 1786
17629 855663 20 1785
17654 851857 22 1711
17675 854971 18 1697
17695 854727 18 1832
17719 854967 21 1822
17741 853962 19 1800
17763 854487 19 1776
17787 857114 21 1904
17810 852626 19 1802
17832 853050 19 1764
17860 856232 25 1863
17880 854172 18 1735
17904 853406 21 1751
17925 853350 18 1744
17949 853674 21 1878
17971 854451 19 1793
17992 852075 18 1778
18015 855642 20 1777
18037 855565 20 1830
18062 851342 22 1751
18083 852409 18 1712
18104 852632 18 1774
18127 855471 20 1848
18147 852051 16 1693
18167 854697 18 1732
18189 852563 19 1748
18211 854785 19 1764
18233 853818 19 1791
18261 852466 25 1793
18282 854343 18 1796
18303 856057 18 1750
18325 852979 19 1709
18347 855762 19 1798
18368 851574 18 1785
18388 855359 18 1733
18410 855066 19 1799
18433 853725 19 1745
18461 855641 25 1880
18485 852750 20 1794
18508 855192 21 1882
18531 855938 20 1886
18555 853138 20 1774
18576 853821 19 1771
18598 855370 18 1753
18620 854895 19 1797
18642 856623 19 1786
18666 855724 21 1697
18689 854132 20 1770
18710 853867 18 1680
18733 856026 20 1741
18753 853797 17 1683
18775 853679 19 1815
18798 855553 20 1770
18818 850199 18 1686
18840 853755 18 1781
18867 852142 24 1766
18893 852974 22 1758
18914 853647 18 1751
18936 855800 19 1804
18958 856367 19 1820
18981 853701 19 1756
19002 852149 19 1685
19023 852236 18 1714
19044 853309 18 1770
19068 853048 21 1736
19090 851901 18 1717
19111 852199 18 1769
19135 853996 21 1833
19157 854535 18 1811
19178 854228 19 1717
19201 856525 20 1805
19222 854998 18 1757
19243 856050 18 1727
19269 854299 23 1803
19292 853036 19 1760
19315 852478 20 1816
19337 852726 18 1737
19358 855825 18 1825
19379 853655 18 1747
19402 856397 19 1804
19424 856382 19 1860
19445 854830 18 1789
19474 855536 26 1862
19499 855324 22 1830
19521 854206 19 1772
19544 853626 20 1816
19565 854629 19 1820
19590 855252 22 1863
19613 855305 20 1815
19634 854541 18 1821
19663 854862 21 1807
19688 852154 21 1773
19710 853655 19 1768
19732 857269 20 1873
19754 852231 18 1746
19775 854491 18 1791
19796 854510 18 1759
19816 850359 17 1646
19838 856123 20 1846
19860 853384 19 1815
19883 850107 20 1688
19906 855837 20 1761
19928 855845 18 1777
19950 854253 20 1704
19972 854658 19 1819
19996 853109 20 1839
20016 854876 18 1775
20037 850649 18 1700
20058 853270 18 1770
20084 853329 23 1818
20111 855653 24 1793
20135 857032 21 1795
20158 855508 20 1868
20180 854390 19 1888
20202 855185 19 1771
20225 857005 20 1815
20246 853565 18 1735
20273 854119 24 1809
20297 855728 21 1785
20319 854565 19 1714
20339 851116 17 1692
20361 852223 19 1808
20383 854809 19 1786
20403 852600 18 1750
20426 855044 19 1755
20448 855411 19 1836
20469 852014 18 1686
20495 853709 22 1784
20519 854216 20 1804
20540 853021 18 1723
20564 855241 21 1865
20586 854377 19 1819
20607 852778 18 1758
20632 856994 22 1876
20653 853710 18 1748
20676 854248 20 1735
20701 854877 22 1747
20722 852696 18 1763
20743 853830 17 1737
20765 854502 20 1773
20786 851971 18 1772
20807 852846 18 1771
20830 853398 20 1828
20851 852199 18 1812
20875 855186 21 1849
20904 854950 25 1736
20926 854975 19 1810
20949 855096 21 1892
20973 853610 20 1763
20992 852740 16 1657
21016 852874 18 1761
21038 855656 19 1803
21060 856233 19 1736
21084 853036 21 1842
21110 852965 23 1770
21131 855189 19 1756
21154 854491 19 1751
21176 855209 18 1797
21196 855072 18 1742
21218 853447 19 1821
21241 854909 20 1791
21263 854465 19 1777
21286 855644 20 1731
21313 853071 24 1747
21333 851330 17 1651
21357 854352 20 1789
21379 854198 18 1785
21400 853057 18 1738
21420 854594 17 1749
21445 854019 22 1824
21465 854491 17 1713
21489 853729 20 1751
21516 853335 25 1785
21538 854540 18 1833
21560 854506 19 1804
21582 854707 19 1796
21606 853235 21 1833
21628 854442 19 1908
21649 853724 18 1813
21671 851912 19 1697
21695 854043 21 1842
21723 855709 25 1778
21745 851977 19 1744
21766 854522 18 1703
21789 855194 20 1840
21808 853032 17 1716
21828 853685 17 1743
21849 855522 18 1754
21872 856342 20 1804
21895 853703 20 1733
21922 855492 24 1835
21944 854252 19 1815
21964 854474 17 1740
21987 852092 19 1721
22008 852871 18 1789
22030 853795 19 1743
22050 851409 17 1730
22070 850999 17 1701
22094 853232 21 1820
22118 852671 21 1673
22141 853528 19 1776
22164 851891 20 1751
22188 856713 21 1851
22209 854450 19 1846
22230 855576 18 1791
22255 856876 22 1913
22278 854678 19 1834
22302 855112 21 1819
22326 852758 21 1724
22348 855588 19 1802
22398 854334 22 1796
22419 855398 19 1755
22439 853730 17 1708
22462 854370 20 1859
22483 855442 18 1719
22504 853939 18 1708
22532 853361 25 1775
22555 855083 19 1847
22576 855185 19 1723
22601 854363 21 1825
22621 852785 18 1792
22642 854698 18 1793
22664 853019 18 1856
22685 853847 18 1749
22707 852618 20 1749
22734 853221 23 1689
22755 854614 18 1786
22780 853039 22 1755
22802 853862 19 1730
22825 856249 20 1840
22846 854008 19 1824
22869 853279 20 1715
22890 854842 18 1798
22913 853512 19 1712
22939 853766 23 1757
22964 852521 21 1763
22986 854735 20 1866
23011 856743 21 1806
23034 853325 20 1785
23056 854437 19 1776
23079 857240 20 1866
23101 852645 18 1784
23127 855738 24 1795
23152 857497 21 1832
23175 856559 20 1871
23197 853032 19 1749
23218 855740 19 1805
23242 857113 20 1875
23265 855618 21 1847
23285 855108 17 1705
23310 854134 22 1899
23338 854983 25 1811
23359 854932 18 1742
23381 853820 19 1819
23403 853312 19 1720
23425 853181 19 1766
23447 851952 19 1718
23467 853201 17 1699
23489 852289 18 1757
23509 851346 18 1715
23537 854518 25 1839
23559 854283 18 1780
23581 853959 18 1793
23603 854422 20 1841
23624 853817 18 1761
23645 851238 18 1716
23666 854243 18 1774
23687 855208 18 1778
23710 853886 19 1792
23732 850374 19 1690
23757 854906 21 1847
23778 854190 18 1738
23801 854191 20 1782
23822 854260 18 1771
23846 853662 20 1832
23867 854070 19 1822
23889 854154 19 1786
23912 856559 20 1784
23936 855801 21 1826
23965 855050 24 1846
23986 853549 18 1718
24008 855534 19 1766
24028 852260 17 1717
24048 852202 17 1654
24070 852732 19 1799
24091 854947 19 1830
24113 854344 19 1746
24136 855114 20 1738
24160 854028 21 1633
24183 853223 20 1758
24206 855696 20 1745
24226 852093 17 1685
24249 853626 20 1795
24271 854338 19 1724
24292 853275 18 1768
24313 855998 19 1753
24336 852415 20 1653
24361 853662 21 1738
24382 852887 18 1792
24404 857070 19 1742
24426 853274 19 1751
24447 853273 18 1750
24468 854417 18 1766
24489 850697 18 1777
24510 853263 18 1772
24533 854586 20 1739
24562 853111 26 1836
24586 855791 20 1858
24609 853978 20 1847
24630 852392 18 1726
24652 851253 19 1694
24676 855989 20 1879
24697 857106 19 1832
24719 854077 19 1720
24742 853497 20 1676
24772 854255 27 1869
24794 853510 19 1841
24817 855493 20 1799
24838 854356 18 1761
24861 854951 20 1835
24881 853905 18 1762
24904 852306 19 1732
24925 855005 18 1769
24947 855391 19 1775
24972 851844 22 1713
24996 854817 21 1793
25020 852626 21 1906
25044 854725 21 1796
25066 856912 18 1737
25087 851385 18 1679
25110 852058 19 1771
25132 850621 20 1792
25157 854602 21 1880
25186 856201 25 1795
25207 854364 18 1779
25228 854887 19 1768
25249 852498 17 1788
25272 856460 20 1865
25293 852223 17 1769
25313 853507 17 1717
25335 855289 19 1760
25362 856020 24 1750
25386 855243 20 1764
25410 853407 20 1785
25432 855722 19 1715
25453 853691 18 1799
25476 855508 20 1842
25497 853522 18 1772
25519 856313 19 1872
25540 854619 19 1876
25566 852027 23 1836
25589 854357 19 1785
25613 853450 21 1794
25637 854475 21 1837
25658 854159 18 1719
25679 853519 18 1758
25700 855534 18 1799
25722 851884 19 1861
25742 854525 18 1769
25765 853368 20 1781
25792 854851 23 1895
25814 855434 18 1785
25834 852296 17 1714
25855 851899 19 1778
25877 853748 19 1835
25898 855924 18 1836
25920 855178 18 1729
25942 853608 19 1762
25965 855468 20 1791
25992 854790 24 1785
26015 854747 20 1801
26036 852897 18 1717
26060 854503 21 1818
26084 853938 21 1728
26104 852877 17 1744
26126 854490 19 1821
26148 855811 18 1752
26172 853326 21 1769
26195 850645 19 1722
26217 856811 19 1775
26238 852029 18 1741
26259 853255 18 1795
26281 855575 18 1803
26303 853893 19 1825
26326 854834 20 1793
26347 854571 19 1758
26369 852350 19 1722
26394 853131 22 1740
26416 855240 19 1830
26438 851495 18 1737
26460 854812 20 1776
26481 854081 18 1767
26504 857667 20 1875
26525 854533 18 1814
26546 854686 18 1801
26568 850835 19 1693
26599 854672 27 1819
26620 854032 18 1785
26643 854924 20 1826
26663 853452 17 1724
26689 856571 23 1869
26710 854854 18 1795
26733 856776 19 1818
26754 853333 18 1746
26778 856612 21 1789
26803 853160 21 1691
26826 853852 20 1797
26847 853572 18 1821
26869 854704 19 1836
26892 854603 20 1800
26915 854194 19 1803
26937 854831 19 1831
26957 850751 18 1701
26980 855714 19 1718
27005 854437 22 1758
27027 853683 19 1769
27048 854990 18 1818
27069 855659 18 1844
27092 855074 19 1734
27111 855174 17 1744
27131 854068 17 1688
27152 855250 18 1797
27177 856281 22 1828
27205 855916 24 1866
27225 853771 17 1752
27246 854650 18 1796
27268 854951 19 1800
27290 853033 19 1716
27310 853774 17 1705
27331 852929 17 1750
27353 854813 19 1765
27376 853664 20 1760
27402 852464 23 1773
27425 855090 19 1767
27446 852031 18 1769
27470 852237 21 1750
27491 852777 17 1715
27512 852664 19 1768
27535 854173 20 1846
27557 853758 18 1727
27579 854540 20 1718
27606 855234 23 1824
27630 855476 21 1931
27653 856581 20 1856
27677 856111 21 1848
27700 853531 20 1806
27722 853787 19 1818
27742 853055 17 1724
27762 854333 17 1673
27787 856523 21 1831
27817 854137 28 1790
27839 855539 19 1838
27860 855947 18 1754
27882 857091 19 1747
27905 854143 20 1779
27927 853466 19 1757
27948 853318 18 1743
27969 852575 18 1805
27993 853044 21 1728
28021 856746 25 1821
28043 852424 19 1739
28064 854511 18 1759
28086 855740 19 1774
28108 855036 19 1746
28130 853388 19 1736
28151 854674 18 1686
28175 856762 21 1896
28197 855919 19 1800
28223 853441 22 1729
28245 853403 19 1820
28268 852373 20 1859
28290 853577 20 1815
28311 852751 18 1769
28336 856627 21 1914
28357 851377 19 1783
28379 854020 18 1817
28400 855705 19 1753
28426 854217 22 1822
28447 853551 18 1721
28469 855289 19 1860
28489 855509 17 1712
28512 853041 20 1745
28535 851848 20 1787
28557 854961 19 1827
28579 854326 19 1835
28602 855017 20 1813
28626 855309 22 1796
28648 856408 19 1792
28671 851995 19 1746
28692 856273 19 1821
28713 856056 17 1756
28734 854348 18 1723
28758 853306 21 1794
28780 856192 20 1795
28803 855229 20 1811
28831 855006 25 1793
28851 857194 17 1771
28871 853124 17 1676
28894 857379 19 1849
28916 854524 19 1830
28940 857224 21 1891
28962 855957 18 1742
28983 853602 18 1744
29006 854385 20 1712
29030 852298 22 1721
29054 854407 21 1817
29077 850887 19 1835
29098 853268 19 1712
29119 852364 17 1724
29142 855750 20 1852
29165 854012 19 1728
29188 855757 20 1846
29214 857749 23 1837
29242 854518 25 1735
29263 854019 18 1715
29287 852995 21 1834
29308 854261 18 1730
29328 851055 17 1720
29350 855555 18 1824
29371 850686 18 1750
29393 852544 19 1797
29415 853565 19 1786
29439 853860 20 1704
29462 853181 20 1753
29485 855264 20 1828
29508 853492 19 1799
29528 852083 18 1730
29550 854062 18 1738
29570 854490 18 1743
29591 852154 18 1753
29612 854012 18 1788
29639 854976 24 1792
29663 852965 21 1881
29684 852990 18 1755
29706 855378 19 1760
29726 853213 17 1732
29748 855658 18 1798
29770 853027 19 1801
29792 854180 19 1909
29815 853923 20 1807
29840 854745 22 1803
29861 854915 17 1742
29884 856681 20 1857
29905 853651 18 1775
29929 855120 21 1845
29952 855044 20 1779
29975 854460 21 1801
29999 854597 21 1835
30021 853841 19 1775
30046 855105 22 1756
30068 855461 19 1812
30088 851969 18 1699
30110 855532 19 1807
30132 858262 19 1777
30155 857780 20 1903
30176 854060 18 1742
30199 853475 20 1826
30222 851177 20 1705
30249 857544 23 1892
30272 854383 20 1748
30299 855617 24 1806
30320 858441 19 1806
30341 852744 18 1681
30363 853884 18 1774
30384 853669 19 1826
30406 851137 19 1770
30430 854526 20 1771
30457 855190 24 1776
30485 855732 24 1795
30512 853186 23 1655
30542 854295 26 1779
30567 854228 21 1729
30592 854106 22 1765
30615 851802 19 1706
30640 856903 22 1841
30666 851299 21 1738
30697 856098 28 1828
30723 855598 23 1772
30744 853975 18 1745
30767 853232 20 1741
30796 854714 25 1771
30820 854264 21 1716
30845 852722 22 1691
30870 856196 20 1783
30897 854328 24 1830
30922 851967 21 1781
30946 854789 21 1762
30969 851555 19 1817
30997 853991 25 1874
31020 852753 20 1735
31043 852928 20 1831
31073 854221 26 1724
31096 853465 19 1783
31121 852136 22 1733
31147 853073 22 1742
31169 853115 19 1744
31196 855186 24 1801
31220 851852 20 1722
31245 853234 21 1689
31275 854138 27 1858
31301 853227 22 1765
31326 855044 22 1839
31347 854349 18 1688
31371 854080 21 1748
31395 853817 21 1759
31420 857192 22 1761
31444 854317 20 1751
31473 855467 26 1781
31496 854169 19 1741
31520 853350 21 1774
31545 855782 23 1814
31571 852847 22 1837
31593 853246 19 1742
31616 855216 20 1849
31638 854682 18 1764
31665 854557 23 1830
31687 854988 19 1802
31709 853524 19 1758
31730 853780 18 1743
31751 853289 18 1792
31773 851604 19 1818
31795 852976 19 1782
31816 854397 18 1759
31838 854181 19 1756
31865 851962 24 1727
31890 853382 21 1818
31911 853732 18 1725
31932 855944 19 1803
31952 850583 17 1707
31976 854992 21 1808
31998 854212 19 1789
32019 853737 17 1777
32041 854809 19 1792
32065 853661 22 1740
32089 853503 19 1774
32111 853297 19 1760
32131 855109 17 1763
32153 855562 19 1764
32175 853391 19 1777
32197 855453 18 1794
32218 853411 18 1748
32238 855884 17 1774
32261 854644 20 1796
32286 852883 22 1830
32307 853582 17 1752
32329 855445 19 1793
32350 854263 18 1771
32371 854687 17 1740
32392 855137 18 1810
32414 852975 20 1783
32437 855217 20 1808
32459 853200 19 1717
32484 856672 22 1819
32506 851841 19 1780
32525 851747 17 1672
32546 854179 18 1752
32568 854482 19 1797
32592 856050 21 1890
32612 853155 18 1762
32633 853880 17 1684
32654 852751 19 1773
32679 851835 21 1752
32701 852494 19 1709
32722 853105 18 1722
32745 855383 20 1714
32770 855679 22 1922
32793 853543 20 1835
32816 854876 19 1793
32840 853536 22 1841
32862 855099 19 1774
32888 853445 22 1794
32910 854640 19 1781
32932 853697 19 1729
32955 855354 20 1886
32976 854083 18 1714
32997 851791 18 1692
33018 854552 18 1692
33040 853494 19 1757
33063 853940 20 1825
33093 854539 27 1807
33115 852832 18 1666
33135 852571 17 1722
33158 856687 20 1828
33182 854682 20 1854
33204 855163 20 1812
33229 854195 21 1813
33251 854413 19 1819
33275 855816 21 1841
33301 854287 23 1767
33324 852261 19 1809
33346 853646 19 1759
33367 855236 18 1783
33390 854944 20 1840
33412 853961 18 1778
33432 853169 18 1775
33453 852729 18 1783
33476 850761 20 1655
33503 853129 24 1715
33526 852939 20 1765
33547 853401 18 1793
33569 851529 19 1672
33589 853598 17 1624
33611 852923 18 1708
33635 857163 21 1857
33657 857252 19 1804
33679 854780 19 1617
33707 854529 25 1821
33729 853624 19 1771
33749 855703 18 1745
33772 853874 19 1744
33794 854146 20 1801
33816 852629 19 1766
33836 855294 17 1736
33856 854888 17 1747
33880 857360 21 1815
33907 853537 24 1852
33929 855848 19 1857
33951 853897 19 1770
33972 852697 17 1728
33993 856000 19 1801
34016 852083 20 1753
34037 852848 18 1724
34059 854524 19 1846
34081 855688 19 1762
34107 855328 22 1729
34129 855047 19 1824
34153 855013 20 1797
34174 855652 18 1683
34195 852380 19 1743
34218 854002 19 1775
34238 853376 17 1709
34259 855583 18 1738
34282 854028 20 1816
34309 854615 23 1725
34332 853333 19 1739
34355 853268 21 1785
34378 855521 19 1772
34399 854301 19 1835
34423 852838 20 1779
34445 854085 19 1761
34467 851285 19 1697
34490 851941 21 1796
34519 855130 25 1766
34543 856668 21 1815
34566 854986 20 1791
34588 855038 19 1799
34612 855120 20 1875
34634 854776 19 1770
34655 853902 19 1753
34676 852889 18 1731
34699 854519 20 1779
34725 855685 23 1808
34746 852667 18 1743
34769 855733 19 1830
34791 856933 20 1768
34814 855641 20 1826
34838 855746 21 1813
34860 854346 19 1820
34881 851990 17 1727
34902 855588 19 1720
34928 854006 22 1722
34950 855978 18 1741
34971 853505 19 1758
34993 853687 18 1764
35016 855255 20 1808
35039 853520 20 1830
35060 854184 18 1746
35082 853271 19 1772
35104 854268 20 1777
35128 854537 21 1698
35150 853751 19 1856
35172 853895 19 1716
35193 853596 18 1774
35213 853115 17 1688
35237 853459 20 1809
35259 854548 19 1800
35280 855689 18 1762
35302 853698 19 1737
35328 856672 23 1756
35351 855014 20 1718
35373 853770 19 1773
35398 854762 21 1832
35419 851961 18 1733
35440 853891 18 1821
35461 853222 18 1754
35483 854295 19 1834
35505 853448 19 1742
35532 855257 24 1803
35553 854767 18 1811
35575 855910 19 1779
35595 853879 17 1742
35617 851477 19 1742
35640 854884 20 1834
35660 853289 17 1712
35682 854369 19 1730
35703 856201 18 1760
35732 854764 26 1805
35755 854305 19 1871
35777 852830 18 1760
35797 854688 18 1732
35819 854767 18 1746
35839 852771 17 1687
35859 853649 17 1644
35881 852107 19 1718
35902 853181 18 1694
35927 855964 22 1849
35949 855078 18 1749
35971 854187 19 1790
35995 854968 21 1822
36015 853050 17 1700
36038 856636 20 1785
36058 855436 18 1817
36079 851984 17 1677
36099 852958 18 1721
36120 853555 18 1666
36147 854145 23 1815
36169 853816 19 1714
36189 855228 17 1732
36210 854363 18 1726
36232 855381 19 1854
36253 854729 18 1783
36274 853862 18 1801
36295 855150 19 1754
36318 855915 20 1841
36343 854372 21 1749
36364 854921 19 1814
36386 855162 19 1821
36406 856448 18 1810
36429 854127 19 1884
36450 855565 18 1749
36472 853974 19 1784
36491 851405 16 1698
36512 853687 18 1758
36536 853505 21 1697
36559 853246 19 1769
36581 855659 18 1758
36605 853625 21 1811
36626 854293 18 1765
36647 852200 19 1754
36669 853409 18 1770
36690 853421 19 1816
36711 853693 18 1738
36737 855013 22 1842
36763 855034 22 1818
36784 853483 18 1787
36806 853068 19 1748
36827 852700 18 1761
36848 855591 18 1829
36869 854923 18 1695
36891 853342 19 1806
36910 854851 17 1679
36937 852802 24 1793
36962 852393 20 1710
36984 851337 19 1701
37006 857104 20 1857
37033 854783 24 1807
37053 854434 17 1675
37074 853310 18 1776
37097 854874 19 1804
37116 853393 17 1708
37140 853918 21 1769
37166 854700 21 1833
37186 852087 17 1704
37209 855383 19 1797
37230 852442 18 1775
37251 851706 19 1743
37273 854506 18 1748
37294 854596 18 1752
37315 853555 19 1783
37339 854661 21 1720
37362 851984 20 1639
37384 853835 19 1778
37408 856721 21 1840
37428 853596 17 1737
37448 853847 17 1779
37469 854366 18 1697
37492 854813 19 1795
37516 856995 21 1851
37537 853582 18 1725
37562 852882 22 1737
37583 853764 18 1743
37605 851938 18 1740
37625 851882 18 1733
37646 853004 18 1758
37666 851857 18 1769
37690 853140 20 1895
37710 851572 18 1688
37731 852671 18 1759
37756 851809 21 1774
37783 852917 22 1852
37809 854856 23 1830
37832 852676 19 1703
37855 854555 21 1797
37876 855743 18 1763
37901 853495 22 1840
37924 856181 20 1885
37948 854747 20 1781
37969 855531 18 1738
37994 851216 20 1765
38019 852953 22 1763
38040 856602 19 1800
38063 853948 20 1759
38086 853742 20 1857
38108 854181 19 1833
38130 854164 19 1791
38153 856308 20 1834
38181 852348 24 1754
38203 852773 19 1749
38225 850784 19 1704
38247 855569 19 1824
38267 852159 17 1716
38289 855466 19 1828
38312 857973 20 1849
38337 854354 21 1808
38361 854666 21 1715
38385 852423 20 1757
38407 854748 19 1784
38429 856718 19 1806
38450 854145 18 1789
38473 854898 19 1853
38496 856027 21 1788
38518 853187 18 1794
38539 853986 19 1783
38563 855197 20 1760
38589 855667 22 1767
38610 853488 18 1801
38631 852790 18 1729
38653 852983 19 1739
38673 853531 17 1702
38694 853749 18 1757
38715 854331 18 1791
38736 855152 18 1797
38759 857069 20 1860
38783 855340 21 1810
38805 852568 18 1726
38826 853752 18 1785
38846 855021 17 1718
38869 855794 20 1795
38889 854902 17 1698
38911 854886 19 1827
38931 855456 17 1719
38955 851075 21 1741
38979 853124 21 1772
38999 852051 16 1658
39021 851616 19 1781
39045 855630 21 1891
39066 853347 18 1708
39086 854646 18 1734
39109 856357 20 1831
39130 853943 19 1864
39151 853076 18 1765
39177 853988 23 1827
39200 853504 18 1757
39224 852568 20 1822
39247 856091 20 1849
39270 853873 20 1863
39291 855651 19 1879
39313 852227 19 1728
39333 853098 17 1716
39356 853294 20 1769
39384 853930 24 1749
39408 854940 20 1824
39430 856307 19 1839
39451 852965 18 1774
39473 854991 19 1843
39495 855868 18 1770
39517 853971 19 1742
39538 855665 19 1790
39558 852339 17 1706
39583 853383 21 1718
39608 851393 22 1740
39631 854368 19 1843
39654 854650 20 1784
39676 854290 19 1820
39697 852822 18 1782
39718 853492 18 1771
39739 853908 19 1817
39761 852835 18 1761
39787 854471 24 1843
39812 854908 21 1924
39832 851214 17 1699
39854 853805 18 1780
39877 854033 20 1780
39898 854433 18 1757
39919 853149 19 1703
39941 853837 19 1824
39960 850145 17 1634
39984 853005 20 1778
40009 853853 20 1787
40030 854483 19 1797
40051 853199 18 1774
40073 855455 19 1911
40118 855609 19 1796
40139 853424 18 1733
40159 855083 17 1771
40183 856032 21 1784
40209 853972 22 1758
40230 856351 18 1778
40254 854712 21 1764
40277 854143 20 1820
40298 855303 18 1738
40318 854847 18 1787
40341 852760 20 1802
40362 855840 18 1748
40385 854394 20 1786
40411 852765 23 1815
40433 852584 19 1701
40456 854326 20 1788
40480 854616 21 1790
40501 853141 18 1723
40522 852745 18 1763
40543 853706 18 1776
40564 854754 18 1846
40588 852531 21 1771
40616 856808 24 1839
40637 854205 18 1769
40659 854385 19 1754
40680 853286 18 1702
40701 854077 18 1766
40723 853657 19 1840
40745 856266 19 1854
40766 854072 18 1810
40787 856989 18 1737
40816 854722 25 1860
40838 856344 19 1793
40858 852105 17 1741
40879 854108 18 1774
40901 853970 19 1739
40921 853114 17 1688
40943 855495 19 1794
40963 852166 17 1735
40985 853023 19 1747
41011 853700 23 1769
41033 853190 19 1753
41055 853278 19 1774
41079 854453 21 1748
41101 854135 19 1840
41123 854598 19 1799
41145 855198 19 1838
41167 853942 19 1858
41190 852214 20 1859
41214 852295 21 1658
41236 850963 18 1709
41258 854040 19 1772
41279 852316 18 1794
41301 855358 19 1825
41324 854655 21 1815
41345 851239 18 1782
41366 853676 17 1729
41387 854376 19 1759
41412 853118 21 1696
41435 854302 19 1751
41458 852136 19 1818
41481 855091 21 1772
41505 854655 20 1840
41527 856042 19 1747
41551 853279 21 1851
41573 853458 19 1761
41598 857966 22 1852
41625 855146 24 1798
41647 853885 19 1771
41670 853177 20 1749
41692 852570 18 1775
41713 855962 19 1822
41734 854757 18 1768
41755 854982 18 1701
41777 853892 18 1765
41798 853115 19 1661
41824 854971 23 1904
41846 856406 19 1791
41867 851490 18 1761
41889 856658 18 1744
41911 854773 19 1834
41933 852930 19 1727
41954 855002 18 1819
41974 852336 18 1710
41994 856007 17 1719
42017 855472 20 1756
42045 854008 24 1737
42070 855945 21 1821
42091 851412 18 1682
42112 855675 19 1789
42137 855387 21 1772
42160 857516 20 1879
42183 854426 20 1845
42207 855555 20 1762
42232 852758 22 1720
42255 853354 18 1755
42276 855817 18 1780
42299 852372 20 1712
42320 855160 18 1723
42341 855281 18 1771
42362 853091 18 1832
42385 853853 19 1794
42407 853789 19 1753
42434 854134 24 1763
42456 855645 19 1798
42477 853859 18 1716
42499 852887 19 1790
42522 855969 20 1798
42543 854916 18 1795
42564 855097 18 1801
42585 852100 18 1758
42606 855827 18 1789
42632 853556 23 1751
42656 855572 20 1762
42677 852167 19 1773
42699 853776 18 1682
42720 853760 19 1756
42741 856119 17 1697
42761 852718 17 1650
42783 853888 19 1837
42803 852995 17 1746
42826 855761 20 1731
42853 855049 24 1852
42875 855180 19 1794
42898 854786 20 1692
42919 854898 19 1755
42942 854110 20 1797
42964 855628 18 1786
42984 855320 18 1759
43005 852490 18 1760
43026 854066 18 1760
43051 852322 22 1749
43072 852236 18 1739
43093 852417 19 1767
43115 852441 18 1729
43136 853459 19 1823
43159 854988 20 1832
43180 853299 18 1805
43202 856067 19 1775
43227 854708 22 1766
43253 852941 23 1771
43274 853575 18 1772
43297 856039 20 1789
43318 855759 18 1743
43340 855623 19 1838
43361 854286 18 1772
43384 854660 20 1788
43406 854356 19 1801
43432 854857 23 1845
43460 853818 25 1779
43485 856329 21 1816
43506 854331 18 1804
43527 855917 19 1777
43547 852632 17 1717
43569 856562 19 1801
43589 852832 17 1729
43610 853825 17 1709
43632 853393 20 1829
43659 855005 24 1766
43682 854906 19 1837
43706 855280 21 1805
43727 853441 18 1717
43748 852670 19 1770
43769 854853 18 1782
43794 856019 22 1797
43819 856287 22 1811
43843 855701 22 1835
43866 852923 18 1720
43889 855412 19 1861
43911 852936 20 1779
43932 853124 17 1697
43953 853771 18 1713
43975 852731 19 1766
43996 855486 18 1791
44017 853294 18 1764
44040 852015 20 1819
44066 853309 23 1794
44088 853857 18 1726
44110 855626 19 1787
44133 854065 19 1828
44151 853268 16 1648
44174 856377 19 1794
44195 851850 18 1721
44216 855358 18 1803
44239 854436 20 1791
44263 853980 21 1769
44284 853617 18 1754
44306 851293 19 1726
44327 853601 18 1751
44348 854586 18 1782
44369 852929 18 1708
44391 854392 19 1785
44414 854500 19 1757
44437 854716 20 1805
44463 851397 22 1762
44487 853648 21 1814
44510 854836 20 1874
44535 851670 21 1794
44556 853168 19 1699
44579 853910 20 1776
44602 855976 20 1815
44622 853434 18 1754
44647 853429 21 1806
44673 857209 24 1859
44694 855749 18 1775
44715 854170 18 1655
44738 855160 20 1810
44758 852895 17 1730
44779 852609 18 1804
44800 854518 18 1745
44821 854951 18 1806
44841 849721 16 1666
44872 854111 27 1762
44895 854047 21 1728
44918 852198 19 1763
44941 854106 20 1701
44962 852528 19 1827
44985 855659 19 1765
45005 853931 17 1745
45026 854386 18 1767
45049 855857 20 1822
45074 854088 21 1767
45097 855785 20 1814
45119 856939 19 1839
45141 853770 19 1695
45165 854648 20 1844
45186 853254 18 1752
45206 853611 18 1730
45229 852671 20 1730
45252 852692 20 1846
45277 852107 21 1755
45299 853522 19 1746
45321 854042 18 1723
45345 854546 21 1742
45366 854479 19 1761
45387 855769 18 1807
45409 853029 19 1759
45432 855658 20 1885
45454 857099 19 1778
45481 852677 23 1798
45505 855929 20 1808
45530 853236 22 1840
45553 855988 19 1818
45574 854841 18 1742
45595 856461 19 1886
45619 850627 20 1751
45642 854825 20 1798
45665 855140 20 1797
45692 854296 23 1767
45715 853508 20 1683
45737 854635 18 1834
45758 850791 18 1734
45782 854453 20 1814
45803 850870 18 1704
45823 853955 17 1705
45843 853773 17 1737
45866 855500 20 1783
45891 851705 22 1707
45913 855236 19 1792
45935 856513 20 1826
45957 853081 18 1737
45981 855723 21 1823
46002 852135 18 1716
46025 857505 19 1852
46047 854143 19 1813
46071 856353 21 1824
46102 854199 29 1803
46123 855150 18 1731
46144 853701 18 1765
46165 854694 18 1764
46186 853938 18 1814
46210 856256 20 1825
46231 854815 18 1723
46252 852564 18 1756
46274 855084 19 1774
46300 855075 23 1802
46321 855503 18 1757
46342 853407 18 1714
46365 853601 19 1744
46389 854638 20 1823
46410 854371 18 1776
46432 857419 20 1822
46453 853882 18 1721
46477 853839 21 1774
46502 854825 23 1808
46524 853503 19 1775
46548 853879 21 1888
46568 852843 17 1717
46588 852229 17 1681
46611 855970 19 1891
46631 854206 18 1720
46652 854511 18 1770
46676 855268 21 1778
46703 855704 23 1853
46725 852679 20 1789
46747 856299 18 1766
46769 855384 20 1780
46789 852046 17 1689
46814 854593 22 1808
46835 854511 18 1757
46857 851914 19 1712
46882 852702 21 1770
46906 854820 22 1747
46927 855273 18 1713
46951 854893 21 1823
46973 854522 18 1825
46995 854791 19 1799
47019 855844 21 1868
47039 855432 18 1736
47061 854154 19 1788
47086 853661 21 1807
47112 853772 23 1750
47132 853336 17 1687
47153 854465 18 1744
47175 852458 19 1786
47197 853112 19 1805
47219 855698 18 1761
47240 850207 19 1812
47262 853316 18 1768
47284 851306 19 1662
47309 852700 21 1709
47331 855180 19 1783
47354 855333 20 1840
47376 856980 20 1815
47396 853074 17 1664
47419 856617 20 1848
47441 852578 20 1764
47463 855257 19 1778
47486 854611 20 1845
47512 852549 22 1706
47534 856278 18 1767
47556 853136 19 1778
47578 855735 19 1798
47598 854354 17 1654
47618 852254 17 1831
47638 852561 17 1714
47661 852430 20 1835
47682 853426 18 1751
47707 854584 22 1792
47731 853445 20 1794
47753 854609 18 1676
47777 855408 21 1817
47799 854319 19 1779
47820 852296 18 1730
47843 856668 20 1879
47865 855148 19 1790
47888 855031 20 1924
47914 851878 23 1697
47936 851388 18 1753
47956 853908 17 1697
47979 856289 20 1766
48000 852384 19 1748
48023 854304 19 1784
48044 852557 18 1742
48066 855129 19 1777
48088 851752 19 1748
48110 854522 19 1741
48133 851704 19 1661
48153 853211 16 1688
48174 854070 18 1802
48196 854345 19 1742
48217 854257 18 1769
48238 850091 18 1707
48261 853188 20 1778
48282 855042 18 1762
48305 854289 19 1750
48330 855351 22 1785
48351 852764 18 1701
48371 854652 18 1800
48392 853500 18 1741
48415 855816 20 1817
48437 852662 19 1715
48458 856315 18 1769
48479 852771 18 1715
48501 853441 19 1776
48527 854778 23 1745
48549 853135 18 1702
48571 854991 19 1806
48594 854297 19 1779
48615 854984 18 1733
48636 855574 18 1746
48659 852627 20 1819
48680 854101 18 1731
48705 855302 22 1860
48736 854949 28 1799
48758 854519 19 1775
48778 854309 18 1754
48800 854822 19 1818
48821 854387 18 1763
48846 852926 21 1801
48867 850428 18 1759
48889 854814 19 1724
48910 852793 18 1664
48936 856075 23 1843
48959 852794 20 1813
48982 853954 20 1741
49005 852573 18 1768
49026 854458 19 1764
49049 852488 20 1799
49071 853367 19 1762
49092 853492 18 1739
49119 855485 25 1784
49146 856729 24 1835
49169 858026 19 1849
49189 851016 17 1710
49212 854769 20 1789
49234 853997 19 1749
49255 855010 18 1801
49275 855709 17 1748
49296 855272 18 1795
49319 853793 20 1708
49345 853059 22 1735
49366 855224 19 1783
49390 854155 20 1812
49412 853244 19 1764
49432 854733 18 1753
49454 854808 18 1792
49476 853730 19 1745
49497 855832 18 1769
49521 853874 21 1804
49546 853782 22 1758
49569 853520 20 1800
49591 856424 19 1801
49610 851467 16 1646
49632 854067 19 1790
49653 852970 18 1815
49676 854312 20 1795
49698 855357 19 1793
49719 855549 19 1787
49746 851963 23 1716
49769 853426 19 1804
49790 854271 19 1773
49812 851326 18 1666
49834 856312 20 1841
49857 854613 19 1810
49880 856132 20 1827
49901 853459 18 1750
49923 853223 19 1791
49950 855352 23 1754
49973 855814 19 1811
49995 852856 18 1737
50016 853130 19 1700
50037 853132 18 1671
50058 853815 18 1733
50080 854905 19 1772
50102 855932 19 1851
50125 853874 20 1794
50151 854861 22 1797
50175 852912 21 1749
50197 852244 19 1804
50220 855538 19 1815
50242 853966 19 1838
50264 850277 19 1733
50289 853717 23 1839
50311 853473 18 1752
50334 852777 20 1850
50359 853840 23 1799
50380 853293 18 1711
50402 855200 18 1791
50424 855350 18 1783
50445 853434 18 1786
50466 854559 19 1761
50490 855471 21 1786
50512 854614 19 1752
50535 854373 20 1784
50560 855941 22 1851
50581 851753 18 1666
50604 853729 20 1752
50625 854148 18 1732
50646 855462 18 1689
50666 852366 18 1740
50689 853377 19 1808
50708 853735 17 1754
50731 855025 19 1810
50757 855799 23 1729
50781 855220 20 1868
50803 855531 20 1833
50824 854416 18 1749
50846 854655 19 1728
50866 855044 17 1764
50891 855878 21 1820
50913 855954 19 1864
50934 854108 18 1736
50958 854041 21 1792
50982 851838 20 1774
51003 854615 18 1753
51026 854636 20 1718
51048 855640 19 1767
51068 853954 17 1737
51089 855068 17 1717
51110 853985 19 1837
51134 854498 21 1824
51157 855695 20 1786
51183 855609 22 1914
51206 854926 20 1764
51228 854996 19 1796
51251 853859 20 1741
51273 854550 19 1755
51295 855472 19 1848
51317 853575 19 1762
51337 853893 17 1704
51364 853531 24 1799
51388 853166 20 1769
51408 852631 17 1695
51430 854847 18 1802
51452 852460 20 1828
51473 852799 18 1644
51494 854437 19 1771
51516 854697 18 1759
51536 852775 18 1711
51564 853428 25 1841
51589 854618 20 1830
51610 854148 18 1763
51632 850513 19 1683
51653 855616 18 1827
51674 854610 18 1737
51699 854908 22 1908
51720 852832 18 1782
51742 853925 19 1757
51764 851379 19 1695
51790 854061 22 1784
51810 854144 17 1705
51833 857981 20 1832
51854 854081 18 1767
51876 856728 19 1820
51897 853736 18 1807
51917 855759 17 1756
51938 852780 17 1740
51960 851959 19 1729
51984 852504 22 1792
52006 852705 19 1745
52028 853390 19 1762
52049 854264 18 1762
52070 852756 18 1723
52093 854400 20 1768
52114 853618 18 1738
52137 854676 20 1836
52161 854823 21 1859
52186 856192 22 1712
52208 855342 19 1785
52229 853988 19 1729
52252 854083 19 1801
52273 851157 18 1774
52293 855653 18 1780
52315 854196 18 1733
52337 855803 19 1768
52362 854983 22 1839
52389 855697 24 1751
52411 853617 18 1778
52432 854303 18 1762
52455 853945 20 1775
52478 855854 20 1751
52498 855549 18 1773
52523 856311 21 1861
52545 855106 19 1843
52568 853065 21 1759
52600 855880 29 1894
52622 854650 19 1781
52643 854758 18 1757
52664 855441 18 1715
52687 852406 19 1737
52706 852035 17 1624
52730 855015 20 1757
52751 852761 18 1800
52775 855074 21 1827
52800 853502 22 1761
52822 854708 20 1819
52846 852341 21 1801
52866 852030 17 1730
52887 852351 18 1740
52908 855781 18 1741
52930 854520 19 1763
52952 854168 19 1755
52975 852641 20 1751
52999 853478 21 1754
53023 855655 21 1812
53048 854457 22 1734
53070 853795 19 1842
53092 852390 19 1745
53114 855878 19 1837
53134 851471 18 1792
53157 854295 20 1829
53181 856099 21 1812
53203 854580 19 1817
53229 852530 22 1795
53254 853687 21 1777
53279 852775 22 1733
53301 853768 19 1783
53321 856804 17 1707
53340 853550 16 1633
53363 853368 19 1850
53386 855418 21 1853
53412 857125 22 1782
53434 853680 20 1795
53456 853367 19 1771
53476 855010 17 1776
53498 854241 18 1802
53518 850699 17 1719
53539 852877 19 1801
53562 852765 20 1789
53585 855732 20 1824
53612 853977 24 1849
53633 855347 18 1746
53657 854936 21 1847
53678 856533 18 1827
53699 853626 18 1750
53722 853468 19 1805
53744 853429 19 1791
53765 856727 18 1788
53787 854892 19 1743
53818 855635 28 1882
53843 856678 22 1880
53864 854802 19 1761
53885 854283 18 1748
53908 855340 20 1788
53930 852962 19 1801
53952 853383 19 1792
53972 851514 16 1643
53995 854470 20 1765
54020 857159 22 1782
54042 853864 19 1753
54065 855987 21 1846
54088 854779 20 1874
54111 854661 20 1867
54134 855805 21 1849
54155 855603 18 1789
54176 854762 18 1809
54199 851000 20 1697
54226 855505 24 1886
54249 853404 20 1837
54272 853559 19 1721
54295 854841 20 1750
54316 855267 19 1733
54339 853462 20 1815
54362 853853 20 1822
54384 854288 19 1774
54406 854635 19 1725
54432 854441 22 1847
54455 853884 19 1783
54476 855183 19 1770
54499 853160 19 1759
54520 851808 18 1754
54540 852155 17 1665
54562 853222 19 1764
54584 854278 19 1831
54606 855242 19 1761
54632 853967 23 1724
54654 855070 19 1751
54676 856515 19 1799
54697 852872 18 1749
54718 851880 17 1695
54737 850606 16 1647
54756 854231 17 1779
54778 852749 18 1742
54803 854788 23 1791
54830 856020 24 1799
54851 853633 17 1742
54875 856479 21 1887
54896 854302 18 1771
54917 852735 18 1787
54939 855577 19 1833
54961 852441 19 1800
54983 853422 19 1721
55007 856449 22 1809
55032 853269 22 1728
55055 855106 20 1871
55076 852835 18 1726
55099 856033 20 1840
55122 853294 20 1835
55143 854411 18 1810
55162 853886 16 1740
55183 853908 18 1804
55205 853038 18 1760
55235 857347 27 1820
55257 855975 18 1812
55277 853631 17 1746
55298 852046 19 1792
55323 854406 21 1780
55344 855164 19 1785
55366 854357 18 1788
55387 853132 18 1781
55409 852843 19 1782
55434 853051 22 1840
55459 855226 21 1874
55482 855421 21 1780
55505 854638 19 1806
55526 854366 18 1743
55549 855805 20 1898
55571 851974 19 1780
55592 852718 18 1719
55615 852944 21 1783
55640 855662 22 1802
55664 854183 21 1773
55687 855024 20 1867
55708 852968 18 1733
55729 851358 17 1759
55749 855539 18 1789
55770 855447 17 1736
55791 852029 18 1704
55813 854732 19 1739
55837 854785 20 1728
55860 854315 20 1756
55880 855364 17 1729
55901 855095 18 1755
55923 853396 19 1775
55944 853794 17 1771
55966 854822 20 1725
55986 853970 17 1794
56008 855906 19 1812
56031 852137 20 1699
56055 855247 20 1708
56078 855432 20 1951
56100 854848 19 1744
56123 854168 20 1807
56144 852904 18 1770
56166 855247 19 1782
56186 853332 18 1718
56209 853987 19 1904
56231 854450 20 1800
56256 853811 21 1736
56278 853663 19 1768
56298 852847 17 1714
56319 853953 18 1744
56340 855402 18 1822
56361 854492 18 1717
56385 855872 21 1867
56407 854825 19 1827
56430 854465 20 1723
56458 855373 26 1837
56479 853696 18 1752
56501 852818 19 1782
56522 854178 18 1714
56546 851672 20 1792
56568 856193 19 1759
56588 855490 17 1717
56610 853595 19 1722
56635 856246 22 1806
56661 853492 23 1821
56684 853825 20 1811
56707 855088 20 1810
56730 854059 20 1800
56754 856946 21 1825
56776 852548 19 1796
56799 854661 20 1836
56822 852214 20 1842
56848 857329 23 1872
56871 857052 20 1848
56894 855676 19 1718
56916 850331 19 1801
56940 855187 21 1744
56961 852722 19 1763
56983 854313 19 1819
57005 853276 19 1758
57026 853425 18 1735
57049 854825 20 1751
57074 854570 21 1755
57096 854998 19 1780
57121 853115 22 1839
57145 856852 21 1902
57166 852166 18 1783
57187 856241 18 1748
57208 853808 18 1774
57230 853521 19 1780
57252 854523 19 1782
57276 852750 21 1764
57301 854520 21 1820
57325 854220 21 1811
57345 854359 17 1765
57366 854403 19 1811
57388 854918 19 1780
57410 854042 19 1803
57432 854857 20 1847
57455 852241 20 1779
57479 851886 21 1685
57502 856163 20 1871
57523 855157 19 1830
57545 853282 18 1744
57566 855529 19 1807
57589 855583 20 1781
57610 855965 18 1762
57635 857732 22 1863
57659 855678 21 1838
57685 853389 23 1719
57706 854920 18 1761
57726 854568 17 1681
57749 853327 20 1742
57771 855107 18 1803
57791 852733 17 1716
57812 853066 18 1723
57833 854433 18 1733
57856 855019 20 1817
57889 854014 29 1720
57910 853609 18 1734
57934 853773 21 1768
57956 855878 19 1828
57978 855213 18 1774
57999 852690 19 1754
58021 854497 19 1790
58042 853665 18 1748
58066 854833 21 1884
58091 857017 22 1764
58113 854750 19 1820
58135 856420 19 1826
58158 854026 20 1776
58179 854553 18 1737
58200 853550 17 1702
58223 856069 20 1843
58245 854519 19 1776
58269 854890 21 1898
58293 853084 22 1784
58316 854682 19 1752
58341 855960 22 1865
58363 854003 19 1749
58384 853683 18 1840
58406 856332 20 1864
58427 851896 18 1733
58448 854445 18 1777
58470 853848 19 1743
58496 855204 23 1819
58516 854625 17 1699
58536 855488 17 1737
58559 851518 20 1699
58581 853985 19 1810
58603 856103 19 1796
58625 855371 19 1842
58648 853118 20 1774
58671 857219 20 1815
58698 854421 23 1787
58722 855905 21 1792
58743 852223 18 1718
58765 854364 20 1796
58787 856504 19 1813
58808 855030 18 1797
58832 854511 21 1788
58853 854901 18 1782
58877 855094 21 1759
58903 853705 23 1806
58928 856737 22 1870
58952 852339 21 1784
58973 852926 18 1732
58996 855060 20 1815
59018 853631 19 1829
59039 856144 18 1838
59061 854563 19 1831
59083 852616 19 1695
59112 854962 25 1728
59133 855365 19 1764
59156 854537 19 1731
59178 852921 19 1750
59200 853858 19 1890
59223 854864 20 1850
59245 853655 19 1741
59269 853075 21 1814
59294 854052 21 1836
59317 854722 19 1731
59338 852869 18 1675
59362 855196 21 1777
59383 856067 18 1761
59403 854597 18 1767
59424 852714 18 1799
59447 856863 20 1855
59467 854518 18 1736
59491 855079 20 1794
59519 854726 26 1838
59541 856506 19 1742
59563 854857 19 1767
59584 854967 18 1802
59606 856858 20 1809
59627 851860 18 1756
59648 852275 18 1775
59670 855657 18 1751
59694 856043 21 1818
59718 852612 22 1789
59739 853790 18 1785
59761 854140 18 1785
59782 855666 18 1773
59802 852422 17 1695
59824 852264 18 1762
59845 852795 18 1752
59868 855783 20 1802
59890 856034 19 1786
59916 853743 23 1730
59938 855011 19 1824
59959 855078 18 1728
59985 853979 23 1845
60006 854467 18 1771
60027 856272 19 1798
60049 854372 19 1857
60070 852385 18 1716
60094 856076 21 1803
60119 853514 22 1750
60141 856038 20 1830
60162 854389 18 1731
60184 854728 18 1744
60205 855612 18 1826
60227 855880 19 1763
60249 854185 19 1791
60271 851295 18 1710
60292 853894 19 1794
60318 854177 22 1779
60339 850122 17 1711
60360 853613 19 1792
60380 850538 17 1667
60400 854966 18 1773
60423 856701 19 1825
60445 857416 20 1851
60470 853365 21 1731
60494 854025 21 1832
60525 853689 27 1748
60551 855201 22 1793
60577 854552 23 1794
60600 852530 20 1761
60622 852552 18 1740
60642 852799 18 1729
60663 854979 18 1713
60684 852988 18 1706
60706 852791 20 1725
60729 855640 19 1770
60755 851645 22 1790
60782 855914 23 1808
60803 855475 19 1799
60825 852430 18 1698
60848 855862 20 1830
60872 853933 21 1805
60892 855409 18 1717
60917 855639 22 1821
60941 853508 19 1786
60964 854056 20 1714
60987 855407 20 1836
61007 853229 17 1730
61028 851424 18 1721
61048 853649 17 1730
61069 853206 18 1761
61092 853653 20 1765
61115 851760 20 1735
61141 854241 23 1794
61163 853344 19 1813
61187 857591 20 1854
61207 855375 18 1782
61228 854860 18 1753
61248 850783 17 1751
61270 855125 19 1839
61290 851632 17 1673
61314 854391 21 1820
61341 853776 24 1794
61363 854823 19 1765
61385 851741 20 1694
61407 855604 18 1715
61426 851331 17 1679
61450 854374 20 1916
61473 854515 20 1861
61495 852036 19 1765
61518 854275 20 1795
61543 852334 21 1688
61564 853894 18 1747
61586 854336 19 1787
61607 852409 17 1764
61629 854332 20 1816
61651 853011 18 1697
61672 852096 19 1792
61692 856016 17 1783
61715 855227 19 1790
61746 857453 28 1860
61769 853729 19 1827
61791 852902 19 1675
61814 854445 20 1827
61836 853997 19 1767
61858 852207 18 1829
61879 855125 19 1780
61902 852681 20 1745
61925 855986 20 1817
61951 853033 23 1734
61972 854230 18 1720
61993 852844 18 1741
62014 854065 18 1806
62037 856382 19 1824
62057 854397 18 1788
62079 854312 19 1780
62102 854009 20 1805
62126 851926 20 1709
62149 854620 21 1738
62171 854302 19 1793
62193 854530 19 1774
62214 852383 18 1700
62236 853267 19 1796
62260 853616 20 1844
62281 853311 18 1806
62301 854217 18 1729
62327 855149 22 1845
62354 855733 24 1838
62374 854005 17 1730
62394 853185 18 1762
62417 853726 19 1751
62437 850237 17 1702
62459 855686 20 1828
62480 852186 18 1787
62502 856700 19 1815
62526 855069 21 1819
62552 853397 23 1726
62576 854082 20 1812
62598 855999 19 1750
62618 852713 18 1740
62640 853957 19 1887
62660 852983 17 1704
62679 850185 17 1696
62702 852941 19 1724
62722 853530 18 1738
62748 853283 22 1743
62771 853554 20 1767
62795 857096 21 1864
62817 855595 19 1749
62840 855263 20 1846
62862 853986 19 1813
62884 852683 19 1818
62906 852696 18 1760
62927 855804 18 1728
62950 853317 20 1802
62977 854382 23 1752
62999 855546 18 1765
63022 854362 20 1810
63048 856164 23 1883
63070 854772 19 1760
63091 855204 18 1839
63114 854462 20 1829
63137 855048 20 1754
63163 855080 23 1819
63185 854529 18 1702
63205 854450 18 1802
63227 851952 18 1715
63250 855611 20 1824
63269 851949 16 1691
63287 851725 16 1608
63308 853621 18 1785
63328 853120 17 1710
63351 854586 20 1746
63377 855684 22 1790
63399 850444 19 1718
63423 854403 20 1823
63446 853477 20 1814
63468 855568 19 1808
63490 854276 19 1802
63510 855030 17 1719
63530 852905 17 1670
63554 854132 21 1742
63579 851628 22 1742
63601 854163 19 1812
63622 854713 19 1851
63645 854728 20 1783
63666 855191 18 1740
63687 854235 18 1783
63707 853824 17 1727
63728 850959 18 1740
63751 852620 20 1761
63779 853295 24 1771
63800 856085 19 1815
63821 851942 17 1728
63845 852984 20 1780
63868 853015 20 1799
63889 854084 18 1831
63912 855428 20 1812
63933 855098 18 1800
63957 855183 21 1756
63981 852693 22 1797
64002 854920 18 1710
64023 853771 18 1737
64044 850701 17 1731
64065 856392 18 1860
64086 853918 17 1733
64108 853189 19 1779
64132 852461 21 1829
64154 854087 19 1741
64181 856878 24 1928
64205 856062 20 1895
64227 854442 19 1785
64248 853184 17 1688
64271 853661 20 1769
64290 852849 17 1634
64313 854254 20 1842
64334 853471 18 1774
64356 854326 19 1754
64385 853290 26 1746
64408 854084 19 1800
64431 855782 20 1823
64453 855875 18 1812
64474 853408 18 1753
64498 856188 21 1784
64520 853923 20 1839
64541 856882 18 1742
64564 854229 19 1807
64591 854724 25 1750
64614 855886 20 1804
64636 855491 19 1820
64658 853919 19 1740
64684 855098 23 1908
64705 856367 19 1760
64727 855540 18 1835
64746 851783 16 1630
64769 854451 20 1817
64795 854763 23 1786
64817 853525 19 1695
64837 853256 18 1761
64860 854399 20 1855
64882 853817 19 1752
64904 855788 19 1838
64925 852765 17 1715
64944 851498 16 1661
64966 852393 19 1723
64990 854184 21 1811
65012 855471 19 1758
65032 853634 17 1681
65055 852530 20 1794
65077 853023 19 1803
65099 855690 19 1822
65123 853752 21 1832
65147 853734 21 1822
65172 854736 23 1817
65197 855135 22 1745
65219 855245 19 1823
65241 852996 18 1742
65263 853938 19 1818
65285 854095 19 1769
65308 853793 20 1843
65331 853347 21 1907
65352 852265 17 1759
65374 852880 19 1749
65400 855364 23 1731
65421 855156 18 1790
65442 853825 18 1794
65465 854146 19 1765
65486 851873 18 1713
65508 854416 19 1829
65530 855387 19 1802
65551 855277 18 1745
65572 851969 18 1739
65604 855751 29 1760
65627 853995 19 1796
65649 856192 19 1769
65671 854666 19 1777
65693 853883 19 1733
65717 852726 21 1790
65742 855317 22 1871
65763 853446 18 1772
65785 853232 20 1787
65814 857885 26 1948
65837 855882 20 1861
65861 856385 21 1801
65885 852150 21 1737
65906 855270 18 1732
65928 856784 19 1848
65949 854447 18 1775
65975 856270 23 1940
66002 855317 24 1864
66027 857438 21 1920
66047 852386 17 1691
66070 856380 20 1861
66092 856851 19 1852
66114 851807 19 1770
66138 854954 21 1809
66160 856993 19 1874
66182 854106 18 1811
66208 853924 23 1830
66231 855505 20 1815
66252 853019 18 1750
66275 854737 19 1722
66296 851267 19 1801
66319 854348 20 1749
66341 854431 19 1777
66363 855618 19 1825
66383 854221 18 1689
66409 851860 22 1778
66431 855923 19 1779
66453 855273 19 1781
66476 854630 20 1783
66501 854625 21 1795
66522 852849 18 1761
66544 855857 19 1812
66566 857042 19 1790
66588 856664 19 1786
66614 854610 23 1752
66636 855188 19 1787
66657 851694 18 1775
66679 855445 19 1733
66704 856201 22 1856
66725 851582 18 1783
66747 855064 19 1837
66767 853723 18 1758
66789 853503 19 1757
66815 856419 22 1723
66843 852083 24 1708
66867 853697 21 1780
66892 855970 22 1929
66913 853426 18 1779
66934 855152 18 1761
66955 855327 18 1764
66978 853835 20 1760
67000 854543 20 1794
67024 852381 21 1721
67046 855728 18 1774
67067 851381 18 1732
67092 856045 21 1795
67114 857928 20 1842
67136 856196 19 1769
67157 854445 18 1745
67180 853280 20 1803
67202 854198 19 1748
67227 854835 21 1762
67249 854417 19 1807
67271 855462 19 1865
67292 855128 19 1829
67312 852329 17 1706
67335 853373 20 1808
67358 854139 19 1804
67381 853371 20 1811
67403 855472 20 1720
67431 858217 24 1878
67456 855057 21 1794
67479 853488 20 1760
67504 852929 21 1830
67526 853298 19 1709
67546 855139 18 1769
67567 854971 18 1769
67589 855165 19 1835
67610 853068 18 1746
67634 854708 21 1749
67657 855140 20 1772
67680 856236 20 1771
67703 856509 19 1848
67725 856555 19 1807
67747 854715 19 1788
67770 852640 20 1782
67792 854633 19 1750
67816 853223 20 1763
67840 856294 21 1767
67861 852351 18 1753
67883 858450 19 1814
67906 853467 20 1764
67927 852134 17 1684
67948 853489 19 1768
67970 854737 19 1794
67991 855559 18 1736
68012 854764 18 1716
68037 853812 22 1657
68058 853705 18 1777
68080 854225 19 1814
68104 854506 21 1847
68126 854188 19 1739
68149 854613 20 1838
68170 855208 18 1825
68194 852710 20 1724
68215 850082 18 1683
68242 855324 24 1828
68270 856878 22 1801
68297 857115 24 1809
68322 853912 21 1775
68345 852726 21 1785
68368 854331 19 1841
68389 852405 18 1749
68412 855610 19 1684
68437 855106 23 1844
68461 851714 20 1690
68486 855140 21 1732
68510 855701 21 1905
68530 852494 17 1693
68553 855410 20 1821
68573 852794 17 1761
68593 855151 17 1760
68614 853781 17 1723
68641 853720 24 1759
68666 856632 21 1863
68686 854071 17 1717
68707 852989 18 1711
68730 855630 20 1844
68753 853048 20 1797
68775 854252 19 1856
68795 853087 18 1678
68816 855183 18 1750
68839 856147 20 1777
68866 855765 22 1803
68888 854149 19 1863
68911 854572 20 1804
68933 855882 19 1803
68954 856189 19 1793
68978 854890 21 1817
69002 856327 21 1798
69023 850624 18 1859
69049 853283 23 1776
69072 854739 20 1746
69095 852632 19 1695
69118 853452 20 1824
69139 852460 18 1686
69159 853407 18 1763
69180 851173 18 1659
69200 849087 17 1702
69220 853109 18 1757
69244 854415 21 1786
69270 853121 22 1756
69292 853565 19 1758
69315 853934 20 1668
69336 856612 18 1763
69357 853079 18 1808
69380 855038 20 1834
69403 854530 20 1812
69424 854514 19 1844
69448 855264 21 1816
69478 853118 26 1828
69501 854709 20 1748
69523 854963 19 1853
69545 854589 19 1737
69565 855053 17 1748
69587 855319 19 1807
69609 857172 19 1815
69631 853772 19 1778
69657 852992 23 1813
69682 853545 21 1854
69703 855521 18 1824
69725 853178 19 1704
69748 854234 20 1868
69767 851167 17 1668
69789 852339 18 1735
69810 857538 19 1835
69832 854069 19 1810
69858 853372 23 1746
69882 852572 20 1709
69904 855487 19 1805
69925 851955 18 1762
69946 853496 18 1763
69968 855754 18 1758
69990 852327 20 1759
70011 856166 18 1758
70035 853281 21 1801
70058 852863 20 1736
70083 852329 21 1698
70104 855710 18 1755
70126 852868 19 1804
70148 855563 19 1826
70171 853448 20 1837
70194 854888 20 1768
70214 851703 17 1724
70236 857174 19 1743
70260 854892 21 1852
70284 852372 21 1764
70305 852046 17 1758
70328 852943 21 1822
70351 855761 20 1814
70372 853976 18 1788
70392 854381 17 1780
70413 852105 18 1761
70437 855912 21 1840
70460 854835 19 1756
70488 856672 25 1816
70511 852511 19 1751
70533 855587 19 1835
70554 853654 18 1736
70578 856861 21 1856
70599 853900 18 1743
70621 854477 19 1773
70643 853793 19 1810
70665 852024 19 1706
70690 854394 22 1802
70713 855727 20 1868
70735 854597 19 1761
70757 853622 19 1808
70780 857640 20 1804
70801 854597 18 1771
70824 854519 20 1839
70846 856192 19 1779
70874 854752 25 1862
70900 853153 22 1752
70920 854488 17 1688
70945 853302 22 1821
70967 853400 19 1779
70989 853426 19 1774
71011 853868 19 1762
71034 853393 20 1820
71059 854578 23 1822
71085 852946 22 1752
71107 854090 19 1849
71129 856181 19 1821
71153 852980 21 1814
71175 853158 20 1829
71195 851123 17 1662
71217 854613 18 1724
71239 855344 19 1784
71261 854700 19 1736
71287 857914 22 1789
71308 855270 18 1730
71330 854325 19 1848
71354 855558 21 1867
71376 853253 19 1804
71398 854289 19 1789
71420 854015 19 1833
71442 855531 20 1826
71463 851924 18 1715
71490 858274 24 1875
71511 852577 18 1703
71533 853931 19 1795
71557 854741 21 1757
71578 855111 18 1713
71598 852760 17 1697
71620 852818 19 1787
71640 853517 17 1726
71663 855130 20 1836
71689 854668 22 1800
71713 855059 21 1779
71734 850398 18 1702
71756 854590 19 1818
71777 853851 18 1769
71798 855050 18 1665
71819 854948 18 1722
71840 855262 19 1789
71862 851217 18 1703
71885 853782 21 1816
71912 854826 22 1845
71934 853938 19 1748
71957 856092 20 1831
71979 855396 19 1828
72001 853992 19 1811
72023 853909 20 1837
72044 853414 17 1731
72064 854760 18 1710
72090 851824 23 1833
72119 857146 25 1863
72141 853702 19 1787
72163 853817 19 1731
72185 855919 19 1813
72205 853600 17 1732
72226 855036 18 1730
72249 854279 20 1833
72270 855631 18 1711
72297 853746 24 1829
72320 856273 19 1798
72341 853099 18 1737
72362 855199 19 1817
72384 852399 19 1765
72404 851997 17 1782
72425 854239 18 1763
72449 853713 21 1793
72471 854002 19 1783
72499 855332 25 1899
72522 853633 19 1730
72545 855176 19 1795
72567 858180 19 1872
72587 854763 17 1735
72608 852898 18 1805
72630 853494 19 1766
72652 853637 19 1697
72676 852772 21 1749
72701 853323 19 1665
72725 854261 20 1711
72750 856340 22 1873
72773 853516 19 1725
72794 855470 19 1842
72816 856009 18 1800
72837 853819 19 1752
72860 854749 20 1821
72881 851020 18 1728
72904 855257 20 1734
72928 854502 20 1763
72951 853968 20 1809
72972 853915 18 1772
72992 853508 17 1732
73014 856112 19 1756
73033 852470 16 1595
73053 850307 17 1673
73074 852784 18 1763
73097 856494 20 1820
73123 855560 23 1845
73144 852538 18 1774
73166 855824 19 1794
73188 852102 18 1740
73210 853968 19 1752
73231 851533 18 1744
73252 854649 18 1757
73272 853917 17 1737
73295 853048 20 1773
73323 855726 25 1822
73345 853344 18 1769
73365 855469 18 1747
73386 851570 18 1694
73409 852579 20 1817
73429 854689 17 1682
73453 854621 20 1816
73474 853331 18 1723
73499 855119 22 1853
73528 855490 25 1736
73550 853158 18 1661
73571 852569 18 1701
73594 857740 19 1920
73615 854555 18 1788
73636 853625 18 1789
73657 855173 18 1794
73678 852572 17 1691
73701 854490 21 1808
73727 855857 22 1835
73749 855298 19 1739
73770 855589 18 1776
73795 854186 22 1849
73816 854103 18 1754
73838 854838 19 1802
73859 853239 18 1771
73882 855441 20 1808
73906 854712 21 1793
73934 855044 25 1864
73956 853440 19 1768
73977 854833 18 1798
73997 853480 17 1661
74019 854009 19 1831
74039 853815 18 1786
74062 855179 20 1819
74083 854013 18 1733
74105 854610 19 1759
74130 851790 22 1732
74153 853687 19 1736
74173 851931 17 1723
74194 853074 18 1777
74216 851185 19 1787
74237 853240 18 1751
74258 854436 18 1826
74281 855617 19 1783
74301 853523 17 1700
74323 854779 19 1694
74349 853913 22 1810
74371 854971 20 1877
74394 853754 20 1833
74416 854579 19 1815
74438 853834 18 1755
74459 853826 19 1856
74484 851958 21 1796
74506 855010 19 1799
74530 855448 21 1738
74554 853336 19 1731
74576 854350 19 1818
74596 856446 17 1816
74618 855686 19 1805
74641 854337 19 1795
74662 855036 19 1762
74685 855036 20 1782
74707 854840 19 1800
74733 855864 23 1902
74763 855556 24 1851
74787 854785 21 1869
74812 855055 22 1768
74834 854967 19 1791
74854 853047 17 1759
74874 852884 17 1708
74894 851790 16 1655
74914 852845 18 1726
74942 854669 24 1736
74966 853867 20 1820
74986 853647 17 1748
75007 854899 18 1749
75027 851505 17 1688
75051 855699 21 1843
75073 852826 18 1740
75093 856091 17 1731
75113 855070 18 1751
75139 857198 22 1868
75162 853734 20 1678
75186 855849 21 1912
75209 854511 19 1776
75230 854150 19 1783
75254 855161 20 1788
75275 853958 19 1778
75296 853298 18 1734
75316 853742 17 1667
75341 853648 22 1833
75365 853135 20 1770
75388 855658 20 1754
75410 854534 19 1775
75432 854679 19 1690
75454 855877 19 1813
75478 854126 21 1899
75497 848576 16 1592
75518 855926 18 1816
75541 855381 20 1786
75566 854039 22 1827
75589 853924 20 1819
75610 851058 18 1763
75634 856093 21 1770
75659 855230 22 1870
75682 854578 21 1897
75703 853589 18 1754
75725 853038 19 1774
75747 851435 19 1711
75772 854772 22 1827
75796 853694 20 1784
75821 855611 21 1828
75842 853899 18 1730
75862 855732 18 1699
75885 854265 19 1792
75906 854676 18 1774
75928 854134 19 1745
75951 856449 20 1769
75976 855252 22 1853
75999 854838 20 1758
76022 855581 19 1756
76044 853443 19 1771
76068 855289 20 1811
76092 856147 21 1872
76114 855636 19 1806
76137 856525 21 1828
76170 853351 29 1866
76193 855473 20 1848
76215 850486 19 1723
76237 853772 19 1732
76260 855246 20 1897
76281 853031 18 1779
76302 851526 18 1700
76324 854636 18 1790
76347 855268 20 1782
76371 852191 22 1729
76395 855782 20 1852
76416 854222 18 1761
76441 853338 22 1882
76462 855794 18 1739
76488 855418 22 1787
76512 854015 21 1742
76538 855198 21 1695
76565 851564 24 1759
76587 854414 18 1662
76611 856889 21 1847
76633 855003 19 1743
76661 853354 24 1756
76683 855360 19 1752
76704 854467 18 1732
76727 853930 20 1762
76751 852629 20 1759
76777 855854 23 1760
76806 854024 25 1775
76829 851584 20 1620
76852 851756 19 1711
76875 855010 20 1800
76904 856285 25 1766
76930 856975 23 1808
76953 851754 20 1803
76978 853524 22 1837
76998 852423 17 1668
77020 853593 19 1787
77041 855329 18 1790
77063 853095 19 1753
77084 854153 18 1800
77107 855686 20 1844
77128 852609 18 1812
77150 854017 19 1786
77176 853673 22 1710
77197 854788 17 1659
77218 853998 18 1783
77238 854449 17 1698
77259 851191 18 1778
77280 857584 18 1788
77302 853681 19 1769
77322 852762 17 1718
77343 853662 18 1754
77365 852921 19 1726
77392 856486 24 1729
77413 853590 18 1681
77434 852849 18 1776
77457 854156 20 1855
77477 854673 18 1716
77502 854556 22 1836
77523 851730 17 1667
77547 857246 21 1714
77569 853264 20 1718
77593 851369 20 1730
77615 856287 19 1817
77636 854941 18 1831
77658 855798 19 1751
77678 852161 17 1738
77701 855724 20 1868
77723 853849 19 1770
77744 853697 19 1806
77767 854456 19 1764
77792 851752 22 1741
77816 853884 21 1793
77836 853142 17 1617
77859 853669 20 1785
77881 856132 19 1815
77902 853935 18 1807
77923 855140 18 1853
77944 853792 17 1717
77966 853537 19 1719
77989 852351 19 1674
78010 856426 18 1797
78032 854924 19 1780
78055 854698 20 1779
78075 854894 17 1621
78096 854225 19 1873
78119 854945 20 1780
78141 856104 18 1774
78162 853956 19 1770
78188 852541 23 1715
78211 852745 19 1683
78232 853852 18 1775
78255 852257 20 1802
78276 851911 18 1757
78299 852389 20 1776
78322 853588 19 1771
78346 856730 21 1814
78366 852522 17 1715
78390 852690 20 1697
78413 853180 20 1807
78437 854868 21 1804
78461 855090 21 1865
78486 853870 22 1765
78509 854199 19 1774
78530 853257 18 1751
78551 852117 18 1694
78575 855142 21 1797
78600 853442 22 1762
78623 855190 19 1793
78644 851372 18 1708
78668 856158 21 1838
78693 855481 22 1830
78715 853385 19 1873
78735 852867 17 1693
78758 854804 20 1833
78781 853468 20 1795
78809 855045 25 1763
78831 852656 19 1773
78855 856694 21 1851
78876 853961 18 1768
78899 856296 20 1840
78920 855289 19 1772
78944 852123 21 1787
78966 855571 18 1817
78989 854372 21 1838
79018 856561 26 1835
79039 853276 18 1705
79060 854728 18 1734
79082 854766 18 1803
79105 854524 20 1901
79127 855879 20 1836
79150 854565 20 1825
79172 856283 19 1788
79198 854620 24 1920
79225 856043 23 1832
79247 851964 19 1748
79269 854685 19 1771
79291 853847 19 1739
79313 852760 19 1695
79335 853089 19 1744
79357 856394 19 1828
79378 855916 18 1758
79400 855786 19 1740
79427 855508 23 1843
79450 853227 20 1847
79472 852055 19 1759
79498 855953 23 1932
79520 857871 19 1841
79542 853660 18 1754
79564 854321 19 1837
79583 851946 16 1643
79606 851665 19 1675
79632 854122 22 1823
79654 856123 19 1781
79675 854788 18 1724
79697 854152 20 1775
79719 856977 19 1827
79741 855214 19 1813
79762 854678 18 1753
79783 853206 18 1732
79806 854876 20 1675
79831 855127 22 1803
79852 855865 18 1762
79873 854209 18 1766
79894 854742 17 1742
79918 856804 21 1893
79941 855783 20 1847
79964 852506 20 1781
79986 854055 19 1715
80007 851766 18 1702
80034 854632 23 1771
80057 855850 20 1862
80080 856202 19 1761
80102 854147 20 1830
80124 854294 19 1805
80145 853504 18 1717
80167 852912 20 1820
80189 853612 19 1722
80212 852646 20 1770
80236 852930 20 1792
80259 853674 20 1821
80279 851753 17 1672
80302 853730 20 1796
80325 857975 20 1908
80347 852441 18 1752
80368 853263 18 1764
80390 852672 19 1755
80413 855101 20 1814
80438 854750 22 1798
80460 853566 18 1786
80486 853543 23 1835
80507 855496 18 1740
80530 855801 19 1709
80551 856676 18 1758
80573 855948 20 1811
80595 850715 19 1762
80618 854446 20 1802
80643 853764 21 1747
80666 855772 20 1811
80687 855827 18 1688
80710 852705 20 1742
80732 852394 18 1752
80752 852534 17 1724
80772 853630 17 1651
80794 854168 19 1767
80817 855476 20 1734
80842 852691 22 1743
80865 854864 20 1837
80889 854447 21 1779
80910 854375 18 1817
80933 857413 20 1820
80956 856003 20 1872
80978 853432 19 1774
80999 854717 18 1796
81020 854931 18 1699
81047 855316 24 1870
81069 854671 19 1801
81091 854818 19 1780
81113 854059 19 1771
81134 852574 18 1809
81154 854976 18 1800
81180 854060 23 1822
81202 854230 19 1762
81226 854951 21 1780
81254 855618 24 1746
81274 850946 17 1709
81294 851719 17 1687
81316 853624 19 1748
81336 852972 18 1782
81357 856037 18 1743
81378 853311 18 1671
81399 857057 19 1796
81422 856041 20 1821
81447 850006 21 1672
81469 853062 19 1762
81491 854559 19 1735
81512 852964 17 1716
81532 851120 18 1804
81553 855404 18 1827
81574 853175 18 1796
81595 853476 18 1758
81616 853081 18 1669
81642 852718 23 1836
81666 856283 20 1817
81690 852081 21 1778
81709 852501 16 1684
81732 855220 20 1781
81755 853422 20 1838
81777 855918 19 1826
81801 854266 21 1784
81823 853351 19 1774
81850 853550 24 1772
81872 851638 18 1765
81895 854418 20 1831
81916 853340 18 1707
81938 854382 19 1804
81959 854089 18 1738
81979 854280 17 1714
82001 855572 19 1841
82022 853656 18 1801
82046 853593 20 1742
82072 856406 22 1899
82093 854221 18 1742
82113 851809 17 1755
82135 853517 19 1754
82156 855883 19 1829
82178 853614 19 1792
82199 855597 18 1774
82221 852045 19 1799
82244 856770 20 1792
82268 852875 21 1730
82291 856956 20 1798
82312 855707 18 1778
82333 854492 18 1729
82353 854304 18 1723
82376 852039 20 1747
82398 853448 19 1756
82418 851101 17 1632
82442 854997 21 1793
82471 853067 26 1743
82493 853136 19 1791
82520 854451 23 1851
82543 855920 20 1919
82564 853458 18 1794
82586 852745 19 1774
82610 856031 20 1791
82631 853878 19 1823
82655 853008 21 1700
82679 851971 20 1727
82701 854261 19 1798
82724 858048 19 1770
82744 851474 18 1731
82767 853886 19 1778
82789 854453 19 1717
82809 851565 17 1675
82831 853716 19 1820
82852 857458 18 1668
82879 854885 24 1836
82903 853666 20 1780
82925 854726 19 1805
82948 853941 20 1754
82972 853610 21 1820
82993 854108 18 1752
83014 853106 18 1742
83035 855979 18 1783
83057 852791 19 1773
83082 853231 21 1811
83102 854879 18 1767
83125 855138 20 1839
83146 852757 18 1781
83169 855369 20 1890
83191 854833 19 1775
83213 853336 19 1774
83233 853999 17 1751
83257 854401 21 1797
83283 854367 23 1745
83306 853485 20 1837
83330 853029 21 1717
83352 852591 19 1770
83376 853442 20 1823
83398 852947 19 1751
83422 855769 21 1854
83445 853779 20 1837
83468 854309 19 1778
83491 852920 20 1658
83513 855059 19 1775
83538 853792 21 1743
83560 853951 20 1801
83581 853803 17 1678
83602 854854 19 1775
83625 854342 19 1720
83648 854079 20 1806
83671 850917 20 1677
83695 855301 20 1765
83718 854182 20 1819
83740 854294 19 1787
83760 851653 18 1692
83783 854299 20 1769
83805 854935 19 1762
83826 852414 18 1780
83848 853371 18 1748
83875 854480 25 1838
83900 856366 21 1775
83925 854132 21 1849
83946 855700 18 1729
83967 852019 18 1748
83988 853045 19 1795
84009 852700 18 1782
84033 855826 21 1813
84055 852322 19 1834
84081 852751 22 1711
84102 854196 18 1776
84123 854446 18 1768
84145 856097 20 1871
84168 856180 19 1825
84192 853751 21 1839
84215 854203 20 1794
84236 853157 19 1791
84258 852499 19 1734
84283 853504 21 1714
84305 852368 19 1736
84328 856596 20 1863
84352 855466 21 1782
84373 853247 18 1751
84394 853197 17 1734
84415 851726 18 1724
84436 855186 18 1831
84456 852630 17 1683
84479 851738 20 1771
84503 853924 20 1732
84525 852832 19 1838
84546 853476 18 1714
84567 853324 17 1696
84588 852329 19 1752
84610 854763 18 1806
84632 854768 19 1801
84652 852778 17 1705
84675 854979 20 1814
84703 856715 25 1838
84725 855086 19 1789
84747 853458 20 1791
84770 854446 19 1775
84790 852875 17 1685
84810 852915 18 1751
84834 854915 20 1864
84856 854940 20 1756
84880 855339 20 1823
84906 852384 23 1784
84927 854646 19 1823
84950 856391 19 1779
84972 854572 19 1762
84993 852295 19 1737
85015 855488 19 1761
