fo time ls_time n_ls_moves
172 208306 172 752
308 207616 135 816
441 208553 132 754
568 208913 126 771
689 207681 119 764
817 206748 127 695
979 207399 161 764
1131 207865 151 744
1273 207937 141 769
1428 208186 154 747
1574 206990 145 749
1698 208577 123 741
1832 208213 133 737
1973 208095 141 753
2153 208434 178 791
2333 207318 176 749
2489 208043 155 756
2633 206367 143 767
2807 209214 174 769
2939 208031 130 724
3058 208352 119 761
3178 209183 119 759
3303 208265 124 797
3419 208611 115 780
3540 208247 120 747
3656 207954 116 761
3773 207695 115 744
3891 208796 117 757
4002 208250 111 753
4122 207878 119 762
4230 207792 106 722
4349 208122 118 755
4461 208413 112 758
4582 208830 120 766
4693 207251 110 725
4819 208114 125 784
4937 207367 117 752
5052 208181 115 773
5172 209371 119 778
5281 208298 109 743
5399 208259 117 755
5514 207723 114 758
5636 209113 121 786
5760 208361 123 787
5873 208007 112 744
5995 209780 122 781
6108 208291 112 763
6223 207338 114 727
6341 207990 117 754
6458 208951 117 776
6580 208767 121 776
6694 207561 113 754
6814 209365 119 770
6929 207706 114 754
7055 208317 125 810
7175 209099 120 752
7293 208144 116 771
7417 207968 124 742
7531 207617 113 753
7646 207243 114 726
7770 207881 123 790
7884 208122 114 762
8000 207661 115 745
8119 207954 117 779
8240 207561 120 779
8359 207750 118 779
8475 208794 115 754
8589 208189 113 731
8702 208334 112 745
8823 208576 120 735
8941 209708 117 795
9062 208595 120 767
9203 208298 140 766
9356 208261 153 773
9498 207943 140 736
9640 207835 141 758
9763 207948 122 737
9940 209464 177 786
10153 208235 212 757
10296 208945 143 791
10418 208393 121 763
10537 208606 118 786
10654 208773 117 744
10773 208617 118 792
10891 208171 117 728
11013 208425 122 810
11126 207310 112 726
11241 208808 114 751
11352 207119 110 742
11475 209946 123 765
11591 207900 115 782
11718 208742 126 796
11826 206695 107 704
11947 209031 121 761
12068 208593 120 761
12183 208660 114 770
12305 207595 120 748
12421 207426 115 749
12572 207433 150 773
12692 208655 119 757
12807 209078 115 768
12938 208584 130 784
13058 208675 119 768
13174 208985 115 769
13296 207627 122 778
13409 208447 112 747
13534 208138 124 791
13645 209181 111 747
13759 207475 113 734
13883 207882 123 750
13993 208294 108 727
14117 208245 123 785
14230 207911 112 761
14354 207749 123 765
14478 208930 124 784
14594 208674 115 779
14713 208706 118 769
14825 208030 111 748
14947 208770 121 767
15073 207461 124 766
15198 208489 125 743
15321 208484 122 765
15436 209067 114 757
15557 208492 120 764
15671 207954 114 773
15794 207538 122 764
15919 208929 124 781
16039 208691 120 771
16158 208058 118 760
16288 208069 129 796
16418 207718 129 753
16551 208653 132 781
16668 208030 116 764
16787 208378 118 742
16902 207929 115 754
17026 208113 122 781
17146 207962 120 743
17262 208374 115 765
17385 209173 123 786
17504 209389 118 781
17624 207893 119 766
17780 208568 155 784
17915 208275 134 748
18058 208480 142 765
18189 208706 131 766
18302 207979 111 751
18435 207709 132 751
18557 207908 121 786
18679 209045 121 777
18801 208313 121 782
18908 208332 106 714
19030 208681 121 770
19141 208904 110 747
19262 207912 120 772
19379 208036 116 747
19497 207894 117 770
19616 208060 119 761
19727 207666 110 747
19855 208088 127 781
19968 208278 112 756
20092 208513 123 787
20207 207190 114 733
20324 209343 116 775
20445 209285 120 775
20559 208103 113 767
20682 209010 122 784
20802 208377 119 773
20920 208045 116 763
21040 206674 120 748
21160 209028 119 793
21279 208524 118 760
21397 208715 117 768
21515 208804 117 761
21641 209355 125 799
21752 207561 110 749
21879 208706 126 790
21989 208170 109 744
22111 207834 121 745
22234 209473 122 769
22344 207831 109 732
22471 208777 126 754
22588 208348 116 775
22716 208649 122 762
22826 206777 109 720
22943 208052 116 751
23061 208004 117 732
23173 207359 111 753
23296 207991 122 775
23408 207353 112 750
23535 208530 126 789
23660 208198 124 778
23772 208509 111 759
23893 207760 120 748
24011 208863 117 778
24138 209506 126 814
24261 207596 122 776
24370 207493 109 716
24490 208747 119 767
24605 207901 115 770
24724 208320 118 764
24836 208273 110 751
24961 208610 125 756
25086 208560 124 751
25204 208100 117 749
25321 208450 116 722
25437 207201 115 767
25558 208420 120 764
25672 208724 113 745
25794 208550 120 766
25919 208695 124 775
26027 207415 107 725
26145 208329 117 721
26272 208695 127 804
26408 208109 135 758
26523 207336 114 716
26645 208459 121 811
26773 207166 115 734
26887 207720 113 752
27006 209075 118 762
27163 207971 157 762
27285 208931 121 756
27405 209072 119 761
27528 207324 122 766
27648 208598 119 773
27775 208638 126 785
27892 208664 117 786
28009 207534 116 742
28125 208019 115 771
28247 209063 121 787
28365 208294 118 753
28478 209068 112 758
28597 208346 118 752
28705 207818 107 721
28831 208965 125 768
28952 208115 121 764
29069 208821 116 764
29190 207596 121 777
29302 208362 111 740
29431 208443 128 748
29555 208145 124 774
29670 208569 114 738
29788 209006 117 737
29899 207377 110 732
30022 208973 123 773
30129 207616 106 716
30245 208027 115 727
30361 208943 115 758
30485 208819 123 774
30609 206643 123 726
30723 207654 113 762
30842 209458 119 768
30958 207354 115 761
31077 208281 117 764
31192 208138 115 730
31314 208992 122 812
31440 208011 125 744
31551 208125 110 746
31675 208773 123 784
31800 209201 124 800
31914 207782 113 749
32034 207979 119 766
32153 209535 118 795
32272 208693 119 765
32386 208505 112 750
32498 208593 112 723
32617 207567 118 725
32737 208533 119 795
32856 209698 118 767
32970 208590 113 766
33092 208545 121 758
33217 208226 124 796
33336 208070 118 748
33455 208105 118 743
33564 206827 109 725
33712 208204 147 762
33837 207258 123 748
33949 206625 111 734
34077 208161 126 802
34188 207519 111 753
34309 208283 119 770
34421 208722 111 745
34537 208409 115 745
34657 207434 119 758
34767 207802 110 743
34896 207904 128 743
35051 209171 154 774
35167 208347 114 759
35288 208049 120 739
35404 209216 115 781
35521 207853 117 739
35648 209098 126 813
35762 207524 112 738
35887 207901 125 768
36020 209301 132 775
36138 208558 118 762
36251 208359 112 727
36371 208077 119 764
36490 207964 118 732
36600 208341 109 729
36721 208374 121 753
36834 208729 112 759
36959 208167 124 759
37079 208721 119 755
37196 208706 116 751
37316 209145 119 772
37432 209497 115 787
37549 208217 116 725
37684 207779 117 754
37795 207004 109 735
37929 209092 133 776
38039 207115 109 730
38157 208270 118 744
38273 209199 115 756
38384 207480 110 719
38508 209212 123 773
38621 208276 112 750
38737 207900 115 731
38859 209586 122 812
38981 209255 121 776
39098 207801 116 734
39214 207912 114 725
39340 208919 126 771
39448 208751 107 711
39590 209598 141 730
39743 208687 152 781
39873 209017 129 764
39996 207769 122 750
40109 208365 112 748
40230 208468 120 771
40353 208605 123 762
40468 208187 114 761
40595 207451 126 730
40704 207608 108 735
40826 208667 121 768
40948 207075 122 741
41059 206628 110 748
41176 209127 116 752
41291 207987 114 750
41414 207686 122 779
41528 208937 114 748
41649 207864 120 749
41781 208120 121 755
41900 208751 118 756
42026 209111 125 792
42145 208060 118 778
42266 208247 120 763
42391 208748 124 788
42505 208531 113 745
42620 208438 115 728
42733 209633 112 758
42853 209371 119 755
42973 207694 120 753
43091 209717 117 779
43224 209223 132 791
43341 207384 117 783
43461 207098 119 748
43575 207330 112 724
43690 207957 115 763
43806 208420 115 737
43922 207969 115 765
44043 208108 120 752
44154 208302 110 749
44280 208546 125 798
44408 208552 127 791
44530 208734 121 811
44660 208574 129 751
44780 208669 119 773
44906 208277 125 770
45027 208076 120 751
45140 207996 112 757
45260 207933 119 760
45370 208174 109 740
45495 208800 125 797
45619 208870 123 778
45732 209025 112 756
45859 209397 126 783
45976 208740 116 777
46092 207284 115 730
46209 208401 117 760
46331 207949 120 768
46450 208461 119 741
46565 207737 114 771
46686 209189 120 774
46794 207611 108 730
46914 207100 118 752
47037 208302 123 753
47158 209512 119 793
47279 208433 121 766
47390 208267 110 746
47508 207168 118 744
47623 208475 114 748
47747 209956 123 790
47868 208566 120 756
47977 208101 108 718
48091 208462 113 727
48211 209070 119 796
48332 208217 120 749
48457 208652 124 752
48580 207751 110 736
48709 209232 128 806
48822 208126 112 750
48945 207987 122 757
49066 208872 120 762
49177 208146 110 743
49300 208892 121 755
49416 209176 115 759
49546 210545 130 798
49661 208312 114 752
49783 208373 121 770
49905 208519 121 771
50023 208431 118 770
50152 208090 128 752
50280 207960 127 760
50404 208686 123 769
50537 208340 133 769
50654 208311 116 733
50786 208879 131 764
50898 207332 112 724
51012 209317 112 761
51148 208662 136 757
51269 208062 120 754
51394 207969 124 736
51525 207930 130 759
51644 209314 118 772
51770 208620 125 753
51891 208314 120 746
52018 208358 126 763
52155 208703 137 776
52269 208000 113 746
52400 208698 130 769
52525 208718 124 761
52638 207998 112 741
52762 208447 123 769
52875 208714 113 749
53003 208542 127 791
53129 208320 125 759
53250 207439 120 780
53374 207378 123 783
53487 208510 113 759
53609 208258 121 782
53722 207753 112 734
53842 207529 119 749
53968 208849 126 794
54082 208087 112 761
54200 208871 117 754
54310 208465 109 734
54431 209505 120 762
54551 208531 119 756
54659 207131 107 722
54776 208267 116 737
54888 207191 111 734
55014 206798 125 750
55130 207812 114 750
55249 208593 118 772
55370 209296 120 786
55488 208947 117 759
55608 208050 119 762
55727 208963 118 768
55846 209017 118 761
55964 209425 118 760
56085 208583 120 798
56209 209364 122 763
56319 208827 109 737
56443 208000 124 770
56558 207193 114 760
56675 207571 116 738
56794 208004 118 752
56909 208266 114 769
57030 207263 120 772
57141 207420 111 745
57261 207459 119 762
57376 208738 114 749
57499 208262 122 783
57625 209004 126 753
57744 208652 118 776
57868 208177 123 772
57980 207173 111 735
58097 208471 116 741
58218 208152 120 764
58335 209196 116 778
58463 208198 127 755
58614 208569 150 773
58736 208444 121 754
58864 208610 127 750
58981 207889 116 769
59107 208883 125 775
59229 207964 121 768
59342 207103 112 764
59464 207984 121 773
59580 208998 115 751
59734 208619 153 738
59868 209146 133 764
59982 208192 113 749
60102 207376 119 735
60220 208218 117 749
60341 208693 120 740
60460 208283 118 761
60568 206798 107 725
60683 206836 114 725
60798 208722 115 771
60920 207946 120 757
61031 207811 111 736
61144 208160 112 712
61268 208814 123 770
61383 207890 114 774
61502 207158 118 752
61608 207100 105 719
61733 207779 124 749
61854 208086 120 769
61969 209160 114 770
62090 208283 120 767
62195 207242 104 705
62312 208043 116 734
62420 207337 107 724
62543 209467 122 777
62654 208017 111 740
62777 207734 122 779
62899 208043 121 765
63015 208163 115 759
63136 208966 120 770
63250 208702 113 770
63373 208189 123 793
63491 208869 117 745
63605 208546 113 764
63729 207490 123 793
63846 207979 116 796
63965 209445 117 755
64072 207532 106 712
64190 207806 117 754
64308 207923 117 746
64423 207891 114 771
64541 207438 118 740
64657 208136 115 762
64784 208625 126 797
64896 206825 111 748
65011 207015 115 751
65130 207996 118 763
65246 209171 115 777
65366 208426 119 735
65481 209646 114 770
65611 208516 129 758
65730 208327 118 752
65849 208308 118 765
65966 208378 117 728
66082 207463 115 775
66201 208933 117 749
66319 207372 118 750
66441 208906 121 779
66562 208654 120 755
66678 209013 115 768
66811 208743 132 770
66925 207836 113 743
67052 208513 126 792
67176 207564 124 768
67289 208024 112 759
67418 208029 128 767
67531 207958 113 756
67659 208118 127 748
67782 208710 121 758
67900 208452 118 783
68025 207536 124 789
68133 208087 107 726
68264 208422 130 783
68386 208565 120 763
68503 208584 116 774
68629 209433 125 785
68742 206821 112 713
68858 207973 115 722
68975 206858 116 746
69091 208861 115 763
69212 209413 120 773
69324 208834 111 757
69446 208390 122 748
69562 208064 115 767
69684 208535 121 763
69804 208403 118 758
69917 208821 113 762
70037 208814 119 764
70148 208644 109 740
70265 207972 117 740
70398 208989 126 803
70512 208312 113 743
70633 207990 120 754
70749 208589 116 758
70889 207679 139 745
71022 208581 131 753
71136 207633 114 728
71266 208090 129 740
71376 208038 109 731
71501 208309 123 777
71615 208189 113 743
71728 208467 112 731
71845 207342 116 746
71951 206019 105 714
72072 209240 120 767
72187 209262 114 773
72314 208364 127 757
72433 208809 118 760
72546 208255 112 763
72666 208453 119 751
72780 208568 113 765
72895 208864 114 736
73006 208842 111 750
73124 208192 117 746
73244 207973 119 779
73363 207780 119 756
73506 208077 142 780
73630 208233 123 789
73761 207850 130 746
73894 208825 132 768
74017 207885 122 751
74151 208090 133 763
74288 208729 136 773
74404 207630 115 728
74530 208415 125 740
74652 207696 121 767
74789 207930 135 783
74912 208058 123 746
75026 207814 113 763
75148 208610 121 755
75258 207856 109 730
75385 208066 126 774
75511 208031 125 731
75628 208563 116 742
75747 206950 117 723
75860 208099 113 729
75983 207912 121 750
76110 210062 127 786
76222 207990 111 755
76344 208205 121 771
76454 208010 109 740
76576 208772 121 768
76692 207485 115 746
76806 209337 113 752
76925 207989 118 755
77050 208707 125 785
77169 208149 119 741
77281 208246 111 749
77393 208400 111 726
77518 208940 123 754
77630 208363 112 761
77753 208996 122 768
77862 207809 108 723
77991 209010 129 812
78115 207936 123 777
78227 207553 111 753
78352 208804 125 726
78487 208964 133 764
78620 208689 133 759
78745 208078 124 769
78864 208731 118 775
78985 208235 120 741
79097 207243 111 752
79217 207555 119 762
79332 208427 114 741
79450 208619 117 777
79570 208584 120 764
79686 208288 115 776
79806 209410 119 759
79921 208124 114 771
80036 209124 114 736
80168 207063 131 792
80278 207281 110 734
80401 208254 122 768
80515 208090 113 762
80636 208233 120 764
80761 209610 124 784
80878 209792 116 768
81000 208092 120 777
81111 208649 110 748
81238 208151 127 795
81352 207474 113 761
81473 208502 120 741
81592 207892 119 756
81704 207966 111 748
81824 208119 119 755
81938 207938 113 762
82056 207339 118 745
82180 207879 123 779
82307 208136 126 761
82440 208642 132 771
82549 207402 108 724
82674 208229 124 746
82800 208473 125 775
82912 207604 111 748
83025 208670 112 713
83134 207496 108 739
83276 208953 141 796
83396 208460 119 752
83511 208012 115 765
83632 208718 120 766
83741 208064 108 724
83861 208203 119 764
83967 206903 105 714
84088 207945 120 732
84206 208234 118 754
84318 207638 110 737
84440 208387 121 764
84553 207930 113 755
84667 208235 113 724
84781 208361 113 765
84904 208831 123 775
85047 209012 142 783
