fo time ls_time n_ls_moves
17 204015 17 740
36 204327 17 781
59 203951 20 754
88 204205 24 754
108 204937 17 756
128 204299 17 751
149 204951 18 771
169 203993 18 762
189 204801 17 760
209 203444 17 754
229 204514 17 762
250 205000 19 751
276 204299 23 755
296 203637 17 779
316 205109 17 739
337 205095 19 768
358 203699 18 782
378 204605 17 747
397 204815 17 769
417 204842 17 757
436 204659 17 750
458 203655 19 742
485 204127 24 750
511 204227 23 737
531 204943 17 728
552 204900 18 781
571 204758 17 743
592 203689 18 764
611 204268 17 713
631 203451 17 712
663 203636 19 755
689 203918 24 761
709 204450 17 760
728 203555 17 725
748 205116 17 769
768 204657 17 771
788 205020 17 776
808 204851 17 770
828 204935 18 802
848 204980 17 771
870 205094 20 734
896 204682 21 764
916 204270 17 747
937 204392 19 788
957 205666 18 774
978 204203 18 776
1007 204153 27 744
1037 205603 25 770
1065 204900 25 755
1092 204700 24 733
1111 203835 17 721
1131 204768 17 726
1151 204855 18 793
1170 204817 16 724
1189 203789 17 757
1210 205081 18 785
1229 203827 16 725
1247 203536 16 718
1270 204498 20 740
1296 205211 24 771
1316 204223 17 762
1336 203583 17 740
1357 203029 18 756
1377 203836 17 749
1396 204297 17 760
1416 204465 17 763
1435 204686 17 744
1455 204860 18 779
1486 205233 28 755
1510 203748 21 750
1530 205808 17 752
1551 204759 18 795
1570 203556 17 751
1589 204613 17 747
1608 204215 17 747
1628 205109 17 748
1647 204202 16 739
1668 204412 19 773
1694 203845 22 747
1715 204652 19 768
1734 204352 17 732
1753 203874 16 721
1774 204440 18 734
1793 204154 17 749
1813 204898 17 752
1833 204469 18 779
1853 204595 17 756
1875 204312 19 743
1894 203643 16 721
1921 204311 25 766
1940 204698 16 713
1961 203966 18 723
1980 204065 17 763
2000 204240 17 721
2019 205004 17 755
2038 204356 17 752
2058 204404 17 756
2080 203765 19 753
2106 203224 24 758
2127 205500 18 799
2151 203351 18 776
2171 203952 17 729
2190 203964 17 738
2210 204111 17 761
2229 203177 16 714
2248 204751 17 771
2268 204294 16 732
2289 204874 19 740
2315 204137 22 728
2335 203693 17 757
2355 204118 18 738
2376 204375 18 777
2395 204864 16 712
2414 204760 17 760
2434 204575 17 780
2454 203753 17 742
2473 204562 17 754
2496 203919 21 739
2521 205197 20 750
2542 204288 18 763
2562 204270 18 783
2583 204499 18 772
2603 205144 17 784
2621 202618 16 708
2641 204961 17 762
2660 204455 17 748
2679 204460 17 760
2702 203546 20 731
2731 204909 24 751
2750 204774 17 748
2770 203950 17 738
2790 203602 17 753
2809 204146 17 757
2828 204087 17 747
2848 204813 17 759
2867 204533 17 734
2888 203995 18 751
2916 204256 24 772
2937 203988 17 772
2957 206024 17 764
2977 203756 18 740
2997 204060 17 746
3017 205361 17 771
3037 205616 17 777
3057 204333 17 760
3076 203837 16 746
3097 204799 19 768
3122 203993 22 742
3142 204604 17 757
3162 204150 18 760
3182 203962 18 763
3203 204073 18 735
3223 203835 17 769
3242 203552 16 741
3261 204747 17 754
3280 204122 17 741
3302 204573 19 738
3326 203827 22 738
3346 204662 17 761
3366 204206 17 759
3385 204530 16 730
3404 204851 17 765
3423 203260 16 731
3442 204395 16 743
3462 203134 17 780
3482 205073 17 774
3507 204078 19 753
3532 203894 22 761
3552 205085 18 762
3573 203020 18 761
3593 203880 17 760
3612 204681 17 766
3631 203864 17 754
3650 203930 16 722
3672 204204 19 751
3691 204040 17 741
3716 205128 21 789
3740 204911 20 749
3758 204489 16 710
3779 204185 18 753
3799 204520 17 754
3818 203728 17 741
3838 204961 18 783
3857 205137 17 761
3877 204656 17 750
3896 205059 17 760
3920 205224 22 732
3945 204417 20 754
3964 204144 17 749
3984 205223 17 768
4004 203990 17 754
4023 204794 17 749
4043 205961 17 757
4062 204860 17 751
4082 203132 18 782
4102 204940 17 749
4138 205037 34 806
4158 203973 17 752
4178 204241 17 757
4199 204962 18 758
4219 205090 17 760
4237 203431 16 704
4257 205631 18 790
4277 203176 18 746
4297 204985 17 740
4319 203584 19 760
4344 205049 23 737
4365 204721 18 786
4384 203210 17 735
4405 204195 18 765
4423 203796 16 728
4443 204445 17 763
4462 204804 16 723
4482 204730 17 778
4501 204896 16 731
4521 205561 18 750
4547 205154 23 737
4567 205532 18 774
4587 204824 17 769
4607 204214 17 772
4626 204171 16 735
4646 205341 17 771
4665 205049 17 753
4684 204391 16 722
4703 204653 17 739
4729 205555 23 765
4754 204786 21 747
4774 203444 17 756
4794 204422 17 738
4813 204536 17 761
4834 204589 18 748
4855 203523 17 737
4883 204969 17 729
4902 205188 17 753
4921 204469 17 740
4942 204612 19 726
4969 204930 23 751
4989 204137 17 777
5008 204350 17 754
5029 204783 18 756
5048 204515 17 757
5068 204218 18 760
5089 204310 17 757
5108 205124 17 771
5127 204575 17 751
5152 204749 22 745
5175 203750 19 729
5196 203847 18 749
5217 203674 18 776
5236 204077 17 766
5256 203601 18 780
5275 204864 17 746
5295 205607 17 772
5314 203316 16 735
5333 204685 16 737
5364 206243 27 764
5388 204831 19 771
5407 204592 17 728
5426 203537 17 738
5446 205150 18 767
5466 205576 17 761
5485 204378 17 744
5505 204217 17 759
5524 204125 17 747
5545 204181 18 730
5573 203975 24 758
5593 203857 18 761
5619 204532 23 766
5639 204376 17 746
5659 203213 17 742
5678 204323 17 750
5696 203499 16 705
5717 204840 18 794
5736 204387 17 764
5758 204219 20 748
5784 203799 22 755
5809 205070 22 773
5830 204147 18 737
5851 204579 18 785
5872 204845 18 785
5891 204024 17 763
5911 204117 17 749
5929 203601 16 727
5950 203820 18 717
5976 204775 24 736
5996 203977 17 758
6015 205683 17 760
6035 204478 17 768
6056 204736 19 768
6076 204592 17 777
6096 204449 17 748
6115 203831 16 734
6135 204543 18 791
6158 204025 20 753
6184 204348 23 781
6203 204794 17 758
6225 203765 19 761
6245 203428 16 740
6266 204961 18 790
6285 203184 17 737
6306 203881 18 758
6325 204920 17 741
6344 203015 17 742
6366 204982 19 744
6391 204709 22 751
6410 204605 17 739
6430 204153 18 761
6450 205368 17 765
6470 204482 17 775
6489 202953 16 729
6509 204515 17 762
6529 205137 17 777
6549 204811 17 781
6572 204019 20 706
6596 204122 20 782
6615 204586 17 751
6636 203954 18 743
6657 204088 18 778
6677 204258 18 770
6697 205173 17 745
6717 203727 18 770
6738 204812 18 766
6759 203572 18 756
6795 204486 32 728
6816 204295 18 791
6836 204116 18 754
6857 205285 18 797
6877 205132 18 786
6897 203891 17 756
6916 205009 17 748
6936 204318 18 765
6956 206016 17 758
6979 204451 20 730
7004 203803 22 771
7024 204938 17 765
7043 204704 16 729
7064 204700 18 758
7083 204397 17 756
7104 205756 18 784
7123 204734 17 746
7142 204547 17 755
7162 204606 17 752
7191 203897 25 761
7211 204937 17 736
7231 203844 17 765
7251 203763 18 738
7271 204270 17 775
7292 204925 18 760
7311 204092 17 758
7332 205638 18 801
7353 204465 18 769
7375 204817 20 775
7398 203694 21 730
7418 203855 17 732
7437 204124 17 763
7457 203604 17 764
7476 204576 17 751
7496 204481 17 761
7514 204300 16 727
7534 204031 17 767
7553 202828 16 739
7576 203795 20 756
7617 202877 18 719
7637 204479 17 751
7658 204279 18 758
7678 204503 17 743
7696 203402 15 688
7715 204680 17 761
7735 204081 17 753
7754 204299 17 742
7776 204302 19 769
7804 204230 25 789
7824 204446 17 738
7844 203432 17 730
7865 203922 19 758
7885 204259 17 749
7904 203788 16 706
7923 203317 17 732
7943 203718 17 760
7963 204482 17 766
7985 204989 19 763
8015 204191 28 736
8034 203515 16 715
8053 204016 17 735
8073 204312 17 753
8092 204179 16 714
8112 205048 17 754
8131 204487 16 740
8150 203762 17 747
8169 205329 17 753
8192 204529 20 737
8217 203819 22 734
8238 204866 18 743
8258 204682 18 775
8277 204343 17 759
8296 204377 16 743
8315 204183 16 717
8335 204871 17 778
8354 204873 17 761
8374 204626 17 757
8396 203602 19 735
8422 204209 23 753
8442 204918 17 768
8463 203295 18 733
8483 204900 17 776
8502 204433 17 748
8521 204066 16 732
8540 203526 16 738
8559 203650 16 738
8578 204562 16 737
8600 204654 20 749
8627 206749 22 808
8647 204332 18 786
8667 203446 17 735
8687 203899 18 761
8707 204252 17 723
8728 205540 18 793
8747 204040 17 743
8768 204805 18 795
8787 204615 16 736
8811 204110 21 744
8834 204546 19 764
8855 205982 18 779
8877 204314 19 779
8896 204034 17 753
8916 204735 18 789
8936 204094 17 751
8955 204831 16 728
8985 204548 17 741
9007 204496 20 753
9031 204811 20 762
9052 204518 18 767
9072 204734 17 759
9091 203791 17 758
9112 204115 18 750
9131 204118 16 717
9151 204031 16 726
9171 206068 18 801
9190 203330 17 737
9215 204954 22 751
9239 205300 19 765
9258 204479 17 756
9278 205641 17 732
9298 204612 17 770
9318 205098 18 753
9339 204501 18 765
9358 204051 17 745
9377 203214 16 725
9397 205645 17 766
9423 205008 22 728
9445 204416 18 749
9464 204183 17 726
9484 204395 17 746
9504 203690 17 724
9524 204410 18 770
9544 203941 17 752
9564 204409 18 781
9585 204469 18 792
9608 204294 20 732
9635 205143 24 762
9655 204226 18 736
9675 205483 17 767
9695 204264 18 769
9714 204448 16 721
9733 203304 16 719
9752 203999 17 733
9771 203992 16 734
9790 204353 17 745
9812 204139 19 758
9838 204292 23 749
9858 205388 17 765
9878 204203 17 758
9898 203944 18 754
9918 204867 17 737
9939 204641 19 801
9959 206010 17 759
9978 203502 16 711
9998 204519 17 762
10031 203325 30 716
10074 203921 38 757
10109 204097 30 757
10134 205467 21 765
10156 203640 19 775
10177 204446 18 742
10199 203922 18 747
10221 204261 20 741
10250 203494 26 737
10269 203846 17 744
10290 204978 18 758
10310 204486 18 770
10331 203709 18 733
10350 204027 17 754
10369 204942 17 749
10390 204981 18 789
10410 204899 18 764
10436 204590 23 758
10458 202852 18 757
10480 203933 18 788
10498 203766 16 714
10518 203555 17 709
10537 205315 17 740
10556 204174 16 736
10575 204553 16 727
10595 204291 17 764
10615 204813 17 759
10641 204031 22 747
10665 204706 21 776
10686 204884 18 772
10705 202805 17 754
10725 204312 17 745
10745 204652 17 755
10765 204296 17 749
10784 204054 17 761
10804 204991 17 770
10826 204530 19 733
10854 206207 25 768
10874 205286 17 754
10894 205219 17 755
10914 204917 17 739
10933 203538 17 744
10953 203443 17 764
10973 204187 18 787
10993 205145 17 755
11013 204859 17 751
11035 203920 19 727
11059 204882 21 730
11078 204763 16 733
11098 204344 18 770
11119 204340 18 755
11139 204904 17 756
11159 204880 18 790
11178 203756 17 731
11198 204423 17 756
11218 204253 17 748
11245 205461 24 792
11272 203548 23 761
11293 203907 18 750
11319 205181 24 778
11350 204253 27 742
11370 204414 18 743
11391 205292 18 769
11411 204807 18 771
11432 204878 18 759
11456 204196 21 733
11478 204070 19 759
11498 203552 17 756
11517 204465 17 748
11536 205489 17 766
11557 204938 18 782
11576 204373 17 774
11596 203450 17 727
11615 203614 17 767
11636 203767 18 766
11661 204559 22 756
11683 205672 19 814
11704 205258 18 772
11723 203382 17 724
11743 205011 17 752
11763 204040 18 765
11783 202963 17 754
11803 203476 18 769
11824 205274 18 779
11846 205144 19 766
11875 204382 27 744
11894 203540 17 732
11916 203709 19 785
11936 203352 17 747
11955 204115 17 759
11975 204740 17 743
11995 204264 17 763
12014 204726 17 747
12034 203733 17 750
12060 204503 24 759
12084 203983 20 725
12104 204209 17 740
12124 204503 17 772
12143 203809 17 744
12163 204403 17 747
12182 203557 17 764
12203 205152 18 776
12223 204676 17 775
12243 205264 18 769
12269 204322 23 779
12291 204897 18 731
12311 204861 18 726
12332 204495 18 760
12351 204976 17 766
12371 205418 17 769
12391 204739 17 738
12411 204034 18 776
12430 204027 17 761
12453 205176 21 783
12482 203368 25 757
12503 204708 19 758
12523 205138 17 767
12543 204356 17 757
12563 204431 17 749
12583 204456 17 783
12603 204654 17 781
12622 205118 17 752
12642 204867 17 745
12665 204692 21 763
12690 204528 20 755
12710 204399 18 776
12729 203075 17 714
12750 204817 18 776
12770 204658 17 749
12789 205023 16 740
12809 204207 18 782
12829 205026 17 775
12849 204227 18 804
12876 204649 23 749
12897 203853 17 723
12916 204113 16 724
12937 204635 19 769
12957 203723 18 757
12977 205250 17 757
12997 204343 17 761
13017 205017 18 786
13036 203543 17 749
13058 204722 19 768
13084 204316 24 725
13104 204724 17 731
13125 205162 18 779
13145 204870 18 740
13165 204098 17 771
13185 203878 17 771
13204 204819 17 774
13223 203882 16 740
13242 203606 16 731
13266 204829 21 746
13298 204729 28 782
13321 204851 20 762
13346 204004 21 790
13366 204167 17 744
13386 205190 17 754
13406 204121 17 765
13426 205044 17 761
13445 204201 17 731
13467 203393 20 735
13493 204882 23 756
13516 203918 21 743
13538 204418 19 754
13558 205249 18 785
13578 203502 17 749
13597 203656 17 777
13617 205510 17 777
13637 204726 17 758
13657 204804 18 798
13680 205014 20 747
13705 205052 21 760
13725 204280 17 746
13746 203662 18 730
13766 204097 17 760
13786 204993 17 749
13806 204088 17 756
13825 205208 17 735
13845 204591 17 751
13865 203523 17 749
13892 204237 24 760
13911 203626 17 744
13931 204971 17 755
13952 205708 18 806
13971 203344 17 743
13992 204107 18 781
14011 204713 17 761
14031 205254 17 777
14052 204877 18 770
14073 204033 18 720
14101 204930 25 765
14121 204364 17 778
14141 204816 18 774
14161 204437 18 724
14181 204184 17 744
14201 203781 17 735
14219 203905 16 730
14238 204424 16 720
14258 205042 18 784
14281 204878 20 762
14306 204474 23 742
14326 204690 17 748
14347 204499 18 782
14367 203658 18 746
14388 204679 17 784
14417 204285 17 719
14437 203951 17 768
14456 204150 16 737
14475 205154 17 735
14509 204849 30 733
14529 204603 18 778
14549 203971 17 768
14569 204150 17 759
14589 204950 17 745
14609 205029 17 763
14629 203719 18 782
14649 204449 18 778
14669 203930 17 760
14690 203415 19 757
14714 203887 21 732
14734 204080 17 758
14754 204442 17 762
14773 203894 16 719
14793 205405 17 753
14812 203592 17 746
14832 204750 17 777
14851 204589 17 718
14871 204101 17 751
14893 203966 20 763
14921 205050 25 750
14941 204838 17 772
14961 205176 18 749
14981 204481 17 734
15001 204324 17 765
15021 204409 17 775
15041 205145 18 794
15061 204700 17 754
15081 204245 17 744
15107 205004 24 789
15131 204675 20 781
15152 204709 18 791
15173 205730 18 778
15193 203637 17 748
15213 205568 17 768
15232 205003 17 759
15252 205841 18 799
15272 205122 17 750
15296 205436 21 798
15323 204274 24 754
15342 204524 16 738
15362 205205 17 769
15383 204513 18 780
15403 204982 18 787
15423 204302 17 740
15442 204727 17 751
15462 204687 17 767
15482 203797 17 745
15504 204615 20 759
15529 204317 23 733
15550 204739 18 789
15572 205226 19 780
15592 205235 17 744
15612 205570 18 769
15632 204879 17 756
15652 203455 17 768
15671 203853 16 738
15691 204200 17 776
15715 205106 21 725
15743 204007 23 761
15762 203901 17 735
15788 203772 18 771
15808 205681 18 767
15828 204092 17 749
15848 204646 17 752
15869 204694 18 784
15888 203336 17 739
15910 204271 20 764
15935 205022 22 766
15954 204035 16 714
15975 204544 18 771
15996 205097 18 763
16015 204418 17 752
16034 204500 17 752
16053 203835 16 716
16073 204304 17 755
16093 205038 17 755
16115 203773 20 757
16142 203831 24 805
16162 204056 17 743
16182 204745 18 740
16202 204526 17 755
16223 203285 18 781
16242 204939 16 739
16260 204681 16 729
16279 203761 16 733
16298 203696 16 734
16322 204634 21 740
16346 205895 20 798
16365 204301 16 725
16385 203865 17 766
16405 203590 17 752
16424 202783 16 711
16443 203921 16 736
16463 203409 17 770
16483 204525 18 775
16502 203078 16 724
16527 204508 23 769
16551 204439 20 766
16571 204069 17 747
16591 203844 18 735
16611 204431 18 786
16631 204551 17 742
16651 205317 17 749
16672 205672 18 789
16693 204519 18 794
16716 204213 20 771
16743 203731 25 732
16762 204566 17 753
16783 205087 18 774
16804 204282 19 770
16824 203780 18 767
16845 204381 18 791
16864 203397 17 724
16884 204005 17 730
16903 204521 17 750
16924 204727 18 733
16949 204765 23 761
16969 204127 17 745
16988 204234 17 767
17008 205291 17 760
17027 204868 17 762
17047 203676 17 741
17067 204732 18 768
17087 204604 17 756
17106 203674 16 736
17127 203691 19 732
17157 204143 27 735
17176 203142 17 716
17197 204990 19 762
17217 205028 17 740
17237 204748 17 765
17257 204289 17 756
17277 204804 18 783
17297 203419 17 740
17317 205476 18 770
17342 204223 21 758
17364 202980 18 756
17386 204378 18 780
17406 203805 18 771
17426 204366 17 741
17447 205803 18 795
17466 204026 17 763
17486 203616 17 766
17506 204607 17 763
17528 204434 20 735
17554 204297 24 746
17574 203733 17 748
17594 204501 17 747
17614 204919 17 767
17633 203671 17 740
17653 204907 18 800
17674 204983 18 799
17693 204110 17 744
17712 205030 16 721
17734 204689 20 744
17760 205100 23 724
17780 204868 18 780
17800 204656 17 761
17821 203175 18 725
17841 204688 18 768
17861 205173 17 733
17880 204298 16 732
17900 204961 18 767
17920 204289 17 753
17943 204455 20 758
17968 203888 23 731
17988 205096 17 741
18009 205242 19 773
18029 204000 17 731
18049 204960 18 779
18069 203950 17 745
18087 203447 16 703
18107 205955 18 773
18128 203230 18 771
18151 203456 21 759
18175 205099 20 761
18194 203512 17 750
18215 204547 18 801
18234 203803 17 754
18253 204987 16 735
18273 203850 17 755
18293 204728 18 786
18312 203925 16 739
18331 203379 17 748
18354 205215 20 774
18383 203331 24 732
18403 204257 17 761
18423 204328 18 750
18443 204581 17 733
18462 203830 17 746
18481 203173 16 746
18506 205071 17 740
18525 204577 17 721
18547 203411 19 728
18574 203119 23 697
18593 204781 17 763
18612 204049 17 730
18633 203827 18 741
18653 203849 17 741
18672 203916 17 735
18691 204139 17 734
18711 204658 17 779
18730 204079 16 736
18752 205089 20 782
18778 204347 23 760
18798 204407 17 770
18817 204367 17 764
18838 204026 18 793
18858 205358 18 804
18878 204743 17 759
18898 203945 17 757
18917 203795 16 726
18937 204777 18 780
18961 203534 21 736
18986 204574 20 767
19007 204807 18 782
19026 204530 17 747
19046 204844 17 730
19066 203162 17 741
19087 203832 18 757
19111 203273 21 720
19137 203335 23 712
19160 204718 20 759
19185 204020 23 753
19204 203931 16 722
19222 204395 16 727
19243 205893 19 777
19263 204488 17 753
19281 203893 16 716
19300 204570 16 731
19320 204148 17 759
19339 203432 16 741
19362 205230 20 791
19389 203963 25 746
19410 205749 18 796
19430 203799 17 754
19450 205698 17 746
19469 203302 17 741
19490 205236 18 773
19509 203342 17 755
19528 204374 16 737
19548 204402 17 762
19569 204351 19 753
19595 204163 22 773
19614 203859 17 722
19636 204690 19 771
19655 204117 17 753
19675 204873 17 747
19693 204320 16 722
19713 205287 17 773
19732 204567 17 752
19752 204339 17 760
19777 204349 22 754
19801 204207 21 723
19821 203781 17 751
19842 204357 18 748
19862 204257 17 740
19882 204471 17 768
19902 204791 17 770
19921 203958 16 715
19940 203556 17 734
19962 205481 19 779
19989 203692 23 747
20009 204294 17 746
20029 204196 17 739
20048 204217 17 725
20068 204557 17 743
20087 204598 17 735
20107 203335 17 767
20126 204121 16 734
20145 203288 17 759
20165 203007 17 738
20189 204006 21 738
20211 204803 19 770
20231 204060 17 732
20251 204279 17 731
20271 205515 17 745
20291 203755 18 770
20312 204957 17 767
20331 205356 17 762
20350 204217 16 722
20372 204163 20 778
20400 204179 25 753
20421 204584 17 779
20440 203702 17 741
20461 204641 19 760
20481 204410 17 743
20501 204103 18 765
20521 204225 18 766
20541 203446 17 742
20561 203016 17 759
20583 205621 20 778
20611 204041 25 748
20631 203521 17 759
20651 204890 17 775
20671 204401 17 757
20690 204378 17 750
20710 205098 18 792
20730 204134 17 765
20749 204348 16 742
20769 204642 17 770
20791 203695 19 710
20815 203837 22 739
20837 204581 19 780
20861 204572 20 760
20880 204596 16 738
20899 203937 17 750
20918 204460 16 732
20938 203755 17 757
20957 204397 17 751
20979 205472 20 780
21009 203206 27 738
21031 205537 19 759
21056 204066 23 749
21076 204164 18 779
21096 204137 17 755
21116 205020 17 747
21135 204794 17 760
21155 204789 16 741
21174 204888 16 737
21199 203630 23 734
21224 204381 20 771
21246 204972 18 755
21264 204616 16 722
21283 204465 17 756
21303 205605 17 768
21322 203772 16 743
21342 204124 17 747
21362 204726 17 770
21382 204464 18 760
21409 204846 24 800
21430 203863 18 728
21449 205117 17 754
21469 203916 17 787
21488 204007 17 748
21507 203904 16 731
21527 204343 17 758
21546 204823 17 773
21566 204983 17 784
21588 204268 19 784
21613 203697 22 752
21634 204149 18 749
21654 204452 18 787
21674 204324 18 745
21694 203957 17 738
21714 204964 17 755
21734 205688 18 777
21754 204718 17 765
21774 203913 17 755
21794 204362 18 732
21818 204406 21 738
21838 203970 17 742
21857 205154 17 730
21878 204189 18 741
21898 204767 17 774
21918 204460 17 769
21936 203196 16 710
21955 203990 17 740
21976 205248 18 815
21998 204671 19 760
22024 204211 23 761
22044 203900 17 761
22063 202597 16 715
22083 205257 17 776
22102 203844 16 714
22122 205558 18 768
22141 203790 16 725
22160 204475 16 740
22179 205059 17 768
22202 204472 20 773
22232 203897 28 775
22255 205299 20 777
22275 204067 17 743
22296 205163 18 778
22315 204203 17 753
22335 204960 17 763
22355 204393 17 766
22375 203791 17 760
22394 203588 16 730
22421 203403 24 749
22442 204280 18 750
22464 204362 18 776
22483 204356 17 754
22505 204847 19 758
22525 204274 17 759
22544 203756 16 730
22563 203738 17 758
22583 204492 17 747
22603 205603 18 760
22629 204413 22 733
22649 204240 17 741
22669 203644 17 755
22688 204010 17 751
22707 204253 17 742
22728 205093 18 789
22747 204346 17 740
22767 204013 17 746
22785 202820 16 729
22806 204321 18 752
22832 205317 23 754
22852 205132 18 753
22872 204362 17 749
22892 204307 18 755
22913 204908 18 779
22933 205690 17 776
22952 203933 17 763
22971 204219 17 748
22991 205306 17 771
23012 203204 18 709
23037 204069 22 757
23057 203936 17 755
23078 204935 18 769
23097 205710 17 766
23118 203169 18 746
23138 205080 17 764
23157 203752 17 742
23176 203215 17 734
23196 204834 17 761
23218 203849 20 762
23243 204429 22 769
23263 204447 17 731
23282 203370 17 747
23305 205009 21 742
23325 205085 17 743
23343 204383 16 704
23362 203616 16 709
23381 203558 17 754
23401 205228 17 761
23422 204094 19 725
23447 205088 22 735
23467 204665 17 737
23486 203450 16 710
23507 205254 19 762
23527 204820 17 746
23546 204620 17 741
23565 204806 16 724
23584 204144 17 774
23603 203499 16 737
23625 205054 19 739
23652 203526 25 722
23673 204534 18 770
23694 204989 18 760
23713 204906 17 736
23733 205101 18 804
23753 204899 17 765
23773 204266 17 746
23792 204474 17 764
23813 205181 18 777
23834 202994 19 709
23858 204076 21 745
23878 203908 17 747
23897 204204 17 752
23917 204499 17 763
23936 204696 17 747
23957 204172 17 742
23977 203864 18 761
23996 203926 17 738
24016 204080 17 760
24038 205053 19 737
24063 205285 21 759
24082 204079 17 766
24101 203999 16 697
24122 205555 18 761
24142 203951 17 765
24162 204703 18 784
24182 204799 17 741
24201 204236 17 740
24220 203936 17 744
24242 204317 20 755
24269 204711 22 716
24288 203596 16 728
24308 206372 18 737
24327 203679 16 742
24346 204900 17 752
24366 204778 17 739
24385 204604 17 740
24405 204958 17 763
24423 203071 16 727
24445 203067 19 732
24469 204406 19 739
24488 203131 17 723
24507 203932 17 734
24528 204679 18 771
24548 206008 18 781
24569 205176 18 777
24589 204926 18 764
24610 204411 18 789
24629 203986 16 737
24654 204049 22 738
24677 203966 20 772
24697 204621 17 754
24719 205678 19 775
24738 203630 17 737
24758 204817 17 761
24778 204601 17 776
24797 204779 17 762
24816 203734 16 734
24836 203685 17 737
24870 203715 30 732
24890 204742 18 784
24910 204644 17 763
24932 204186 19 764
24951 204631 17 736
24970 203574 16 730
24990 205120 17 774
25010 204499 17 759
25030 205315 17 761
25052 204567 20 757
25078 205500 23 790
25098 204679 17 761
25118 204927 17 755
25137 204291 17 740
25157 204760 17 750
25176 203187 16 734
25195 202884 17 748
25214 204279 17 758
25234 204644 17 779
25256 203870 20 739
25282 204413 22 748
25303 205197 18 751
25324 204181 18 739
25344 203779 17 731
25366 204250 19 785
25387 205220 18 764
25406 204215 17 763
25426 205385 17 768
25446 204127 17 739
25472 204021 23 762
25492 203453 18 767
25513 203659 18 771
25533 203629 17 728
25554 204765 18 767
25574 203714 18 759
25594 203856 17 747
25614 206490 18 791
25633 203837 17 760
25656 203726 20 743
25682 204496 24 718
25701 204190 17 748
25722 204903 18 754
25741 203495 17 727
25762 205060 19 767
25782 204517 17 744
25803 204793 18 787
25824 205549 18 789
25843 205197 17 749
25865 203865 19 718
25889 204958 22 758
25909 205238 18 755
25929 203100 17 760
25950 204447 19 772
25969 202756 16 733
25990 204408 18 751
26010 205021 17 754
26029 204889 17 729
26049 205479 18 766
26072 204477 20 718
26101 204700 25 766
26121 204415 17 733
26140 203273 16 718
26160 205247 17 775
26181 204746 18 743
26202 204851 19 777
26222 204461 17 757
26241 204579 17 742
26263 204615 19 789
26290 204866 24 739
26310 204578 17 748
26331 205592 18 793
26351 203731 18 744
26372 203442 17 743
26392 203193 18 734
26412 204016 17 740
26433 204547 18 781
26453 205008 17 772
26475 203618 20 759
26499 204223 20 714
26520 204065 18 773
26542 204276 19 753
26561 204630 17 750
26582 203648 18 770
26601 203923 17 755
26621 205275 17 774
26641 204223 17 777
26661 204182 17 758
26684 204795 20 761
26706 204011 18 715
26725 204881 17 755
26745 204793 17 749
26764 204710 16 728
26784 205579 17 783
26803 204854 17 760
26823 205045 17 781
26844 204627 18 778
26865 205248 19 800
26890 204655 22 769
26913 204279 19 777
26933 205046 17 753
26953 204867 18 751
26973 204469 17 771
26993 204634 17 753
27013 205201 18 787
27034 204946 18 812
27053 204095 17 749
27074 203830 18 727
27099 204614 22 733
27120 204560 17 757
27139 204032 17 757
27159 204493 17 752
27181 204654 19 788
27200 204179 17 722
27220 205088 17 755
27240 204170 17 768
27259 203470 17 747
27281 204311 20 757
27309 204944 25 779
27330 204993 18 802
27351 205964 19 801
27372 204096 17 749
27391 203866 16 712
27411 204573 18 762
27430 204178 16 729
27449 202951 16 717
27468 204146 16 740
27491 205024 21 763
27520 204409 23 772
27540 204419 17 750
27560 203773 17 747
27578 203793 16 711
27599 205131 18 754
27618 203928 16 725
27637 203927 17 742
27656 204589 17 755
27676 203942 17 751
27702 204236 23 769
27724 204448 18 767
27744 205610 18 798
27764 204324 18 741
27784 203907 17 766
27803 204094 17 743
27823 204872 17 769
27843 204182 17 774
27861 203724 16 720
27880 204787 16 735
27905 203633 21 746
27927 203556 19 720
27948 205641 18 777
27968 204576 17 767
27987 204514 16 731
28005 204735 16 728
28025 205035 17 753
28045 204869 17 751
28064 205072 16 742
28085 203976 18 791
28111 203837 23 747
28134 204983 19 790
28153 204144 17 759
28173 204265 17 748
28195 205641 19 781
28214 204002 17 762
28236 204347 18 787
28255 204578 17 740
28276 203878 18 795
28300 205169 22 772
28326 203856 23 724
28346 204919 18 781
28374 203429 25 771
28394 204860 17 762
28414 204364 17 748
28433 203881 16 739
28452 204351 17 766
28471 203690 16 744
28492 204871 18 762
28514 204956 18 718
28538 204543 22 740
28560 204640 20 742
28582 204030 19 737
28602 204406 17 741
28623 204435 19 802
28642 203545 16 725
28662 203697 17 747
28682 204340 17 774
28705 204451 20 768
28734 203720 27 768
28755 204094 18 748
28775 204570 18 735
28796 204250 18 789
28817 205055 18 783
28837 204613 17 749
28856 203591 17 747
28876 205354 18 792
28897 203937 18 789
28922 203813 22 752
28944 204482 18 725
28963 204340 17 759
28984 204563 18 731
29004 205395 17 751
29024 204809 17 773
29043 204220 16 741
29062 204241 16 728
29081 203802 16 737
29100 204529 16 717
29127 204589 24 758
29150 205131 19 751
29169 204125 17 732
29189 204902 17 768
29208 204573 17 756
29228 204375 17 730
29247 204043 17 759
29266 204270 16 742
29287 204734 18 759
29309 204481 19 763
29337 204292 25 767
29358 204932 18 800
29377 205041 17 742
29399 205960 19 760
29418 202850 16 721
29437 203631 17 737
29457 205142 17 768
29477 204342 17 764
29497 205435 17 776
29520 203957 20 788
29547 205072 25 756
29567 205292 17 742
29588 205030 19 757
29609 205114 18 770
29628 204619 17 761
29648 205516 17 766
29668 203593 17 761
29687 204281 17 765
29707 203483 17 754
29736 204542 25 781
29755 204471 17 738
29775 204526 17 732
29795 204275 17 749
29814 202806 17 739
29834 204870 17 765
29853 203238 16 738
29872 203573 17 743
29892 205026 17 777
29911 205065 17 746
29936 205274 22 735
29962 204230 20 736
29982 204805 17 769
30001 204143 17 742
30021 204232 17 736
30041 204544 17 733
30060 204211 17 747
30080 204963 18 770
30099 205065 17 746
30118 203987 17 701
30146 205556 24 771
30167 203337 17 765
30187 203507 17 754
30208 204658 18 753
30227 205479 17 754
30248 204718 18 806
30267 203379 16 738
30286 204912 16 732
30310 204622 21 773
30331 204162 18 718
30357 204000 23 741
30376 204220 16 734
30395 204014 17 726
30415 204828 17 735
30434 203742 17 734
30453 203839 17 743
30473 204848 17 753
30494 205495 18 833
30514 204592 17 769
30535 203718 19 718
30561 205689 23 767
30581 204780 17 762
30601 203814 18 745
30622 205185 18 762
30642 204709 17 740
30661 203256 17 738
30679 203801 16 712
30700 205609 18 784
30720 204382 18 770
30743 205023 20 740
30767 204118 19 741
30786 204773 17 745
30807 204107 18 743
30827 204177 18 789
30847 203262 17 742
30865 203264 16 706
30884 203854 16 729
30903 204338 17 754
30922 204115 17 755
30944 205184 19 761
30968 204383 21 743
30988 204730 17 765
31008 204623 18 776
31027 204005 17 734
31048 204374 18 781
31067 204016 17 738
31087 203308 17 740
31107 203449 17 737
31126 204952 17 762
31148 203458 19 736
31173 204337 21 765
31194 203929 18 747
31213 203172 16 713
31233 204189 18 763
31253 204782 17 746
31272 203966 17 728
31292 203999 17 748
31311 204002 17 760
31331 204598 17 764
31359 204627 25 787
31386 204599 23 770
31406 205483 18 760
31428 204990 19 757
31447 204486 17 751
31467 203233 17 739
31486 204440 17 760
31505 204270 17 744
31525 204514 17 752
31547 205499 20 777
31572 204209 22 756
31592 204923 18 780
31612 204223 17 750
31632 204391 17 719
31651 204330 17 745
31672 204674 18 782
31693 204565 18 797
31712 204338 17 736
31731 204363 17 748
31753 204885 19 755
31778 204665 23 727
31798 204422 17 764
31817 203712 17 738
31838 204850 18 766
31857 204221 16 712
31876 204617 16 736
31896 203381 17 762
31915 203924 17 745
31935 203861 17 760
31957 205030 19 763
31983 204304 23 743
32002 203757 17 753
32022 204564 17 746
32043 204455 17 754
32063 203498 17 758
32082 204390 17 761
32100 203287 15 694
32119 203999 16 735
32139 205948 17 775
32161 204467 19 739
32188 204269 24 757
32206 203996 16 715
32226 205173 17 771
32246 203497 16 737
32266 205302 18 790
32285 203715 17 739
32305 203671 17 755
32325 204617 17 779
32344 204950 16 722
32365 205227 19 759
32389 203533 21 709
32409 204950 17 772
32430 204463 18 752
32450 204736 17 750
32470 205225 18 770
32489 204304 16 715
32509 205475 17 773
32529 204005 17 745
32549 205078 17 749
32581 205261 29 771
32605 204780 21 778
32623 205242 16 715
32643 203945 17 745
32665 204741 19 789
32685 203747 17 763
32704 204217 17 742
32724 206457 18 782
32744 204437 17 749
32767 204537 20 751
32794 203061 24 731
32814 203889 17 780
32833 203419 17 735
32852 205086 17 734
32872 204817 17 742
32892 204050 18 784
32911 205454 17 755
32931 204823 17 758
32950 203351 17 751
32971 204325 19 776
32996 204997 22 744
33016 205116 17 772
33036 204670 17 762
33056 204335 18 789
33075 205475 17 761
33095 204098 17 759
33114 204937 17 749
33134 204516 16 737
33152 204737 16 730
33174 205058 19 768
33199 204023 22 733
33217 203593 16 719
33237 204875 17 742
33258 205452 18 713
33278 203900 17 781
33298 204729 18 782
33318 204784 17 774
33337 204802 16 735
33355 204743 16 724
33378 204452 20 756
33404 204808 23 788
33424 204197 17 775
33444 204874 17 766
33463 204303 17 747
33484 204533 18 784
33505 203930 18 746
33525 204242 18 764
33545 204025 17 753
33564 203780 17 755
33587 205477 20 765
33611 204721 20 742
33631 205536 17 773
33652 204485 18 757
33671 205180 16 739
33690 203895 16 728
33710 204722 17 768
33729 204970 17 734
33749 203855 17 779
33769 204001 17 752
33795 204326 23 759
33820 204592 21 784
33841 204749 18 764
33862 204870 18 760
33882 204382 18 787
33900 203869 16 716
33920 203278 17 760
33940 204854 18 750
33959 203562 16 713
33981 204412 19 766
34008 205234 25 725
34028 203926 17 747
34047 204233 17 736
34066 203750 16 697
34086 204228 18 762
34106 205018 17 735
34126 205311 17 747
34146 204745 18 767
34166 205093 17 756
34187 204640 19 747
34214 204853 24 725
34235 205093 19 782
34255 204871 17 756
34274 205096 17 736
34294 203940 18 772
34315 205297 18 783
34334 204163 16 740
34353 204279 17 770
34373 204822 17 771
34394 203798 19 725
34421 203896 24 745
34443 205344 19 804
34465 204505 19 785
34485 203348 17 749
34505 203730 18 772
34525 204456 17 760
34544 203802 16 715
34563 203442 17 748
34583 204330 17 781
34610 204473 24 762
34630 203312 17 746
34649 204087 17 743
34669 204443 17 776
34690 203955 18 793
34710 204794 17 756
34729 203653 16 731
34749 204651 17 775
34768 204534 17 752
34788 204689 17 750
34815 204054 23 765
34837 205096 19 773
34856 203199 17 749
34878 204467 19 771
34897 204210 17 749
34916 204082 16 714
34935 204256 17 773
34954 204791 16 726
34973 204689 17 741
34995 204407 19 776
35023 205970 26 811
35043 203658 17 730
35063 204457 17 748
35083 203256 18 752
35103 205025 17 761
35123 204275 18 773
35144 205522 17 776
35163 205250 17 767
35184 204433 18 769
35205 204465 19 726
35234 204945 27 767
35255 203871 18 745
35275 205219 17 740
35295 204427 17 758
35314 203609 17 738
35334 203985 17 745
35353 204680 17 748
35372 204425 16 729
35391 204102 16 726
35414 204602 20 753
35440 204237 22 776
35460 205095 17 750
35480 203000 18 749
35499 203516 16 711
35519 203644 17 739
35539 204228 17 764
35558 204445 17 756
35578 204694 17 763
35597 204381 16 724
35622 204321 22 756
35646 204656 21 774
35668 204656 19 786
35688 204060 17 752
35707 203824 16 736
35725 203475 16 721
35744 205294 16 745
35764 204455 17 745
35783 205044 17 745
35803 204615 18 782
35828 204104 21 751
35849 204596 18 763
35869 204479 17 767
35888 204576 17 742
35907 203916 17 750
35927 205141 17 754
35947 204929 17 742
35966 203549 17 719
35985 203522 17 715
36005 204123 17 747
36027 203892 19 727
36053 204858 23 771
36077 205302 21 754
36099 204016 19 745
36118 203725 16 699
36137 203738 17 724
36157 203798 17 740
36177 204987 17 750
36197 204745 18 766
36220 203317 20 739
36239 203737 17 707
36263 204600 21 753
36287 203717 21 729
36309 203758 17 729
36329 204165 17 741
36349 204483 17 769
36368 204048 17 741
36388 204076 17 779
36408 204474 17 759
36430 204765 19 732
36458 203218 23 743
36480 204972 19 760
36499 203714 17 735
36519 204448 17 738
36539 204370 17 755
36558 204294 17 731
36578 204134 16 719
36598 204449 18 757
36619 204995 19 789
36644 204177 22 736
36664 204889 17 755
36683 203564 16 727
36702 204701 17 753
36722 203635 17 752
36741 204565 16 731
36760 205110 17 752
36779 204411 17 742
36799 204741 17 773
36820 204177 18 778
36845 204496 22 764
36866 204330 18 774
36885 204538 16 728
36906 203837 18 742
36926 203579 17 756
36945 204528 17 762
36965 204437 17 744
36985 204544 17 778
37005 205015 18 783
37026 202855 18 731
37053 204080 24 762
37073 204050 18 767
37093 205562 17 766
37113 204254 17 768
37132 203210 17 756
37152 203976 18 781
37172 203668 17 754
37191 204120 17 747
37211 204586 17 776
37232 203840 19 730
37259 204529 24 776
37278 204274 17 757
37300 205471 19 815
37322 203667 19 749
37342 204082 17 753
37361 204840 16 737
37380 204301 16 740
37399 203565 17 771
37419 204518 18 788
37441 204943 19 736
37468 204367 25 750
37489 203565 18 738
37508 204671 16 738
37529 204679 18 781
37548 205602 17 759
37568 204488 17 762
37588 204056 17 744
37608 205407 17 762
37628 204206 17 770
37652 204485 21 803
37676 204632 19 727
37696 205287 18 781
37716 204098 17 748
37736 204790 18 773
37756 205369 17 743
37776 204970 18 791
37796 204715 17 771
37815 204301 17 741
37836 205337 18 769
37872 204014 33 756
37892 203625 17 747
37912 204809 17 743
37933 204365 18 784
37952 204295 16 736
37972 205251 18 792
37992 204870 17 757
38013 204562 18 765
38032 204523 16 725
38054 204757 20 731
38081 205186 23 791
38101 204450 18 769
38123 204735 19 786
38142 205560 17 756
38161 205064 17 745
38181 204462 17 765
38200 204863 16 733
38219 204556 17 748
38238 204600 16 741
38265 204527 24 755
38288 205337 19 771
38308 203864 17 745
38327 204173 16 728
38346 204682 17 758
38365 204984 17 742
38384 202823 16 713
38404 203634 17 749
38424 203558 18 779
38443 204581 17 760
38465 204106 18 754
38486 204688 19 781
38513 204749 24 756
38532 204632 16 729
38552 204966 17 769
38572 204177 17 714
38591 203986 17 748
38611 204031 17 749
38631 205789 18 792
38650 204843 16 733
38669 203658 17 738
38691 205273 19 777
38718 204455 24 752
38737 204167 17 741
38758 204374 18 746
38778 205007 17 747
38799 204237 18 754
38819 204240 17 748
38838 204754 16 729
38858 205074 18 777
38879 205204 18 794
38905 204598 22 756
38926 204911 18 752
38946 204157 17 751
38965 203969 16 731
38984 203848 17 736
39004 205386 18 765
39024 204133 17 736
39044 205034 18 773
39064 204212 17 738
39083 204641 17 729
39115 204328 29 749
39138 204360 19 715
39159 205180 18 762
39180 205049 18 790
39200 204912 17 773
39220 204698 17 758
39240 204584 18 780
39260 205391 17 760
39279 204326 17 755
39302 205377 20 783
39327 204508 22 747
39347 204857 17 774
39367 204109 17 769
39387 203661 18 734
39407 204964 17 758
39427 204685 17 766
39446 204719 17 753
39466 204682 17 761
39485 204462 17 747
39509 204646 22 793
39533 204011 20 747
39552 204220 16 732
39573 203728 18 748
39593 204954 17 768
39613 204385 18 762
39633 204757 17 746
39653 204068 17 760
39671 204769 16 734
39692 204823 18 796
39717 204366 22 755
39738 204568 17 726
39758 204612 17 767
39778 204878 18 781
39798 204369 17 759
39818 204779 17 770
39837 204906 17 755
39857 205146 17 778
39876 204320 16 733
39895 205031 16 738
39918 205186 20 742
39941 205025 19 767
39961 204500 17 766
39981 203857 18 755
40001 203514 17 760
40021 204925 17 774
40041 204994 17 761
40060 203747 17 740
40079 204023 17 736
40099 203971 17 735
40126 204059 23 737
40149 204511 20 756
40169 203919 17 763
40188 204885 17 745
40209 204404 18 770
40228 204980 17 743
40248 204481 17 749
40268 204276 17 745
40288 204455 17 745
40310 204004 19 732
40339 204002 26 764
40359 204817 17 737
40379 203664 17 749
40399 205312 18 781
40420 205874 18 767
40439 203984 16 730
40458 205769 17 746
40477 203877 16 735
40497 204973 17 787
40521 205239 21 779
40546 203883 22 735
40566 203997 17 753
40587 204871 19 765
40608 203208 18 764
40628 204228 17 754
40648 204976 18 761
40669 204825 18 812
40690 205123 18 768
40710 204234 18 765
40736 205350 23 773
40757 203773 17 725
40778 204502 18 770
40797 203416 16 714
40818 204354 18 790
40839 204258 18 750
40860 203768 18 771
40880 204307 17 756
40900 204383 17 773
40922 204079 20 745
40950 204256 26 793
40970 204862 17 753
40990 204890 17 765
41011 204891 18 755
41030 204443 16 719
41049 204786 17 729
41070 204043 18 777
41089 203911 17 718
41108 204297 17 747
41130 204999 19 767
41156 203235 24 719
41177 204178 18 785
41198 204477 18 748
41218 204331 17 770
41238 204591 18 766
41257 204619 16 736
41277 204627 17 769
41297 204503 17 775
41316 204344 17 757
41340 204342 21 755
41363 205873 19 794
41383 203632 17 732
41403 204704 17 778
41422 204819 17 758
41443 204751 18 754
41462 204018 16 735
41481 204348 17 759
41501 204179 17 751
41520 204842 17 754
41547 204494 23 749
41567 203421 16 727
41587 205015 17 766
41607 204974 17 766
41627 203808 18 772
41647 203493 18 758
41667 203271 17 757
41687 205343 17 778
41707 204277 17 763
41727 204541 17 745
41755 204478 25 747
41780 205990 19 770
41801 204082 19 778
41821 205128 17 768
41842 204251 18 787
41863 206044 18 788
41883 204059 18 769
41904 204259 18 751
41924 204578 17 760
41945 204457 19 738
41970 204690 21 769
41990 204999 17 771
42010 204708 18 753
42031 205583 18 798
42050 204787 17 754
42070 204548 17 747
42090 204766 17 762
42110 205249 18 781
42130 204216 17 737
42157 205242 24 804
42180 204647 20 764
42200 204723 17 761
42219 204761 16 732
42238 203696 16 737
42257 204713 17 742
42276 204323 17 750
42296 204400 17 751
42316 203943 17 771
42336 204252 18 758
42361 203383 22 762
42382 205034 18 767
42402 204771 18 763
42424 203808 19 762
42443 204657 17 749
42462 203339 17 736
42482 204627 17 750
42501 204711 17 772
42520 201656 16 726
42541 204963 18 766
42568 204252 23 767
42588 204541 17 765
42608 203447 17 751
42629 203759 18 749
42648 204275 17 729
42667 203655 16 725
42686 203105 17 750
42706 205351 17 767
42726 203937 17 742
42748 204454 19 723
42774 204397 24 731
42794 204951 17 755
42815 204296 18 763
42834 204607 17 735
42853 203062 16 726
42872 204056 16 718
42892 204466 17 745
42912 203412 17 760
42931 203752 17 726
42953 205119 19 743
42984 204310 29 774
43004 204425 17 746
43025 204651 19 763
43045 204015 17 740
43066 204965 18 787
43087 205139 18 779
43106 203569 17 754
43126 204641 17 776
43145 203245 16 722
43169 203850 22 745
43192 203609 19 719
43214 205939 19 794
43233 204760 17 740
43252 204200 17 757
43272 204898 17 752
43291 204761 17 725
43311 204140 17 757
43332 203590 18 775
43352 205296 17 752
43376 204083 21 737
43397 205002 18 774
43417 203911 17 761
43438 203745 19 769
43458 204950 18 789
43478 204596 17 756
43498 204892 17 778
43517 204172 17 758
43537 204209 17 754
43559 204866 19 786
43590 205767 27 766
43610 204128 17 767
43633 204768 20 764
43651 204028 16 708
43671 203682 17 756
43690 204378 17 749
43712 205704 19 802
43733 203620 19 744
43754 205646 18 792
43778 205529 20 788
43797 203370 17 765
43818 204383 18 786
43843 204261 22 761
43865 204615 20 747
43886 204632 16 739
43905 203620 17 742
43924 203080 16 727
43944 204956 17 747
43965 203510 19 724
43991 204735 23 743
44011 204775 18 770
44032 206372 18 746
44052 203354 17 762
44071 203940 17 764
44090 204654 16 731
44110 204506 17 739
44129 204004 16 737
44148 204239 17 755
44171 204891 20 781
44196 204376 22 758
44215 204637 17 753
44235 204434 17 738
44255 204911 18 757
44275 203393 17 744
44295 204392 18 774
44316 205576 18 793
44335 204128 17 732
44355 205057 17 758
44376 204192 19 754
44404 204392 25 758
44423 203724 17 735
44443 204814 17 756
44463 204168 17 723
44484 204352 18 792
44503 204003 17 742
44523 206225 18 764
44543 204379 17 737
44563 204917 17 725
44586 205121 20 761
44611 204807 21 747
44631 205074 18 785
44653 204425 19 763
44674 205673 18 801
44692 203184 15 694
44712 203562 17 787
44731 203923 17 751
44751 203770 17 750
44770 204184 17 765
44793 203746 20 734
44815 204300 17 737
44834 204118 17 728
44854 205002 17 758
44873 204252 16 731
44893 205263 17 782
44912 204472 17 758
44933 205455 18 794
44952 205064 17 752
44971 204497 17 754
44994 205263 20 759
45020 203857 22 773
45041 204168 17 736
45061 204236 18 784
45080 203494 16 723
45099 205280 17 748
45118 204307 17 729
45137 204999 17 745
45157 204027 17 755
45177 204646 17 745
45203 205267 23 772
45224 204596 18 759
45244 204708 17 772
45265 203723 18 743
45284 204594 17 763
45304 204169 17 775
45323 204236 17 749
45343 203881 17 744
45362 204318 17 739
45381 203705 16 728
45405 203931 21 719
45426 203204 17 773
45447 204992 18 782
45466 203716 17 738
45485 204629 17 740
45505 204339 17 737
45525 204029 17 767
45544 204543 17 751
45564 203654 17 759
45582 205083 16 699
45609 204601 24 784
45633 203990 20 732
45654 205163 18 760
45675 204991 18 742
45695 204616 17 732
45715 204711 18 775
45735 203671 17 762
45754 204490 17 750
45773 205384 16 713
45795 204460 20 751
45819 204423 22 735
45839 204820 17 760
45860 204381 17 751
45881 205232 19 770
45901 203627 18 767
45921 204739 17 758
45940 204377 16 732
45959 204764 16 736
45979 203897 18 797
46001 204061 19 769
46026 204138 22 748
46046 204221 17 727
46065 204343 17 745
46085 202973 17 742
46104 202818 16 699
46125 204657 18 778
46144 203351 17 733
46164 204406 18 759
46184 204775 17 745
46207 204260 21 746
46232 205411 22 750
46251 204220 17 756
46272 204983 18 786
46293 204668 17 764
46312 203904 16 734
46331 204886 17 746
46351 205765 18 787
46370 205068 17 735
46390 204581 17 765
46411 203730 19 750
46439 204471 25 796
46459 202630 17 698
46480 204335 18 785
46500 204733 17 739
46519 203955 17 746
46539 203400 17 744
46558 205654 17 771
46577 203702 16 734
46596 204009 17 747
46620 204506 21 766
46646 204033 21 778
46666 204156 17 750
46685 204236 17 746
46705 204063 17 765
46725 204278 17 747
46745 204472 17 747
46765 204835 17 763
46785 205147 18 768
46806 204757 19 741
46832 204292 22 722
46855 204700 18 759
46874 203910 16 704
46894 203703 18 738
46914 205067 17 784
46934 203788 17 769
46953 204451 17 749
46972 203389 16 734
46992 204247 17 768
47013 204584 19 755
47039 205802 23 756
47059 204305 17 738
47078 204127 16 711
47099 204293 18 739
47119 204240 18 777
47139 204297 18 764
47159 205666 17 762
47178 205397 16 744
47197 204551 17 751
47218 204454 18 723
47242 204701 22 748
47261 203893 17 724
47281 204574 18 783
47300 203846 16 728
47319 204179 17 742
47339 204792 17 751
47360 204201 18 778
47380 204328 17 761
47399 204286 17 766
47422 204333 20 754
47447 204629 23 737
47466 203912 17 741
47486 204685 17 748
47508 205577 19 798
47528 205325 18 789
47549 204746 18 798
47568 205455 17 764
47588 205121 17 759
47608 204894 17 760
47629 204339 19 752
47654 204166 22 718
47674 203511 17 746
47694 205273 17 747
47715 204705 18 771
47735 204138 17 719
47755 205085 17 762
47774 204595 16 739
47793 203843 17 743
47812 204765 17 750
47835 205104 20 777
47861 204648 22 770
47881 204618 17 747
47901 205603 17 757
47921 205357 18 780
47940 204256 16 725
47959 204988 17 767
47979 204730 17 756
47998 203581 17 779
48018 205451 17 748
48041 203555 21 730
48067 203628 21 749
48087 203905 17 735
48106 204624 17 745
48127 205226 18 772
48147 204801 17 747
48167 204705 17 747
48187 204360 18 763
48207 204389 17 740
48228 205036 18 773
48254 204092 22 747
48273 204292 17 730
48293 203512 17 755
48314 204539 18 728
48333 204153 17 745
48353 204617 17 763
48372 203572 16 713
48391 204586 17 752
48410 204148 17 760
48430 203778 17 739
48456 204250 22 763
48476 204575 17 757
48495 204150 17 754
48515 203538 17 760
48534 203935 17 761
48554 204661 17 752
48573 203704 17 759
48592 203518 16 726
48612 204941 18 763
48632 204146 17 740
48658 203564 22 735
48678 204508 18 755
48697 204132 16 726
48718 203504 18 750
48738 204579 17 761
48756 203546 16 719
48775 204256 16 738
48794 203473 16 732
48814 205548 17 761
48834 204563 18 758
48859 203990 21 722
48880 203744 17 716
48900 203662 17 765
48921 204597 18 723
48940 204521 17 760
48960 204007 18 780
48980 203700 17 726
49000 204552 18 777
49020 204279 17 720
49041 203806 18 751
49068 203536 24 747
49088 205487 18 777
49108 204074 17 756
49127 204439 16 728
49146 205093 17 763
49165 204706 16 745
49185 203750 17 759
49205 204116 17 773
49224 203776 16 733
49244 204122 18 754
49279 204241 31 743
49301 205185 20 773
49322 204381 18 760
49342 204829 17 752
49362 204185 18 766
49382 205172 18 765
49402 204587 17 742
49421 203763 17 752
49441 204014 17 753
49464 204690 21 756
49487 203274 18 723
49506 205222 17 747
49527 204404 19 768
49547 204216 17 771
49566 204673 17 743
49586 205298 17 776
49605 203903 16 740
49625 204240 18 776
49644 204465 16 716
49666 203672 20 746
49690 204464 20 734
49710 203749 18 784
49731 205448 18 792
49750 203922 17 757
49769 204190 16 725
49789 203473 17 754
49808 204795 17 765
49828 204477 17 756
49848 204128 17 759
49872 203626 21 752
49894 203715 18 739
49913 202860 16 712
49933 203332 18 729
49953 204040 17 765
49973 204232 17 760
49993 204777 17 780
50012 203911 17 752
50033 205016 18 803
50052 203825 17 741
50078 204257 23 764
50100 204999 19 744
50120 204849 17 746
50141 204605 18 752
50160 203851 16 714
50179 205174 17 770
50199 204340 17 762
50219 205130 17 770
50238 204708 17 743
50258 204428 17 761
50282 205226 21 744
50303 204830 18 739
50323 205049 18 783
50343 204381 18 775
50363 204028 17 744
50384 205518 19 804
50404 204524 17 721
50424 205168 18 776
50444 205230 17 764
50466 205813 20 785
50495 204655 27 759
50515 204102 17 756
50534 203168 16 729
50554 204694 18 733
50573 203946 16 731
50593 205148 18 786
50612 202607 16 717
50632 204290 17 742
50653 205677 18 775
50675 204104 20 764
50701 205147 23 771
50720 204649 16 722
50740 203746 17 711
50761 204520 18 770
50780 204398 17 736
50801 205682 18 799
50820 205100 16 723
50840 204846 17 766
50859 205029 17 743
50881 205176 19 778
50906 204664 21 754
50925 205034 17 735
50944 203738 16 729
50963 204549 17 744
50983 204482 17 734
51003 205684 18 789
51022 203806 16 712
51042 204698 17 752
51061 204141 17 739
51083 204240 19 754
51109 204540 24 774
51130 204580 18 764
51155 204424 22 725
51174 204548 17 734
51194 203392 17 739
51214 204012 18 762
51234 204130 18 768
51253 204783 16 718
51273 204374 17 729
51297 204478 21 798
51322 204321 22 753
51344 203259 20 745
51363 204120 16 738
51385 203709 19 771
51404 204365 17 726
51424 204577 18 771
51446 205847 19 806
51466 204632 18 780
51488 205065 19 759
51514 203670 23 744
51534 203717 17 761
51553 204554 16 716
51574 205206 18 776
51593 204214 17 732
51612 204116 16 716
51632 204880 17 773
51651 203771 17 761
51671 204138 17 746
51694 204279 20 768
51720 204475 22 763
51740 205233 17 767
51759 204372 17 751
51779 203966 17 764
51797 203706 16 718
51817 203581 17 749
51836 203989 17 736
51856 204712 17 766
51876 203682 17 765
51899 204968 21 758
51927 204598 23 753
51947 204748 17 762
51967 204921 18 737
51988 205148 18 779
52007 205265 17 761
52027 205117 18 783
52047 204451 17 771
52066 204648 16 740
52086 205397 18 760
52113 203898 22 765
52134 203654 18 772
52154 204924 18 783
52175 204418 19 774
52195 204016 17 772
52215 205625 17 771
52235 203845 17 753
52254 204701 17 743
52273 204565 17 759
52294 203316 18 736
52318 204082 22 723
52338 204084 17 764
52358 202731 17 745
52378 205311 17 730
52398 204582 18 774
52417 204132 16 722
52436 204555 16 738
52455 204421 17 748
52475 205742 18 787
52496 203935 18 736
52520 203943 22 763
52542 204691 19 763
52562 203588 17 751
52581 203466 16 734
52600 204222 17 781
52619 204629 16 736
52639 204292 17 756
52659 205539 18 786
52678 204382 16 741
52698 204038 18 725
52724 204836 22 741
52745 205075 18 762
52764 203476 16 722
52784 204333 18 740
52804 204707 17 749
52824 203793 17 727
52844 205098 17 765
52863 204354 17 761
52883 204674 17 738
52904 203850 18 725
52930 204653 24 776
52951 204538 18 780
52971 204427 17 753
52990 203625 16 731
53010 205452 17 757
53030 205043 17 769
53050 203905 17 787
53069 203991 16 726
53088 204850 17 768
53111 205219 20 766
53140 204330 27 754
53161 203885 17 751
53182 203753 19 754
53202 203638 17 741
53223 204736 18 787
53242 205229 17 771
53262 205127 17 751
53282 204441 17 757
53302 205058 17 765
53328 204203 24 758
53349 206285 18 764
53368 204519 16 725
53387 204014 17 744
53408 204159 18 750
53428 205056 17 776
53448 205088 18 793
53468 206143 17 769
53488 203959 17 765
53508 204933 18 763
53533 204551 21 756
53553 204669 17 732
53573 204192 17 746
53593 202947 18 721
53613 204241 17 727
53632 204508 16 729
53651 204819 17 743
53670 202988 17 741
53689 204522 17 748
53709 205466 17 748
53734 203775 22 736
53757 204785 19 776
53776 204436 17 753
53796 203866 17 769
53816 204521 17 768
53836 204519 17 754
53855 203160 16 732
53874 204551 17 738
53894 204612 17 772
53915 204953 19 798
53941 204418 22 750
53963 204653 19 766
53983 204989 17 783
54001 204638 16 722
54020 204337 16 731
54039 203754 16 741
54059 204563 17 765
54078 203787 16 726
54097 204614 17 760
54118 203913 18 775
54145 203713 22 751
54165 205127 17 717
54185 205129 17 755
54206 205183 18 748
54226 204263 17 734
54246 203844 17 744
54265 203973 17 742
54286 204957 17 761
54306 204335 18 768
54329 204611 20 761
54355 204204 23 759
54373 203825 16 721
54392 203745 16 709
54411 204011 17 739
54432 205754 18 776
54452 204966 17 761
54471 204828 17 744
54490 204755 17 749
54511 204494 17 770
54536 205135 23 756
54566 204290 25 764
54586 204998 17 738
54607 204466 19 770
54626 204712 17 738
54645 204382 17 718
54665 203957 17 742
54685 203339 17 730
54706 204017 18 774
54726 204314 18 756
54752 205287 23 747
54775 204441 18 783
54794 204217 17 744
54815 205190 18 778
54834 203757 17 750
54854 204601 17 773
54873 204295 16 737
54893 205132 18 799
54913 204114 17 741
54934 204468 19 741
54959 204060 22 757
54978 204206 16 721
54998 204024 18 781
55017 203633 17 739
55037 204492 17 764
55056 205223 17 754
55075 205069 16 740
55094 203986 16 733
55114 204759 17 752
55134 204021 17 738
55160 204614 22 782
55180 203705 18 752
55199 204663 17 737
55222 204328 20 800
55242 204471 18 771
55261 204608 16 741
55281 204734 17 785
55301 205021 17 756
55321 205064 17 764
55342 203726 19 735
55369 203708 24 739
55390 204434 19 767
55409 204250 17 743
55429 204148 17 753
55448 204021 16 733
55467 204935 17 763
55487 205483 17 755
55506 205465 17 754
55526 205158 17 779
55548 204240 19 755
55573 204414 22 785
55594 204650 18 777
55614 205600 18 776
55634 203924 17 781
55654 203884 17 781
55674 205178 18 784
55694 205353 18 791
55715 205551 18 789
55735 204060 18 769
55757 203664 19 754
55785 204386 24 718
55804 204582 17 762
55825 204094 18 758
55845 204869 18 764
55865 204348 17 738
55884 204398 17 741
55904 203935 17 746
55923 203414 17 746
55943 204097 17 753
55970 204197 24 726
55991 204857 18 774
56011 205308 17 761
56032 204133 18 738
56053 205232 18 802
56072 203290 16 723
56092 203601 17 741
56111 204912 17 752
56130 203564 17 750
56153 205251 20 780
56176 204363 20 721
56196 205746 17 756
56215 204532 17 742
56234 204462 17 755
56254 205358 17 750
56273 203493 17 751
56293 204741 17 750
56312 203822 17 725
56331 204077 17 737
56351 205516 18 766
56376 203772 22 751
56398 205374 18 758
56417 204298 16 739
56436 204858 17 757
56456 204275 17 732
56476 203543 17 753
56495 204350 17 757
56514 204627 17 742
56534 204940 17 750
56553 203877 17 752
56580 204331 23 749
56601 203696 18 769
56621 205321 17 767
56642 204328 19 772
56663 204339 17 768
56682 204376 17 737
56702 205021 17 770
56722 204938 18 788
56743 203937 18 783
56764 204640 19 753
56792 204068 25 768
56811 204210 17 727
56830 204859 17 735
56851 206368 18 812
56870 204093 16 725
56889 204175 17 729
56909 203367 17 754
56928 203315 17 726
56947 204643 16 734
56969 204478 19 748
56993 204986 22 756
57013 204159 17 754
57033 204086 17 754
57052 203981 17 730
57072 204393 17 753
57091 204339 17 755
57110 203389 17 727
57130 203890 17 751
57151 205696 18 790
57173 204152 19 786
57203 203496 28 733
57223 204561 17 767
57244 204536 18 757
57264 203936 18 767
57283 203648 16 711
57303 204178 17 777
57322 204781 17 739
57342 204770 18 775
57362 204490 17 753
57384 204275 20 737
57407 203835 19 738
57427 203994 17 750
57445 204287 16 712
57466 204112 18 769
57485 204054 17 731
57506 204037 18 762
57526 204962 17 759
57545 203446 17 748
57565 204613 17 772
57586 204180 18 738
57610 205662 20 735
57629 203066 16 724
57650 205130 18 743
57670 204492 17 771
57689 203812 16 722
57709 203743 17 738
57728 203305 16 718
57748 203441 18 775
57768 204702 17 748
57790 204445 20 728
57815 206083 21 780
57836 204078 18 776
57856 204919 18 726
57876 204989 17 748
57897 204386 18 777
57917 204408 17 783
57936 204048 17 767
57956 205302 17 771
57975 203889 17 736
58002 204364 24 749
58023 205026 18 767
58043 204405 17 749
58063 204253 17 738
58083 204245 17 773
58102 204922 17 750
58122 203989 17 734
58142 204398 17 757
58162 205128 17 746
58183 204571 19 766
58209 203881 23 765
58229 205038 17 758
58250 203874 18 739
58268 203434 16 718
58288 205681 17 755
58308 203704 17 749
58327 204653 17 743
58347 204869 17 756
58367 203895 18 787
58388 204575 18 718
58417 204209 26 759
58437 205472 17 760
58457 205376 17 750
58477 204322 18 751
58498 205327 18 782
58518 204806 17 782
58538 205336 17 775
58557 204345 16 732
58577 204340 17 761
58599 203500 20 739
58625 204575 23 734
58645 204386 17 752
58666 205066 18 740
58685 203151 17 733
58705 205116 17 747
58725 205230 18 773
58746 204930 18 792
58766 203322 17 717
58785 204315 17 751
58810 204350 22 791
58835 204202 23 740
58862 204901 24 785
58882 204683 17 743
58903 204839 18 780
58923 204607 17 753
58943 205809 18 768
58964 204846 17 738
58984 203612 17 735
59006 203821 19 727
59031 204085 22 730
59055 204513 22 751
59075 204723 17 764
59094 204158 16 740
59114 203934 18 779
59133 204716 16 721
59153 203660 17 765
59173 204905 18 770
59194 204523 18 793
59221 205051 24 751
59243 202604 18 740
59262 204004 16 718
59284 204938 19 774
59305 204975 19 768
59326 205058 18 743
59345 204198 17 738
59365 204396 17 753
59384 204492 16 743
59405 205124 19 747
59434 204915 26 772
59456 204214 19 813
59475 204505 16 721
59494 204603 17 731
59513 204983 17 735
59534 204677 18 805
59554 204746 17 767
59573 204453 17 749
59593 204111 17 761
59624 204559 28 758
59650 204490 23 782
59670 203349 17 753
59690 204082 18 740
59710 204454 17 744
59730 204022 17 768
59748 203364 16 711
59769 204147 18 784
59789 204259 17 755
59811 204697 19 740
59840 205340 26 789
59860 204016 17 760
59879 203949 16 738
59900 204236 19 758
59920 204927 18 782
59939 204403 17 738
59959 203988 17 756
59978 203892 16 725
59996 203759 16 725
60019 204401 20 780
60045 204147 23 774
60064 204121 17 760
60084 204423 17 743
60104 204860 17 765
60122 204214 16 697
60142 203902 17 749
60162 203652 17 744
60182 205779 18 791
60202 204086 17 754
60224 204638 20 768
60249 204892 22 730
60269 204867 17 778
60289 204700 18 744
60310 205223 18 791
60330 205378 18 778
60348 203954 16 716
60368 205284 18 758
60389 204862 18 769
60410 204677 18 781
60435 204729 22 731
60459 204929 20 742
60478 204817 17 756
60499 204933 18 755
60518 204723 17 756
60538 204768 17 759
60557 204983 17 756
60577 205271 17 755
60596 205545 16 730
60617 205024 18 766
60642 204292 22 727
60664 203765 19 728
60685 203971 18 780
60705 204279 17 762
60724 204083 17 753
60744 204311 17 737
60798 204446 18 742
60818 204755 17 757
60842 203672 21 733
60869 203991 22 736
60889 204291 17 756
60909 203454 18 749
60929 203057 17 759
60949 204359 18 775
60969 204016 17 767
60988 204597 16 726
61009 204939 18 799
61031 203756 19 767
61057 204569 24 749
61077 204550 16 740
61096 205270 16 729
61114 204066 16 727
61134 204515 17 750
61153 204472 17 746
61174 204866 18 786
61195 205457 19 789
61215 204672 18 771
61237 204481 19 740
61263 202805 24 729
61282 204045 16 739
61303 203631 18 743
61322 204777 17 745
61341 204485 17 735
61361 204772 17 780
61381 205146 17 746
61400 204145 17 724
61420 204595 17 737
61442 203997 19 762
61467 204559 22 753
61487 205121 17 782
61507 204849 18 765
61528 203344 17 753
61547 204088 17 735
61566 204434 17 742
61585 204488 16 733
61605 203744 17 748
61625 205091 17 755
61647 204965 19 778
61672 204056 22 764
61691 204078 17 753
61710 204168 16 710
61728 203311 16 736
61748 205352 17 759
61768 204636 17 747
61788 204678 18 767
61808 203859 18 772
61828 205212 17 744
61850 203932 19 770
61874 204534 21 736
61893 204805 17 751
61913 204804 17 754
61933 204026 17 760
61952 204143 16 744
61972 203745 17 749
61991 203818 17 731
62011 204439 17 746
62030 203901 16 737
62053 205403 20 763
62079 204996 23 795
62099 204559 17 763
62120 204334 18 769
62139 204379 17 762
62159 205361 17 749
62178 205161 17 750
62198 203776 17 758
62216 202979 16 724
62236 204138 17 758
62258 203323 19 734
62285 204929 23 761
62306 203985 19 770
62326 204182 17 766
62346 205370 18 775
62366 204532 17 771
62386 204244 17 753
62405 203951 17 750
62425 205873 17 770
62443 203680 16 710
62470 203427 23 769
62493 203856 19 742
62513 205243 18 783
62534 203804 19 758
62555 205446 18 777
62575 203996 17 756
62594 204333 16 731
62613 205328 17 757
62633 203292 17 739
62655 204689 20 775
62680 204072 22 755
62700 204544 17 754
62720 204905 18 766
62742 204522 18 769
62761 205154 17 753
62780 204892 17 748
62800 204742 17 761
62819 203490 17 739
62838 204840 17 764
62861 203749 20 765
62886 204548 23 752
62906 204318 17 746
62926 205067 18 785
62946 204414 17 754
62966 205438 18 805
62985 204317 16 719
63004 203124 16 729
63025 203760 18 752
63044 203536 17 734
63065 203395 19 732
63092 203853 24 746
63112 204497 18 758
63132 203528 17 737
63151 205141 16 731
63171 204993 17 760
63192 204221 18 767
63211 204959 17 758
63230 204198 16 732
63249 204455 17 749
63271 205639 19 749
63298 203787 25 765
63317 203388 17 747
63337 204443 17 727
63357 204562 17 771
63376 203924 17 752
63395 204647 16 734
63415 204592 17 770
63434 205005 17 757
63454 204441 17 768
63476 203282 19 767
63534 204638 18 781
63554 204282 17 758
63573 204204 17 756
63594 205294 18 795
63614 204806 17 728
63634 204425 17 753
63653 204367 17 756
63677 205485 21 764
63703 205232 24 782
63723 204711 17 745
63744 205284 18 781
63764 204992 17 752
63784 204490 17 770
63802 203989 16 722
63821 203686 16 722
63840 203979 17 743
63860 204263 17 757
63882 205759 20 757
63907 203689 21 763
63927 205578 18 804
63948 205631 18 773
63968 205039 16 740
63986 203558 16 733
64005 203418 16 734
64025 204837 17 757
64044 204628 17 759
64063 203833 16 717
64085 204391 20 773
64111 204204 22 768
64130 204250 17 736
64150 203535 17 743
64170 205583 18 770
64190 203199 17 740
64208 203781 16 725
64228 204465 17 744
64247 205554 17 746
64266 204318 17 737
64289 203637 20 740
64314 205143 21 752
64333 204068 16 724
64354 203912 18 747
64374 204868 17 781
64394 203815 17 763
64414 205084 18 770
64433 204645 17 732
64453 204356 17 762
64473 204852 18 754
64499 204629 23 752
64524 204509 21 784
64546 205416 18 785
64565 204193 17 725
64586 204949 18 781
64606 203933 17 737
64625 204180 17 732
64645 205248 17 775
64665 205198 17 773
64685 204509 18 731
64711 204063 23 763
64732 203961 17 740
64752 204500 17 740
64771 203915 17 750
64792 204615 18 775
64811 204995 17 748
64832 204071 17 757
64858 204618 17 734
64878 205928 17 773
64900 204713 20 774
64933 204694 29 744
64952 203737 17 765
64972 204906 17 743
64993 205181 17 752
65013 204331 18 783
65033 203158 17 740
65052 204487 17 755
65072 203906 17 758
65092 204588 17 743
65115 204085 21 774
65140 205855 20 789
65159 204138 16 725
65178 203745 17 707
65199 205067 18 804
65220 204147 18 783
65240 204050 18 778
65260 204458 17 759
65281 205135 18 771
65301 204679 18 757
65326 204891 22 761
65347 205277 17 766
65367 205975 17 761
65387 204963 17 754
65407 204015 17 771
65427 204936 17 776
65445 203083 16 718
65465 205552 17 759
65485 205052 17 765
65505 204007 18 759
65534 205313 26 782
65555 205044 18 786
65575 204477 17 772
65595 205160 18 731
65615 204561 16 727
65634 203843 17 755
65655 205353 18 782
65675 205252 17 740
65694 204264 16 716
65715 204002 19 754
65744 203968 26 776
65764 205138 17 746
65783 204090 17 745
65804 204427 18 741
65823 204520 17 743
65843 204381 17 776
65862 204161 16 720
65881 204779 17 747
65901 204884 17 768
65922 203866 19 742
65948 204229 23 748
65968 205050 18 743
65988 203638 17 756
66008 204227 17 772
66027 203056 16 733
66047 204164 17 765
66066 204905 17 755
66085 205275 16 726
66106 204773 18 772
66127 204854 19 741
66159 205046 29 781
66178 203325 17 737
66198 204982 18 779
66218 204635 16 722
66237 204028 16 730
66256 204124 16 734
66275 204724 16 736
66294 205871 17 753
66313 204842 17 748
66338 204200 22 733
66363 204522 23 749
66386 204487 20 748
66407 204779 19 736
66427 204719 17 755
66446 204005 16 733
66466 204597 17 761
66485 203557 16 732
66505 204372 17 770
66527 203835 20 752
66547 204489 17 732
66575 204888 25 779
66598 204723 21 755
66618 204131 17 735
66638 204443 17 753
66658 205024 18 768
66678 203574 17 742
66697 204198 16 720
66716 203606 16 729
66740 205312 22 795
66764 204679 20 754
66786 204472 19 780
66806 204626 17 768
66826 204906 17 764
66845 203270 16 725
66865 205814 18 799
66884 204232 16 739
66903 204348 16 730
66922 204397 16 741
66945 203886 20 737
66968 204409 19 734
66988 203477 17 736
67008 204298 17 763
67028 204144 18 756
67047 203578 17 738
67067 204342 17 771
67087 203677 18 779
67107 203674 17 739
67126 204133 17 740
67152 205068 22 733
67173 205434 18 759
67198 204823 21 790
67218 204453 18 747
67239 205282 18 783
67258 204201 17 745
67278 204297 18 768
67299 204024 18 742
67319 205124 18 794
67340 205242 19 746
67365 205244 22 747
67384 204872 17 732
67405 204553 17 778
67424 204319 17 745
67443 203967 17 741
67462 203930 16 729
67482 205481 17 765
67502 204125 17 757
67520 204232 16 733
67541 203132 18 756
67570 204694 26 769
67590 204085 17 744
67609 204816 17 746
67629 203434 18 743
67650 205408 18 753
67669 203988 17 735
67688 204272 16 735
67707 203437 16 733
67727 205250 17 768
67748 203643 18 744
67775 205433 25 814
67797 205648 19 775
67818 204620 19 812
67839 205347 18 767
67858 203739 17 720
67878 205029 18 783
67898 204943 17 747
67918 204788 17 770
67937 203913 17 742
67960 204749 21 768
67984 204126 19 776
68004 204986 17 764
68023 203526 17 748
68043 205177 17 764
68062 204480 17 741
68082 204546 17 726
68101 204456 17 752
68121 204119 16 710
68141 204237 17 756
68166 205293 23 753
68187 205402 17 727
68207 204794 17 730
68227 203241 17 718
68246 204667 17 757
68265 204846 17 753
68284 204680 17 742
68304 205036 17 768
68324 203448 17 782
68344 205017 17 765
68367 204391 21 726
68390 204243 19 752
68409 204564 17 753
68431 204841 19 786
68451 205062 18 768
68471 203812 17 756
68491 204204 17 748
68511 206031 18 779
68530 203472 16 722
68549 205184 17 754
68576 204635 23 767
68596 204505 18 766
68617 204699 18 783
68637 203758 17 775
68656 203653 17 751
68676 204460 17 756
68697 204500 18 804
68716 204621 16 731
68736 204040 17 758
68756 205247 17 733
68783 203953 24 753
68804 204634 17 761
68824 203758 17 732
68844 203238 17 755
68864 204361 18 773
68884 203716 17 752
68904 205197 18 766
68924 204067 16 719
68943 203853 17 739
68966 204825 20 756
68993 204282 24 748
69013 204070 18 768
69033 204429 17 757
69054 203946 18 752
69074 204976 18 789
69094 204270 17 763
69114 203281 17 777
69133 204515 17 728
69153 205238 17 773
69174 204703 19 759
69200 205005 22 752
69219 205518 17 757
69239 204781 17 763
69260 204452 18 789
69279 204565 17 740
69299 204527 18 777
69319 204515 17 748
69339 203803 17 733
69359 204312 18 772
69385 205096 23 749
69408 204835 19 781
69427 204518 17 741
69446 204274 17 735
69465 203830 16 728
69484 204330 17 742
69504 204936 17 747
69523 204325 16 746
69543 204827 18 776
69563 204504 18 800
69586 205177 20 745
69611 205236 21 772
69631 205327 18 758
69653 203841 19 756
69673 203510 17 744
69692 203865 17 746
69712 204813 17 767
69734 205395 19 832
69753 203623 17 733
69775 205343 19 758
69798 203352 21 706
69818 204317 17 752
69836 204463 16 721
69856 204234 17 757
69876 204949 17 773
69895 204235 17 744
69914 203426 16 729
69935 203943 18 779
69955 203628 18 766
69977 204277 19 755
70003 203930 23 755
70024 205540 18 768
70044 205017 17 763
70065 204022 18 751
70083 204277 16 727
70103 204310 17 755
70122 204835 17 754
70142 203764 17 750
70161 204219 17 770
70185 204566 21 745
70214 203611 25 722
70234 206081 17 766
70254 204632 18 773
70274 203584 16 726
70294 204524 18 758
70313 204948 16 731
70333 205628 18 797
70353 203435 17 768
70373 204999 18 791
70395 204242 19 753
70420 204321 21 776
70440 205283 18 780
70460 204658 17 768
70479 204404 17 729
70498 203478 16 720
70518 204718 18 767
70538 204525 17 762
70558 205030 18 785
70578 205395 17 767
70601 203012 20 761
70626 204632 21 771
70647 204006 19 762
70667 204170 17 748
70688 204569 18 777
70708 204809 18 782
70728 204804 17 759
70747 204425 17 764
70768 204901 18 790
70789 203986 18 704
70815 203695 23 761
70835 204057 17 759
70854 204306 17 749
70875 205661 19 751
70896 205404 18 766
70915 203671 17 745
70935 205173 17 757
70953 203637 16 709
70973 203957 17 752
70995 204096 19 744
71019 203482 21 723
71039 204250 18 769
71058 203903 17 748
71079 205145 18 774
71099 204807 17 762
71118 205121 17 751
71138 204890 17 755
71157 204379 17 746
71177 204680 17 770
71199 204519 20 754
71224 203985 22 760
71244 204590 17 768
71264 204681 18 786
71287 204534 20 789
71309 203853 18 742
71329 204902 18 797
71349 204370 17 754
71369 204603 18 758
71390 204962 18 802
71417 204149 24 788
71441 203737 19 708
71461 204648 17 751
71480 204538 17 703
71500 204635 17 762
71521 205003 18 798
71540 204797 17 754
71559 205782 17 741
71579 204120 17 765
71598 204082 17 722
71624 203592 23 730
71645 204909 18 786
71665 204748 17 742
71686 205619 18 804
71706 204506 17 745
71725 203814 17 733
71745 203958 17 743
71764 204636 17 755
71784 204406 17 761
71804 204160 18 742
71830 203771 23 785
71851 203742 18 775
71872 205271 18 778
71894 204931 19 777
71915 206105 18 794
71935 205137 18 776
71954 203140 16 711
71974 204274 17 747
71994 205948 17 758
72016 205050 19 758
72040 205191 22 749
72060 203558 17 745
72081 203911 19 769
72101 203720 17 760
72120 205399 17 749
72140 204269 17 777
72159 204067 16 740
72179 203817 17 772
72199 204224 18 795
72221 204665 19 755
72247 204073 23 797
72267 204204 17 766
72288 204900 18 802
72309 205127 18 791
72327 202763 16 726
72347 204642 17 764
72366 205209 17 745
72385 203839 16 717
72405 204025 17 765
72426 203744 19 749
72450 204361 20 751
72470 204450 17 749
72492 204673 19 771
72512 204057 17 745
72532 205190 17 749
72551 203579 17 744
72571 203852 17 722
72591 204212 18 781
72611 204285 18 757
72636 203980 21 739
72657 203424 18 750
72677 204318 17 759
72697 204501 17 714
72717 203844 17 741
72736 203893 17 761
72756 204996 17 768
72776 204879 17 744
72796 205344 18 781
72816 204688 17 757
72849 203691 30 749
72870 204391 17 736
72889 203588 16 727
72909 203131 17 757
72929 204634 17 743
72948 204642 17 757
72967 204754 17 746
72986 204266 16 745
73005 204063 16 735
73027 204457 20 783
73054 205886 24 787
73074 204482 17 735
73093 204139 17 747
73115 204907 19 776
73135 204620 18 772
73154 203324 16 707
73172 205020 16 728
73192 204601 17 754
73212 204897 17 749
73233 204529 19 759
73258 204022 22 746
73278 204409 17 736
73298 204510 18 761
73319 204178 18 756
73339 204436 17 756
73359 203585 17 753
73378 205324 17 757
73399 204753 18 787
73418 202920 17 737
73443 204064 22 759
73466 204307 19 730
73486 203724 17 742
73506 204191 17 773
73527 204810 18 784
73547 203951 17 755
73567 204985 17 767
73586 205001 16 735
73606 203913 18 740
73626 204830 17 759
73650 204565 22 768
73672 203911 18 725
73692 204433 17 753
73712 204811 17 746
73734 204594 19 793
73753 203687 17 738
73773 205046 17 730
73793 203803 17 765
73814 204320 18 762
73836 205966 20 800
73863 204414 23 740
73885 203935 19 782
73911 204532 23 722
73931 204879 17 760
73951 205895 17 751
73971 203341 17 753
73990 204571 17 761
74010 203712 17 743
74029 204580 17 762
74053 204697 21 756
74079 204033 24 741
74105 204524 21 736
74130 204317 20 762
74150 203909 18 752
74170 204246 18 767
74190 203733 17 753
74210 204297 17 761
74230 205307 17 788
74252 203560 19 740
74278 204547 23 747
74298 203583 18 743
74320 204761 19 800
74339 204172 16 736
74357 203648 16 721
74377 204433 17 753
74397 203899 17 765
74415 203767 16 713
74435 204164 17 774
74458 204858 20 758
74483 204814 20 749
74503 204923 18 778
74524 204085 18 764
74544 204931 17 763
74564 205095 18 805
74584 204407 17 726
74603 204499 17 745
74623 203326 17 746
74643 203889 17 747
74669 203715 22 727
74690 204819 18 754
74708 204687 16 711
74727 204147 16 714
74746 204139 17 742
74766 205286 17 780
74786 204908 18 790
74806 204043 17 764
74825 204310 16 729
74844 203631 17 731
74866 203853 20 726
74891 204116 21 760
74911 204621 17 762
74932 203655 19 759
74952 205419 18 770
74973 204236 18 771
74993 204648 17 775
75012 203224 17 755
75032 204081 17 760
75052 204077 18 747
75077 204434 22 752
75098 204469 18 749
75118 203683 17 751
75138 204764 18 742
75157 204068 17 728
75178 204943 18 772
75198 204588 18 761
75219 204339 18 767
75240 204842 18 786
75261 204953 19 754
75288 204622 24 753
75308 204123 17 748
75328 204855 17 758
75347 204598 17 740
75368 205354 18 804
75387 204765 17 739
75407 204126 17 743
75426 205098 17 750
75446 204520 17 758
75471 203546 23 721
75499 204879 24 810
75519 205301 18 756
75539 204504 17 734
75558 204117 17 750
75578 205303 17 746
75596 203017 16 716
75615 203980 16 731
75635 205164 17 763
75654 205257 17 736
75677 204155 21 744
75704 204529 22 753
75723 204934 16 720
75744 204155 18 740
75763 204368 17 734
75783 205474 18 770
75802 205228 16 716
75821 204690 17 748
75841 204019 17 729
75860 205438 17 763
75884 205616 20 748
75906 204064 18 729
75926 205150 18 773
75946 205556 17 769
75966 205065 18 782
75986 204258 17 783
76005 203604 17 762
76024 204244 16 737
76044 204298 17 766
76063 203225 16 731
76086 204348 20 726
76109 204133 19 741
76129 204673 17 756
76151 204511 19 790
76171 204079 17 766
76190 204180 16 721
76211 205848 18 801
76230 205188 17 757
76250 204688 17 755
76269 204007 17 731
76297 205166 24 743
76318 203599 18 748
76339 205051 18 768
76359 205446 18 760
76379 202100 17 727
76400 204847 18 797
76419 204240 16 737
76438 204794 17 743
76457 204391 16 723
76479 203324 20 771
76506 204573 25 767
76526 204301 17 771
76545 203171 17 749
76564 203790 16 751
76584 204724 17 774
76604 204361 17 756
76622 202997 16 715
76642 205087 17 756
76662 204182 17 773
76683 204368 19 782
76712 204281 26 725
76731 204602 17 739
76752 204617 18 757
76772 205372 17 742
76791 204237 17 761
76811 203715 17 751
76830 205717 17 747
76849 204790 17 760
76869 205160 17 771
76891 204571 20 765
76917 205237 23 774
76937 205507 17 763
76957 203986 18 764
76977 203102 16 712
76996 204209 17 735
77017 205691 18 796
77036 204475 16 732
77056 205328 17 773
77075 203452 16 738
77095 204531 18 743
77121 204832 22 740
77140 203017 16 720
77160 204467 18 779
77179 205082 17 748
77199 205457 17 746
77219 204210 18 791
77239 204591 17 760
77258 202973 16 709
77276 203645 16 721
77298 205351 19 759
77323 203508 22 750
77343 204882 17 750
77363 204038 17 728
77383 204350 17 737
77403 204523 17 753
77423 203608 18 774
77442 205246 17 760
77462 205424 17 755
77481 204515 17 775
77503 204705 19 761
77530 205382 23 780
77549 203718 17 752
77570 204705 18 759
77590 203831 17 748
77610 204148 17 744
77629 204627 17 756
77648 203460 17 756
77668 204318 17 746
77687 204753 17 752
77712 203077 22 759
77735 204384 19 766
77754 203592 17 743
77773 203873 17 745
77793 204968 18 785
77812 204147 16 737
77832 204605 18 763
77852 204185 17 754
77873 205702 18 802
77892 203994 16 727
77917 203132 21 728
77941 204505 20 775
77961 204481 18 775
77981 202355 17 720
78001 203552 17 752
78020 203467 16 713
78040 203303 17 766
78059 204392 17 744
78078 205023 17 752
78099 204261 18 766
78131 204855 28 801
78153 204919 18 755
78173 203834 18 747
78193 204397 18 787
78213 203966 17 763
78232 204423 17 756
78251 204197 16 737
78271 204175 17 754
78289 202536 16 698
78311 204715 19 745
78335 204385 22 746
78355 204277 17 749
78374 203448 17 757
78394 203771 17 762
78414 205660 17 776
78434 204570 17 771
78454 205373 17 775
78474 205030 17 779
78493 204262 17 759
78514 204834 18 740
78540 204064 23 724
78560 203072 18 781
78580 204080 17 771
78602 204447 18 768
78621 204868 17 747
78640 203751 16 714
78659 204415 17 753
78680 205936 18 808
78699 203464 16 719
78721 204035 19 752
78747 204235 24 741
78768 204058 18 769
78787 205419 17 763
78809 204655 19 784
78828 203931 17 737
78848 204957 17 735
78868 204492 17 759
78888 204563 18 775
78908 204924 17 771
78932 203584 21 731
78956 204784 20 775
78976 204078 17 758
78997 204523 18 748
79016 204073 17 736
79036 205143 17 771
79055 203700 16 738
79075 204292 18 788
79095 204546 17 730
79116 204255 18 745
79145 203898 26 755
79171 204494 22 766
79195 204499 21 764
79215 204759 18 763
79236 205145 18 771
79255 204034 16 724
79275 206063 18 770
79295 204068 17 738
79315 204967 17 754
79345 204552 26 771
79369 205048 20 804
79390 204080 17 744
79411 205412 19 751
79441 204956 27 781
79462 204523 18 724
79482 204700 18 770
79503 205318 18 777
79524 204627 19 753
79552 204751 25 759
79572 204998 18 786
79593 205105 18 744
79613 203490 17 745
79633 204929 17 747
79653 204531 17 762
79673 204760 17 778
79692 204510 17 766
79712 203616 17 734
79734 203487 19 761
79759 204691 23 760
79779 203209 17 742
79798 204466 17 762
79819 204861 18 759
79839 204135 17 753
79859 204654 17 776
79878 202942 17 740
79898 204563 17 758
79917 204100 17 765
79939 205124 19 761
79966 205189 25 768
79987 205529 18 778
80007 203926 18 748
80026 204178 16 727
80046 204737 17 754
80065 204200 17 769
80085 204472 17 753
80104 205296 17 743
80124 204652 17 776
80149 204413 23 781
80173 204685 19 740
80193 203734 17 742
80212 204597 17 752
80233 204700 18 767
80253 205714 18 792
80272 204414 16 721
80292 203680 17 756
80311 204516 17 743
80331 204505 17 728
80357 204604 22 757
80378 204193 18 753
80398 203880 17 749
80419 204521 19 770
80439 205316 17 780
80459 204986 17 771
80479 204882 18 797
80499 204036 17 770
80519 204391 17 752
80540 204647 19 756
80565 204138 22 749
80585 204938 17 751
80605 204638 17 758
80624 205702 17 742
80645 204344 18 738
80664 204325 17 747
80684 204711 17 747
80703 204459 17 757
80723 204558 17 758
80746 204109 20 761
80776 204285 28 763
80797 205234 18 781
80817 203436 18 791
80837 204290 17 774
80857 204908 17 784
80876 204845 17 752
80896 203900 17 760
80915 205045 16 726
80933 204185 16 722
80955 204998 19 747
80979 203832 22 719
81000 204916 18 753
81020 204897 18 765
81040 205155 17 734
81059 204053 17 738
81079 204681 17 741
81099 204786 17 749
81118 204846 17 761
81137 204646 16 726
81158 204167 19 730
81184 203755 23 761
81204 204650 18 757
81225 205061 18 776
81246 204062 19 761
81266 204157 17 722
81286 203289 17 742
81305 203948 17 753
81324 204347 17 742
81343 204150 16 741
81370 205724 24 755
81397 204677 24 787
81421 204241 21 736
81440 203436 17 733
81460 204947 17 760
81480 205089 17 769
81500 204566 18 764
81522 204074 18 761
81541 203813 17 733
81562 203469 19 723
81588 205867 23 772
81612 204685 22 744
81632 204330 17 743
81651 204742 17 755
81670 203570 16 740
81690 204062 17 752
81709 204179 17 746
81728 204298 17 754
81748 203820 17 742
81769 204315 19 753
81797 204740 24 790
81816 204914 17 750
81836 204199 17 734
81856 204981 18 736
81876 204107 17 745
81895 205214 17 753
81914 203846 16 724
81933 203228 17 741
81952 203336 16 732
81977 204497 23 753
82003 204597 22 743
82022 204246 17 744
82044 204579 19 778
82065 204372 18 774
82085 204289 17 744
82105 204381 17 760
82125 205015 18 781
82145 204761 17 767
82166 204812 18 719
82190 204020 21 743
82210 204537 18 772
82230 204575 17 742
82250 205010 18 759
82270 204252 17 752
82290 203254 17 696
82309 202820 17 732
82329 204406 17 739
82349 204712 17 744
82369 203830 18 729
82406 204525 32 735
82440 205191 31 761
82462 203341 17 725
82484 203801 20 753
82503 204159 17 732
82522 204257 16 723
82542 205650 18 790
82562 204338 17 734
82583 203522 18 729
82608 205513 21 763
82627 204557 16 726
82648 204111 19 761
82668 204665 17 748
82686 204401 16 728
82705 203676 16 731
82725 204214 17 756
82744 203777 16 732
82763 204010 17 745
82784 203265 18 745
82810 204368 23 780
82830 204702 17 743
82849 204196 17 750
82868 204431 16 742
82887 203974 17 751
82906 204685 16 740
82925 203530 16 742
82945 203812 17 764
82965 204392 17 759
82986 204851 18 745
83010 203637 22 742
83030 204509 17 772
83050 204395 17 749
83069 204296 17 745
83089 204886 17 751
83109 204459 18 787
83129 203657 17 757
83149 205013 17 759
83169 205192 18 764
83193 204030 21 766
83225 204878 27 792
83251 205251 22 770
83272 204369 18 742
83292 204561 18 750
83312 205239 17 750
83332 203664 17 739
83353 204259 18 771
83373 204849 18 787
83395 204071 19 748
83419 204220 20 756
83439 204929 17 767
83458 203630 17 748
83478 203945 17 738
83499 205252 18 769
83519 204302 17 755
83538 203283 17 748
83558 203920 17 729
83578 203760 17 762
83600 204174 20 732
83624 204514 19 733
83644 204911 17 769
83664 204338 18 738
83684 203393 18 765
83705 204812 18 756
83724 204846 17 756
83744 204910 17 754
83765 205303 18 782
83785 204392 17 742
83811 203949 22 722
83831 203509 17 724
83851 205112 17 770
83871 205085 17 772
83892 204448 19 774
83911 204414 16 721
83930 204287 17 735
83951 204330 18 803
83971 204210 17 750
83992 204205 18 753
84016 205168 21 746
84037 204168 18 763
84057 204373 17 756
84077 204682 18 750
84096 203859 16 736
84115 203295 16 735
84135 204253 17 750
84154 204651 17 747
84174 203597 18 774
84196 204943 20 748
84223 203699 24 779
84242 203913 16 731
84263 204463 18 810
84282 203829 17 751
84301 205301 17 747
84321 204076 17 762
84339 204180 16 698
84358 203805 17 759
84378 204848 17 730
84401 204612 20 785
84427 203848 24 753
84445 203203 16 719
84466 204682 18 782
84484 204581 16 727
84505 205201 18 786
84524 204466 16 730
84543 203612 16 734
84563 204605 18 790
84583 204839 17 760
84605 204392 20 757
84639 203823 30 731
84658 204837 17 739
84678 205084 17 710
84698 204208 17 746
84717 204757 17 743
84737 205181 17 744
84756 204206 17 748
84776 203856 17 770
84796 204340 17 774
84832 204090 33 765
84852 204681 17 766
84872 204043 17 744
84892 203769 17 752
84912 205116 18 778
84932 203069 17 747
84952 204936 17 739
84972 203778 18 751
84992 204069 17 779
85013 204538 19 728
