fo time ls_time n_ls_moves
18 859627 18 1781
42 859942 20 1841
64 857035 19 1794
86 859080 19 1799
109 859441 20 1787
131 859610 19 1819
153 858863 19 1712
177 857914 20 1734
197 855578 18 1756
222 857615 21 1863
243 856412 18 1762
264 858778 18 1825
285 856060 18 1773
307 857575 19 1809
328 859689 18 1809
352 854753 21 1727
380 857455 24 1770
403 857575 20 1823
425 857233 19 1795
446 855936 18 1775
467 857549 18 1778
493 857980 23 1772
514 858384 18 1754
537 858164 19 1859
560 856722 21 1766
586 855822 22 1841
606 855960 17 1701
650 859421 20 1896
673 858024 20 1827
694 858613 18 1855
716 859145 19 1860
739 857091 20 1841
763 859902 21 1703
790 858724 24 1862
811 852652 18 1689
832 860923 18 1738
855 858452 20 1883
878 857550 20 1749
899 858260 18 1730
921 857557 19 1761
940 858956 17 1693
963 857264 20 1773
993 858295 27 1788
1030 859440 33 1831
1061 856351 27 1810
1084 859207 20 1832
1108 857822 21 1845
1130 858892 19 1858
1153 860745 19 1858
1176 860112 20 1841
1200 858903 21 1794
1221 855363 18 1742
1244 858063 20 1785
1266 854402 18 1721
1288 857624 19 1788
1310 856013 20 1857
1332 859023 18 1812
1353 857105 18 1748
1378 858638 22 1917
1403 855516 22 1663
1424 855567 18 1751
1446 859564 19 1784
1467 859384 18 1801
1491 857114 20 1830
1513 855081 19 1788
1534 858204 18 1787
1557 861232 20 1896
1580 856517 20 1793
1603 855609 20 1752
1626 857226 20 1756
1648 857755 19 1789
1671 858516 20 1804
1694 857634 20 1856
1715 860479 18 1857
1736 857741 18 1763
1758 858322 19 1736
1781 860557 20 1784
1806 859011 22 1801
1827 856912 18 1782
1850 858586 20 1758
1871 854647 18 1784
1893 861692 19 1812
1914 858781 18 1774
1934 856753 17 1674
1956 856943 19 1753
1980 857570 21 1756
2002 858904 19 1763
2027 858553 22 1843
2050 855468 19 1792
2074 857177 21 1840
2099 862344 22 1932
2125 859564 23 1888
2148 856982 20 1845
2170 857229 19 1747
2192 858534 20 1803
2220 853619 23 1708
2242 860187 20 1728
2264 859899 19 1844
2285 855385 18 1706
2308 857000 20 1749
2329 859837 18 1787
2351 859318 19 1812
2373 858420 19 1689
2397 857954 21 1774
2421 856088 20 1754
2442 857043 17 1731
2462 854871 18 1666
2485 856631 20 1854
2506 858258 18 1759
2527 856959 18 1736
2548 856701 18 1732
2569 857983 18 1789
2591 857393 19 1767
2618 858886 24 1791
2639 858055 18 1756
2662 859357 20 1793
2685 856870 20 1794
2707 858040 18 1764
2727 857552 18 1757
2749 858321 19 1802
2772 855812 20 1853
2795 860027 20 1816
2821 857184 23 1771
2842 856538 19 1763
2865 858556 19 1796
2886 857976 18 1773
2907 861799 18 1800
2930 857258 20 1826
2952 858153 18 1831
2976 858426 22 1781
2998 856778 19 1719
3025 859096 24 1805
3049 858169 21 1807
3071 857239 19 1796
3092 856785 18 1805
3113 858228 18 1768
3135 858078 19 1789
3155 857668 17 1743
3175 857455 17 1759
3197 857962 19 1730
3223 859187 24 1890
3246 857915 20 1856
3266 856796 18 1778
3288 857224 18 1735
3309 857569 18 1798
3329 855601 18 1712
3352 859209 19 1808
3374 857113 19 1754
3397 859727 20 1799
3421 858503 20 1789
3445 858032 21 1853
3466 858304 18 1828
3489 857190 20 1762
3516 859275 24 1884
3536 855594 17 1702
3559 856007 20 1825
3581 859933 20 1843
3605 857452 20 1776
3633 859754 25 1770
3655 856525 19 1748
3678 857419 20 1801
3699 856418 18 1683
3719 857388 17 1758
3742 858934 20 1870
3763 857826 18 1791
3786 857225 20 1751
3809 858655 20 1744
3834 854692 22 1709
3857 854595 20 1871
3883 858531 23 1855
3905 858706 19 1772
3927 858506 19 1761
3951 856607 20 1780
3973 855121 19 1758
3993 857847 18 1722
4017 858651 20 1793
4040 856380 20 1656
4064 858068 22 1835
4088 859117 20 1916
4109 856312 18 1782
4131 857600 19 1867
4153 857306 19 1792
4174 859701 19 1762
4196 857626 18 1800
4221 857543 22 1843
4249 855752 25 1830
4271 860824 19 1834
4293 857847 19 1630
4315 856743 20 1813
4338 858041 20 1810
4362 858812 21 1880
4383 855406 18 1752
4404 858556 18 1823
4428 858289 21 1737
4449 854656 17 1707
4472 857750 20 1738
4493 859310 19 1745
4516 858303 19 1738
4537 856520 18 1789
4560 858628 20 1837
4582 858828 19 1851
4603 858292 18 1805
4626 858638 20 1877
4651 856828 23 1743
4673 857494 19 1828
4696 859500 20 1824
4719 859497 19 1767
4741 859918 19 1847
4764 858701 21 1801
4784 855652 17 1727
4806 856771 19 1820
4828 857562 19 1738
4858 858627 27 1733
4879 857887 18 1802
4899 858151 17 1670
4920 858673 18 1717
4942 858266 19 1817
4963 855707 18 1814
4986 857029 20 1713
5006 854524 17 1664
5031 854950 23 1762
5057 856851 22 1718
5078 855800 18 1758
5098 858801 17 1709
5121 856596 20 1843
5146 859174 22 1850
5167 860340 19 1879
5191 857176 21 1830
5212 857527 19 1822
5234 857347 19 1727
5264 860701 27 1965
5287 856160 20 1764
5310 858291 20 1813
5332 858517 19 1819
5356 859601 22 1887
5378 858612 19 1847
5399 857315 18 1764
5421 857033 19 1788
5446 857475 22 1835
5473 857845 22 1877
5497 857228 21 1784
5520 860206 20 1765
5542 856737 19 1817
5562 857552 17 1764
5583 856787 18 1726
5605 861646 19 1830
5626 858788 18 1756
5654 859525 25 1854
5677 854956 19 1744
5700 858329 20 1864
5724 858886 21 1893
5744 858102 17 1719
5765 856949 19 1769
5787 856402 18 1769
5808 858575 18 1794
5830 859117 19 1882
5856 857490 22 1770
5879 858332 19 1754
5899 856801 18 1734
5923 858434 20 1830
5943 857429 18 1707
5965 859586 18 1742
5986 859707 18 1734
6007 857211 19 1792
6030 861587 20 1838
6055 858137 22 1831
6080 855865 21 1799
6102 858670 19 1802
6126 858446 20 1765
6148 859715 19 1871
6169 856413 18 1780
6190 858434 18 1752
6211 857439 18 1748
6237 858623 23 1858
6267 857048 27 1824
6290 858177 20 1755
6312 854692 18 1737
6332 857705 18 1727
6356 858542 21 1875
6377 858561 18 1781
6397 857379 17 1721
6419 860833 19 1863
6443 859183 21 1880
6469 855725 22 1693
6493 855458 19 1773
6515 854703 20 1799
6537 858570 19 1751
6558 856932 18 1790
6581 857273 20 1840
6604 854426 20 1771
6630 857816 23 1902
6653 858926 21 1871
6679 855921 23 1726
6700 858793 18 1817
6723 857412 20 1724
6745 857904 19 1838
6766 855802 18 1722
6786 856565 17 1721
6807 857047 18 1783
6827 857496 18 1780
6851 857485 20 1759
6877 855598 23 1758
6898 855827 18 1788
6921 858871 20 1901
6943 857504 19 1799
6965 857918 19 1800
6986 856382 18 1802
7008 858855 19 1848
7032 858842 21 1796
7056 857879 21 1822
7083 858054 23 1752
7104 859794 18 1785
7127 856433 20 1814
7149 858428 18 1806
7170 858324 18 1754
7191 858169 18 1729
7213 859665 19 1780
7234 856409 18 1758
7257 857197 20 1786
7283 857194 22 1798
7304 855031 18 1679
7325 859410 19 1822
7347 859149 18 1809
7370 856368 20 1834
7391 857853 18 1796
7413 858465 19 1850
7435 857334 19 1784
7458 858913 19 1822
7486 857477 25 1832
7510 855515 19 1756
7532 856500 19 1714
7555 857963 19 1687
7577 857296 19 1743
7600 857280 20 1835
7624 858912 21 1852
7644 856548 18 1689
7668 856862 21 1746
7694 858170 22 1822
7717 859641 19 1831
7738 855062 19 1770
7763 860309 21 1876
7786 856992 21 1834
7811 859100 21 1777
7833 856554 19 1861
7855 859361 19 1791
7877 856545 20 1804
7903 858028 23 1831
7928 856950 22 1810
7949 859170 18 1735
7971 858159 19 1768
7992 858416 18 1816
8013 858137 18 1739
8034 860365 18 1743
8055 859648 18 1807
8080 858718 22 1894
8108 858039 25 1862
8131 858785 20 1832
8154 857576 20 1816
8175 855578 18 1786
8195 858194 17 1755
8216 856054 18 1762
8238 857369 19 1803
8260 856633 19 1833
8281 858049 18 1673
8305 859697 21 1734
8327 857498 19 1772
8350 858670 20 1908
8372 858693 19 1815
8394 856409 18 1727
8414 857461 17 1746
8434 856943 17 1676
8455 859408 18 1763
8478 858204 20 1754
8505 859525 23 1924
8526 855832 18 1770
8547 855522 18 1784
8571 858673 21 1805
8593 856814 19 1764
8615 857271 19 1810
8636 854783 19 1821
8660 861039 21 1886
8683 855586 20 1739
8708 858464 22 1787
8731 859323 20 1768
8757 857522 23 1834
8777 857177 17 1741
8799 859431 18 1794
8823 858604 22 1877
8844 856601 18 1749
8865 858374 18 1775
8889 858154 21 1874
8915 856415 23 1727
8937 860869 19 1814
8958 856967 18 1771
8980 857771 19 1738
9001 857172 17 1760
9022 857637 18 1776
9044 859959 19 1803
9065 857566 18 1813
9088 858663 21 1815
9113 856099 21 1669
9134 856607 18 1800
9155 855045 18 1759
9178 858631 20 1821
9200 857278 19 1718
9222 856890 19 1771
9243 858043 18 1815
9265 856899 19 1804
9288 859250 21 1830
9315 860787 24 1792
9338 857617 19 1726
9359 858474 18 1749
9382 856786 20 1747
9403 858955 18 1710
9426 855426 20 1784
9448 858352 19 1789
9470 858085 18 1754
9496 859480 23 1796
9523 856639 24 1782
9546 857998 20 1839
9568 858177 19 1810
9590 856115 19 1697
9611 856855 19 1773
9633 859600 19 1813
9653 857435 17 1773
9675 857743 19 1730
9697 858312 19 1720
9725 861201 25 1869
9748 861628 19 1803
9770 857684 20 1795
9793 858003 19 1810
9815 855354 19 1742
9837 859611 19 1794
9859 858841 19 1826
9882 856553 20 1769
9906 859179 21 1751
9932 859448 23 1880
9957 857655 22 1791
9980 860217 20 1790
10000 855063 17 1700
10022 857480 19 1794
10043 855348 17 1730
10063 857677 18 1688
10084 859045 17 1725
10107 858593 20 1844
10137 856275 27 1832
10162 859337 22 1847
10184 859742 19 1841
10206 858610 19 1810
10226 857084 17 1687
10246 855732 17 1674
10268 855857 19 1754
10289 860225 18 1749
10312 855893 20 1772
10338 858560 23 1785
10360 857056 19 1815
10381 857347 18 1711
10404 857827 20 1786
10425 859676 19 1829
10447 857126 18 1749
10467 855441 17 1713
10488 857927 18 1763
10510 856746 20 1768
10536 855249 23 1710
10557 856701 18 1701
10578 858524 19 1774
10600 857877 18 1720
10621 858605 18 1779
10645 859505 21 1773
10669 858986 21 1882
10689 859205 18 1728
10714 860107 22 1811
10739 856707 22 1807
10763 858602 21 1877
10786 857148 20 1759
10808 857560 19 1756
10830 861218 19 1865
10852 857114 19 1769
10875 859563 19 1876
10895 857167 18 1758
10918 858178 19 1804
10944 860387 24 1813
10965 859149 18 1747
10987 857695 19 1720
11015 859872 25 1915
11037 859462 19 1819
11059 857909 18 1764
11080 857835 19 1809
11102 857933 18 1768
11125 860089 20 1799
11149 855334 21 1615
11170 858067 18 1707
11192 857775 19 1837
11214 858246 19 1774
11235 858035 18 1829
11257 856146 19 1787
11279 856483 20 1762
11301 857303 18 1836
11326 857390 22 1820
11354 860152 25 1839
11378 856816 21 1813
11407 858887 24 1862
11428 855589 18 1727
11449 858961 18 1766
11471 855953 19 1799
11493 857850 19 1833
11515 857682 19 1823
11542 856949 24 1751
11569 859197 23 1785
11595 858210 23 1765
11618 857737 20 1831
11640 859290 18 1835
11660 855796 17 1707
11684 857820 21 1763
11705 855920 18 1748
11727 857306 19 1726
11751 858251 21 1765
11773 858158 19 1736
11796 856128 19 1758
11816 856431 18 1754
11839 858618 20 1863
11862 858015 20 1835
11882 856113 18 1781
11904 857551 18 1832
11925 857307 19 1757
11955 859034 26 1844
11977 858647 19 1765
11999 859502 19 1814
12019 857968 17 1674
12041 856950 19 1812
12063 859396 19 1847
12085 855020 19 1722
12106 859049 18 1809
12128 859689 19 1888
12155 856585 24 1737
12180 858450 22 1763
12201 856725 18 1745
12224 856160 20 1725
12245 855535 18 1736
12271 858683 23 1809
12292 856457 18 1821
12314 858741 19 1729
12337 857236 20 1790
12365 854626 25 1755
12389 859852 21 1907
12410 856636 18 1704
12432 856048 19 1722
12453 857872 18 1785
12474 856396 18 1811
12496 855365 19 1777
12519 857765 20 1806
12543 857796 21 1802
12570 861275 24 1899
12591 857199 19 1832
12613 857203 19 1841
12636 857018 19 1787
12656 858494 18 1683
12676 855521 17 1681
12698 858896 19 1850
12719 857891 18 1788
12741 857969 19 1784
12770 857868 26 1831
12795 859773 21 1851
12817 855904 19 1729
12839 858916 20 1892
12861 857208 18 1768
12882 855291 18 1771
12905 859653 20 1848
12927 856768 20 1855
12951 857800 20 1788
12977 858256 24 1853
12997 855101 17 1725
13018 857013 18 1735
13039 855695 18 1683
13061 857689 19 1765
13084 858924 20 1915
13105 855416 18 1766
13128 858915 20 1914
13150 857848 19 1724
13177 858920 24 1859
13198 857976 19 1722
13218 853561 17 1689
13239 855513 19 1772
13262 856569 19 1743
13282 858998 18 1746
13304 859368 19 1829
13328 860153 21 1943
13351 857489 20 1743
13376 858170 22 1772
13399 856898 19 1788
13419 857609 18 1780
13438 855455 16 1668
13459 857307 18 1759
13481 859537 19 1784
13503 857112 19 1771
13524 855872 18 1730
13546 855278 19 1810
13568 857293 19 1695
13591 859174 20 1762
13613 857651 19 1811
13635 854871 19 1776
13658 858739 20 1851
13680 856028 19 1805
13701 855791 18 1799
13721 855279 18 1796
13744 857880 20 1843
13769 860135 22 1782
13797 859026 24 1875
13819 856593 19 1763
13840 856490 18 1769
13864 859157 20 1815
13885 859151 18 1823
13906 858150 19 1793
13928 856853 19 1727
13951 859050 19 1835
13974 859906 21 1861
13999 859952 21 1825
14021 857283 19 1718
14043 860415 20 1825
14063 857669 17 1746
14086 858635 20 1817
14107 857094 18 1822
14126 853096 16 1620
14147 857855 18 1762
14174 859465 24 1849
14202 856389 24 1768
14224 858617 19 1816
14247 856866 20 1830
14268 856066 18 1788
14290 859351 18 1767
14311 857559 19 1800
14332 858055 18 1786
14356 861044 20 1896
14378 856858 19 1779
14405 861825 23 1906
14427 857464 19 1782
14449 859033 18 1716
14471 857242 19 1711
14495 858998 21 1822
14517 859912 19 1842
14540 857940 20 1852
14562 857233 19 1749
14591 855706 26 1820
14615 859158 20 1721
14638 857534 20 1814
14660 858920 18 1751
14682 860036 19 1873
14705 859611 20 1763
14725 855615 17 1692
14747 857701 19 1837
14768 859281 18 1709
14796 856534 24 1739
14820 859406 20 1764
14844 859430 21 1877
14865 860248 18 1777
14886 857982 18 1714
14908 858596 19 1863
14932 857056 21 1822
14956 860254 21 1831
14978 858795 18 1717
15006 854582 25 1854
15025 856347 16 1711
15046 858195 18 1732
15069 854392 20 1747
15089 855857 17 1696
15112 858145 20 1807
15134 856521 19 1767
15156 856092 19 1855
15177 859817 18 1787
15205 859362 24 1856
15228 856004 20 1777
15251 855336 20 1822
15275 856978 22 1775
15297 857957 19 1774
15318 857515 18 1732
15340 857937 19 1837
15362 858710 19 1911
15385 858810 20 1786
15410 858365 22 1775
15434 855790 19 1795
15454 856056 17 1719
15476 855325 19 1814
15497 857916 18 1819
15518 859670 18 1776
15540 859807 20 1852
15562 856277 19 1738
15584 858061 20 1746
15610 858135 22 1710
15633 856189 20 1785
15654 855222 18 1755
15674 856651 17 1702
15694 857522 17 1730
15715 858564 17 1768
15738 860634 20 1807
15758 858654 18 1778
15779 857778 17 1747
15799 857799 17 1618
15827 859694 24 1824
15849 857690 19 1734
15872 856876 19 1730
15894 858022 20 1873
15916 857760 19 1811
15938 859410 19 1858
15958 858258 17 1735
15980 855706 19 1788
16002 856220 19 1700
16027 855938 23 1782
16050 858738 20 1707
16072 858082 19 1816
16092 856123 17 1767
16112 857562 17 1767
16132 858208 17 1730
16154 857684 18 1783
16175 859501 19 1739
16198 856459 20 1732
16225 858171 24 1864
16246 856642 17 1759
16267 855554 18 1778
16290 859824 20 1832
16310 856562 18 1726
16333 859936 20 1826
16353 858042 17 1752
16375 857273 19 1777
16401 858639 23 1867
16425 856672 21 1760
16448 858141 19 1838
16470 859474 19 1863
16496 859392 23 1874
16517 857541 18 1747
16537 856108 17 1756
16559 857613 19 1780
16581 853750 19 1734
16605 857122 20 1824
16629 856349 22 1757
16649 853667 17 1643
16671 859925 19 1810
16691 855315 18 1682
16715 858648 21 1866
16737 857429 19 1785
16756 853490 17 1691
16781 857463 21 1812
16805 858669 21 1769
16839 857614 30 1801
16862 861436 20 1825
16885 857489 20 1801
16910 859810 22 1889
16932 857357 19 1822
16953 856365 18 1729
16976 859507 20 1889
16998 856927 19 1760
17023 858883 23 1841
17046 854542 19 1747
17071 858729 22 1797
17095 859348 20 1812
17117 858794 20 1836
17138 856992 18 1788
17158 856223 18 1760
17182 858216 21 1853
17203 858877 19 1835
17230 859956 23 1881
17256 859114 22 1856
17279 859080 20 1798
17301 857639 20 1825
17324 859572 20 1858
17346 856194 18 1805
17369 856784 20 1746
17390 854671 18 1801
17411 857324 18 1713
17439 859659 24 1791
17461 859675 19 1840
17482 855868 18 1699
17504 858428 19 1734
17531 857930 24 1834
17559 857838 25 1751
17589 856566 27 1791
17613 855034 20 1778
17641 859205 24 1883
17665 858184 21 1801
17685 856108 17 1746
17709 857669 21 1856
17731 859302 19 1847
17753 857577 19 1835
17777 860538 21 1801
17802 859185 23 1908
17826 859542 21 1828
17852 857257 23 1750
17874 856242 19 1762
17898 857582 21 1660
17921 859122 20 1838
17942 856980 18 1728
17967 859066 22 1838
17988 856516 18 1701
18008 858281 17 1730
18035 858572 24 1780
18065 857799 26 1790
18095 857725 26 1747
18116 856155 18 1733
18139 858912 20 1867
18162 858584 19 1772
18182 856598 17 1739
18203 857197 18 1750
18226 855891 20 1858
18252 856963 23 1799
18273 857606 18 1773
18297 859472 21 1854
18319 859654 19 1758
18340 857292 18 1787
18364 860476 20 1870
18387 857402 20 1817
18408 857071 18 1752
18431 855440 20 1744
18456 858260 22 1848
18482 853460 22 1720
18508 859823 23 1882
18529 858701 19 1779
18552 856566 19 1786
18574 856375 20 1740
18594 854671 16 1642
18616 857487 19 1794
18642 855078 23 1752
18674 860560 29 1892
18704 857940 26 1780
18725 858835 18 1763
18749 858577 21 1892
18770 858013 19 1782
18793 856901 20 1746
18815 857508 19 1800
18840 858962 21 1813
18865 857145 22 1771
18887 857389 20 1808
18912 860210 22 1889
18935 855611 20 1732
18956 858255 18 1732
18979 856518 21 1810
19000 857103 17 1747
19019 854203 17 1693
19040 853870 18 1664
19066 859662 22 1825
19090 857867 21 1843
19113 857431 20 1779
19136 858977 19 1881
19159 860622 21 1879
19181 855547 19 1790
19203 857706 19 1840
19223 856543 17 1805
19247 858667 21 1750
19271 859545 21 1811
19294 858568 20 1840
19318 859472 20 1846
19339 858405 18 1829
19361 857783 19 1767
19385 857623 20 1853
19406 859214 18 1778
19430 858027 21 1834
19455 858057 22 1785
19484 859155 25 1724
19506 858184 20 1656
19529 857625 19 1811
19552 857217 20 1807
19573 858278 18 1720
19594 857697 18 1820
19616 859565 19 1826
19636 856571 17 1745
19657 854322 18 1713
19682 857356 22 1747
19705 856000 20 1797
19727 858709 20 1757
19752 858631 21 1888
19774 859757 19 1805
19795 857471 19 1752
19816 858757 18 1739
19838 861162 19 1838
19862 858262 21 1766
19887 857319 21 1794
19908 857500 19 1808
19929 857742 18 1761
19952 858524 20 1771
19974 860075 19 1846
19996 855527 19 1735
20018 860400 19 1773
20040 858703 19 1762
20064 857379 21 1843
20088 855762 21 1640
20111 858003 20 1770
20134 860082 20 1722
20157 859563 20 1859
20179 858064 19 1820
20200 858494 18 1794
20224 857479 22 1804
20247 857442 20 1804
20271 859099 21 1871
20295 852762 21 1730
20317 857635 19 1750
20339 855988 19 1738
20359 855824 17 1676
20384 857790 22 1888
20406 858756 19 1887
20430 859536 21 1798
20451 861464 18 1761
20473 855159 19 1732
20497 858290 20 1769
20520 860029 19 1777
20542 858888 19 1854
20562 857679 17 1767
20585 859268 20 1793
20606 860385 17 1697
20627 858379 18 1752
20648 857336 18 1795
20672 856892 21 1935
20698 858386 23 1729
20718 855903 18 1709
20741 855714 20 1721
20762 856504 17 1739
20784 858792 19 1763
20806 856916 19 1807
20826 856609 17 1709
20850 856081 21 1872
20872 859968 19 1776
20900 858154 25 1782
20922 856530 19 1767
20943 857112 18 1760
20965 855399 18 1757
20986 858263 18 1733
21011 858539 22 1819
21032 859855 18 1831
21053 857614 18 1780
21075 860143 19 1829
21100 858825 21 1731
21121 857352 18 1773
21142 858115 19 1796
21166 857228 21 1844
21187 859374 17 1765
21207 858132 18 1733
21229 856618 18 1751
21251 857999 19 1737
21275 857705 22 1844
21301 857526 22 1817
21322 856505 18 1698
21344 856765 19 1790
21367 855223 20 1735
21390 856876 19 1797
21412 858834 19 1817
21434 860131 19 1823
21457 855682 20 1781
21480 858666 21 1817
21505 856326 22 1797
21526 856080 17 1735
21549 858330 20 1807
21573 862002 21 1876
21595 859060 19 1856
21616 859192 18 1801
21637 859179 18 1728
21658 859739 19 1777
21681 857800 19 1708
21706 856853 23 1761
21729 859314 20 1886
21752 860413 20 1828
21773 854991 17 1721
21794 855850 18 1774
21815 856247 18 1760
21837 858344 19 1847
21859 857267 19 1783
21880 857745 18 1701
21906 856689 22 1740
21927 860681 18 1792
21950 860932 20 1901
21974 859711 21 1831
21995 859347 18 1742
22016 856998 18 1744
22038 858328 19 1765
22059 856427 18 1737
22080 857716 18 1745
22108 857362 24 1790
22132 858497 20 1691
22155 859259 20 1851
22176 856606 18 1704
22200 857886 20 1822
22222 859980 19 1818
22245 857752 20 1800
22268 860568 20 1880
22290 858260 18 1755
22319 857886 26 1852
22341 858326 19 1809
22363 859539 19 1851
22385 858340 19 1790
22406 856242 19 1755
22428 857269 18 1771
22449 855734 18 1741
22471 859618 19 1746
22495 858046 21 1781
22520 857959 21 1799
22542 858116 19 1795
22565 860003 20 1829
22591 858350 22 1923
22615 857881 21 1814
22639 858284 20 1857
22663 858290 21 1824
22684 855372 18 1756
22709 860406 22 1911
22733 856676 21 1752
22756 859664 19 1869
22778 857880 19 1834
22801 857927 20 1845
22822 860508 18 1814
22844 854798 18 1726
22866 855939 19 1796
22887 859932 17 1758
22908 858092 19 1775
22933 856688 21 1688
22956 858329 20 1809
22977 857074 18 1762
23001 859766 20 1821
23022 857757 18 1815
23044 858745 19 1803
23066 857352 19 1798
23089 858411 20 1833
23110 858940 18 1766
23138 858724 24 1859
23159 856698 19 1795
23180 854904 18 1709
23202 857671 18 1727
23224 858903 19 1837
23245 855133 18 1695
23265 858885 17 1760
23287 858204 19 1791
23310 858279 19 1783
23335 859549 22 1732
23361 855718 21 1748
23386 859792 21 1957
23407 857263 18 1761
23429 857407 19 1761
23450 856780 18 1682
23474 861262 21 1729
23496 856910 19 1830
23517 857713 19 1783
23544 856069 23 1734
23566 858229 18 1770
23588 856874 18 1782
23611 860217 20 1824
23631 856212 18 1728
23652 858751 18 1773
23673 855131 18 1747
23694 858470 18 1783
23715 859101 18 1751
23738 857893 21 1820
23763 856896 21 1818
23788 860683 22 1909
23810 858382 19 1842
23831 856766 18 1773
23854 862319 20 1860
23875 859654 19 1865
23898 855283 19 1738
23920 859132 20 1846
23947 856527 23 1747
23968 856273 18 1657
23992 859322 21 1896
24014 857625 19 1774
24037 860503 20 1795
24057 856719 17 1714
24078 857724 18 1727
24100 858735 20 1844
24122 859226 19 1780
24146 854788 21 1705
24170 857386 20 1769
24193 856795 20 1764
24216 857953 19 1821
24238 858163 19 1769
24259 858281 18 1715
24282 856609 19 1779
24304 856333 20 1833
24325 858225 18 1767
24350 854585 22 1778
24373 858670 20 1774
24396 858758 20 1869
24417 857900 18 1687
24439 855732 19 1720
24462 856582 20 1833
24482 856483 17 1737
24503 857275 18 1767
24523 856865 17 1738
24545 857185 19 1776
24570 855915 23 1791
24594 858471 21 1890
24616 856729 19 1725
24637 856812 18 1733
24658 859161 17 1748
24677 855667 17 1700
24698 856441 18 1744
24718 856942 17 1685
24743 856982 21 1753
24772 860514 26 1810
24793 856969 18 1784
24814 855324 19 1728
24839 859399 21 1779
24861 858129 20 1805
24883 854136 19 1804
24907 858664 21 1869
24931 854775 21 1748
24955 857638 21 1755
24981 858699 23 1949
25003 856739 19 1740
25025 856749 19 1749
25047 858709 19 1783
25071 859971 21 1886
25093 856639 19 1723
25115 860693 19 1820
25136 858277 19 1853
25164 860075 25 1841
25188 857858 21 1814
25211 858476 19 1795
25233 857806 20 1789
25254 856355 18 1760
25276 858629 19 1742
25297 857806 18 1741
25319 858387 19 1779
25341 858924 19 1737
25368 860017 24 1812
25392 858998 20 1890
25414 858270 19 1781
25435 856280 18 1773
25458 860621 20 1892
25479 858765 18 1778
25499 858614 18 1733
25521 857487 18 1791
25544 857180 21 1823
25572 856740 25 1869
25595 858578 20 1745
25617 858298 18 1834
25639 857518 19 1746
25661 856895 18 1821
25683 858275 19 1786
25707 859061 21 1924
25729 856669 19 1784
25753 857716 20 1816
25777 857576 21 1752
25799 857911 18 1785
25820 857183 18 1740
25841 860083 18 1781
25862 857197 18 1814
25884 857183 19 1793
25904 855063 17 1740
25926 859850 19 1762
25947 857594 18 1782
25972 860235 22 1732
26001 856880 25 1741
26026 857366 22 1806
26049 861095 20 1799
26075 858886 22 1927
26095 857827 18 1770
26115 858546 17 1745
26137 858836 19 1831
26158 856493 18 1782
26183 856430 22 1767
26208 856120 21 1758
26233 858132 22 1801
26257 856986 20 1812
26278 856438 18 1779
26300 861526 19 1813
26321 857966 19 1773
26343 859055 19 1795
26366 858287 20 1755
26392 858697 23 1804
26417 857485 22 1850
26438 856646 18 1667
26461 857130 20 1777
26482 857851 17 1673
26504 855772 19 1810
26524 857045 18 1745
26551 860875 24 1881
26576 857973 22 1840
26600 857073 21 1781
26622 859586 19 1822
26644 856558 19 1797
26665 857172 18 1766
26686 856371 18 1702
26708 857749 19 1776
26729 857607 18 1779
26751 854434 19 1808
26773 856561 19 1781
26797 856542 21 1752
26819 857674 19 1743
26841 860143 18 1809
26862 856340 19 1758
26884 859356 18 1786
26906 856110 19 1806
26929 859973 19 1853
26951 858720 20 1784
26974 858446 20 1803
27001 856657 24 1713
27022 856924 18 1698
27043 856175 19 1809
27065 857593 18 1790
27087 855036 19 1752
27107 857275 18 1717
27130 858061 19 1752
27150 858416 18 1765
27173 856404 20 1775
27197 855489 21 1700
27227 859712 26 1824
27247 855000 17 1706
27269 859688 19 1759
27291 857352 20 1826
27312 856801 18 1685
27335 857099 20 1749
27358 858658 20 1822
27381 856587 20 1701
27408 858985 23 1809
27431 857936 20 1801
27454 861571 20 1874
27476 856173 18 1765
27499 857685 20 1765
27521 856603 20 1812
27545 858776 20 1804
27568 858252 20 1858
27589 856424 19 1801
27614 857567 21 1667
27637 861795 21 1835
27659 858733 19 1825
27680 855266 18 1745
27702 857510 20 1863
27723 858477 18 1738
27747 860167 21 1853
27770 858060 20 1865
27792 856932 19 1732
27817 857914 22 1757
27838 856263 18 1761
27860 857793 19 1804
27882 856918 18 1794
27903 856168 18 1750
27925 859731 19 1847
27947 858684 19 1768
27969 858132 19 1771
27993 858477 21 1808
28019 856436 23 1834
28041 860802 19 1852
28063 858371 18 1733
28083 858168 17 1729
28107 860374 20 1824
28127 857264 17 1717
28153 859995 23 1868
28173 856965 18 1711
28197 857121 20 1784
28220 858360 20 1673
28245 860362 22 1904
28266 857718 18 1755
28287 857005 19 1767
28309 857409 19 1807
28331 857235 19 1730
28354 857159 20 1783
28375 857089 18 1751
28396 856196 18 1770
28421 858549 21 1786
28442 854564 17 1676
28465 860424 21 1856
28486 855850 18 1715
28508 855523 19 1822
28528 855559 17 1744
28549 854780 18 1753
28569 858613 18 1714
28590 858444 17 1693
28616 856831 23 1772
28641 854809 21 1705
28661 860445 17 1752
28684 854561 20 1781
28706 858324 19 1755
28729 855855 20 1801
28750 857768 18 1764
28773 859501 20 1859
28795 858620 19 1810
28823 860035 24 1831
28844 857913 18 1744
28870 860280 23 1868
28892 857551 19 1752
28916 857792 21 1736
28937 856558 18 1777
28961 859880 21 1811
28983 855870 19 1789
29011 859100 24 1903
29037 857818 23 1775
29060 858662 21 1823
29085 857975 21 1780
29107 856980 19 1728
29130 859692 21 1799
29152 859858 19 1818
29175 858152 20 1834
29196 856589 19 1739
29221 859255 22 1789
29245 856642 20 1770
29267 855254 18 1769
29290 858892 20 1823
29314 856133 21 1823
29335 856456 19 1756
29357 857677 19 1823
29378 859322 19 1801
29399 857029 18 1758
29422 857273 20 1760
29449 858223 22 1763
29471 857425 19 1722
29493 857549 19 1787
29516 856969 20 1748
29538 856485 19 1811
29560 857522 18 1727
29581 857814 18 1719
29601 858175 17 1681
29624 856673 20 1788
29650 856296 23 1680
29672 855248 20 1778
29693 857130 18 1756
29716 858721 20 1847
29737 853983 18 1702
29759 857800 19 1793
29780 857047 19 1771
29801 854025 18 1695
29825 858775 21 1772
29856 859655 27 1817
29877 857096 19 1788
29899 854908 18 1736
29921 857817 19 1840
29944 860722 20 1912
29965 856396 18 1768
29986 858487 18 1757
30007 857034 18 1838
30030 859799 20 1836
30057 857566 23 1779
30080 858097 20 1813
30101 857627 19 1764
30127 858007 22 1866
30150 857177 20 1811
30171 858801 19 1764
30193 857810 18 1793
30215 858529 20 1892
30238 856137 19 1685
30262 857351 21 1742
30287 860587 21 1920
30309 860643 19 1818
30330 858139 18 1783
30351 858988 18 1731
30373 860394 19 1789
30397 859173 20 1800
30419 858006 19 1780
30441 858158 19 1734
30463 856907 18 1744
30484 855669 18 1781
30508 857514 21 1853
30529 856511 18 1721
30550 856029 18 1781
30571 857824 18 1741
30593 857573 19 1783
30615 859253 19 1869
30637 859034 19 1784
30662 856433 22 1799
30684 860910 19 1817
30706 856079 20 1755
30727 858828 17 1730
30747 855617 18 1720
30770 858531 20 1869
30791 857590 18 1785
30812 858124 18 1718
30834 858431 20 1803
30858 856272 21 1711
30880 859329 18 1746
30902 858303 19 1819
30925 860462 20 1850
30947 858476 19 1813
30968 856932 18 1797
30988 855576 17 1690
31008 858492 17 1811
31030 859384 19 1823
31057 856731 23 1828
31085 856903 24 1797
31107 857125 19 1807
31130 857701 20 1760
31154 857949 21 1802
31174 854942 17 1689
31195 858861 17 1764
31215 857239 17 1698
31236 856866 18 1732
31267 859759 27 1898
31291 858952 22 1884
31317 861599 23 1878
31338 857687 18 1776
31359 855374 18 1719
31383 856687 21 1858
31405 857873 20 1830
31427 856479 19 1753
31451 856298 21 1843
31476 857470 22 1758
31498 859372 19 1872
31519 855108 17 1727
31539 858578 17 1739
31561 855680 19 1821
31582 857689 18 1787
31604 856610 19 1805
31624 854104 17 1724
31647 858264 20 1781
31671 854371 21 1667
31693 858377 18 1763
31716 857590 20 1816
31737 857498 18 1692
31758 857016 18 1723
31780 856842 19 1858
31804 855526 21 1821
31828 859225 21 1822
31848 855910 18 1702
31874 860214 22 1785
31897 856519 20 1761
31920 858947 20 1810
31943 858093 20 1772
31967 858738 21 1839
31989 857382 19 1775
32010 857925 18 1776
32031 857987 17 1749
32054 857766 21 1858
32080 857468 22 1818
32103 858829 20 1810
32124 860030 18 1792
32145 855161 18 1776
32167 855874 19 1779
32188 855680 18 1744
32208 860205 17 1681
32231 858489 20 1814
32251 857477 18 1712
32278 856111 23 1831
32300 855939 19 1804
32324 857263 20 1780
32347 857655 21 1804
32369 858436 19 1768
32390 855630 18 1759
32411 854559 18 1727
32434 856611 21 1857
32456 856903 19 1773
32482 858557 22 1804
32506 857605 20 1819
32528 858930 19 1836
32550 858442 19 1770
32571 857421 18 1775
32593 855828 19 1827
32613 855744 17 1720
32635 859243 20 1769
32658 858084 19 1854
32687 857697 26 1846
32709 856630 19 1748
32730 858457 18 1733
32754 856726 20 1858
32776 857183 19 1820
32798 859541 19 1806
32822 861125 21 1872
32843 857456 19 1812
32865 854293 19 1670
32888 856020 20 1673
32911 858503 19 1793
32932 856322 18 1699
32954 855880 19 1734
32975 856001 18 1783
32996 856860 18 1738
33019 859079 19 1757
33039 857611 17 1754
33060 859031 18 1793
33084 857045 20 1728
33108 855072 20 1704
33132 858473 21 1788
33153 857415 19 1740
33175 855073 19 1752
33196 857679 18 1820
33218 857506 19 1776
33239 858919 18 1777
33260 855721 19 1716
33283 857364 19 1751
33308 858184 21 1781
33330 856982 19 1707
33351 855419 18 1690
33372 859047 18 1811
33394 855322 18 1776
33417 857006 21 1799
33440 857858 20 1832
33461 858070 18 1738
33485 857709 21 1867
33510 857595 21 1838
33535 858331 22 1781
33558 855360 20 1810
33578 857513 17 1716
33599 856564 18 1751
33620 859056 18 1761
33640 856639 17 1741
33663 858817 20 1847
33691 859786 25 1850
33723 855668 26 1685
33747 856604 20 1626
33769 857172 19 1790
33791 855095 19 1754
33815 858213 20 1838
33838 860099 20 1844
33860 858820 18 1826
33883 856623 21 1780
33911 856149 24 1724
33935 859107 21 1790
33959 858442 20 1825
33983 859760 21 1835
34005 855454 19 1751
34025 857548 17 1746
34046 857824 18 1810
34068 860186 20 1855
34093 857353 22 1826
34120 859419 24 1804
34142 857167 18 1757
34164 856383 20 1787
34188 858775 20 1830
34208 858373 18 1740
34230 857842 19 1814
34251 858005 18 1787
34273 855234 19 1725
34295 854533 19 1700
34319 857241 21 1755
34341 857585 19 1795
34365 860837 21 1833
34385 854322 18 1780
34407 857501 19 1802
34430 857253 20 1808
34452 858586 19 1856
34473 856665 18 1708
34498 856571 22 1867
34522 858023 21 1793
34545 855729 20 1768
34567 858211 19 1847
34588 859303 18 1797
34609 856674 19 1805
34629 858614 17 1730
34650 858417 18 1765
34670 858622 17 1746
34693 857362 20 1794
34720 858178 24 1728
34742 859388 20 1823
34764 860880 19 1792
34787 856282 19 1784
34807 856957 17 1693
34828 857735 18 1771
34849 856986 17 1755
34871 860038 20 1870
34896 858073 22 1783
34923 860161 23 1854
34944 860522 19 1755
34964 855528 17 1696
34987 861987 20 1927
35007 857531 16 1689
35027 854811 18 1736
35051 857030 21 1852
35072 857219 18 1688
35091 855346 16 1689
35118 857989 23 1807
35144 856033 22 1778
35165 857136 18 1784
35188 857608 19 1795
35209 856785 18 1740
35230 855662 19 1694
35251 857923 18 1776
35273 857533 19 1753
35293 859897 17 1663
35321 857200 25 1806
35344 855920 19 1764
35365 855572 18 1710
35386 856433 18 1703
35408 859734 19 1780
35429 858149 18 1811
35450 861890 18 1849
35473 858828 20 1811
35496 856700 21 1784
35520 858599 20 1751
35544 859614 20 1817
35568 859886 21 1870
35591 856931 20 1790
35613 856823 19 1829
35633 856391 18 1794
35655 859056 18 1822
35676 857045 19 1828
35700 861177 20 1910
35724 855200 22 1736
35747 856264 19 1744
35767 854049 17 1728
35791 858927 21 1881
35813 859495 19 1869
35835 858300 20 1751
35857 858856 19 1812
35878 858650 18 1792
35900 858645 19 1782
35926 858842 24 1854
35952 859771 21 1779
35974 856737 19 1792
35996 857932 18 1707
36018 856299 19 1739
36038 855350 17 1734
36059 861180 18 1820
36082 860142 20 1815
36103 857987 18 1775
36128 857250 22 1719
36156 859646 24 1879
36178 856960 19 1745
36200 858296 19 1712
36222 856320 19 1731
36243 854324 18 1708
36266 857910 20 1790
36287 855887 18 1845
36310 861323 20 1816
36345 858633 32 1876
36367 857448 19 1799
36387 856594 17 1725
36411 860392 21 1850
36432 856552 18 1758
36453 856196 18 1795
36476 856420 19 1804
36509 857038 21 1797
36536 858945 23 1786
36561 859273 22 1825
36582 856917 17 1712
36605 860547 20 1783
36626 859233 18 1801
36647 855301 18 1769
36669 861221 19 1766
36691 856971 19 1744
36713 857422 19 1798
36735 857227 20 1813
36763 855208 23 1798
36784 856695 18 1731
36804 857091 17 1800
36827 860407 20 1841
36848 858583 18 1741
36869 855962 18 1693
36891 858763 19 1874
36913 857457 19 1800
36935 858617 19 1684
36962 860195 24 1831
36985 859473 20 1806
37006 857321 19 1805
37028 856829 19 1819
37049 855295 18 1752
37071 860320 19 1778
37092 856422 18 1722
37113 857711 18 1734
37137 858860 21 1859
37164 858029 24 1773
37186 858725 19 1844
37206 856611 17 1727
37229 858376 20 1774
37252 858577 20 1824
37274 859576 19 1804
37296 858196 19 1830
37318 858844 19 1793
37342 858296 21 1841
37370 859504 25 1903
37391 858935 18 1790
37413 857413 19 1845
37434 857790 18 1766
37454 855626 17 1679
37476 857134 19 1716
37499 855423 20 1741
37521 856928 19 1812
37544 857194 20 1751
37570 857763 23 1783
37593 858724 20 1798
37615 856187 19 1812
37637 859767 19 1747
37659 858605 19 1867
37680 857068 19 1770
37702 856396 19 1791
37723 855670 18 1756
37745 856296 19 1667
37773 856148 24 1838
37795 859866 20 1809
37817 860086 19 1806
37839 858242 19 1804
37862 857612 20 1815
37882 856221 18 1718
37903 857135 18 1819
37927 858947 21 1830
37951 859859 21 1745
37980 855994 26 1734
38002 856571 18 1765
38022 857984 18 1793
38042 856997 17 1675
38064 857291 19 1747
38086 857369 18 1801
38106 857613 17 1710
38128 858901 20 1838
38152 858303 21 1893
38179 856926 23 1830
38200 855880 18 1793
38225 856564 22 1794
38246 857127 19 1817
38268 857171 18 1787
38291 860697 21 1868
38314 856594 20 1842
38335 858231 18 1810
38357 855588 19 1765
38380 856886 20 1713
38402 857629 19 1737
38426 857797 21 1800
38446 855711 17 1712
38468 856726 19 1774
38491 857812 20 1851
38516 860497 23 1854
38538 858476 19 1839
38560 857249 19 1777
38587 855729 23 1804
38610 857245 20 1831
38634 855820 22 1877
38658 858420 20 1855
38679 858444 18 1781
38701 857729 19 1747
38723 858050 19 1813
38744 859627 18 1733
38766 853924 20 1797
38793 855951 22 1793
38814 856649 18 1749
38835 857034 18 1757
38857 857642 20 1812
38879 855542 19 1737
38900 857326 18 1759
38922 857853 19 1759
38944 861304 19 1858
38969 857545 23 1840
39003 859553 30 1828
39025 856138 19 1800
39048 857345 20 1826
39072 859042 21 1819
39094 858879 19 1837
39115 858193 18 1776
39137 856623 19 1813
39159 859368 20 1828
39184 854603 21 1712
39208 857631 20 1709
39232 856236 21 1810
39254 857805 19 1812
39275 856027 18 1654
39297 860784 20 1782
39320 858416 20 1821
39342 858945 19 1872
39365 860423 20 1867
39389 857640 22 1796
39411 860118 18 1778
39434 858700 20 1856
39456 857937 19 1826
39478 859534 19 1708
39500 857246 18 1785
39520 856736 18 1817
39541 856085 18 1803
39562 856289 18 1748
39588 858724 23 1751
39610 857793 18 1783
39631 854388 18 1710
39655 857417 21 1716
39675 855773 17 1705
39696 857541 18 1738
39717 856723 17 1681
39739 855642 19 1793
39760 858860 19 1791
39789 857287 25 1799
39815 857255 22 1918
39836 857164 18 1768
39857 854568 18 1740
39880 860136 20 1816
39904 858175 20 1849
39928 858349 21 1879
39952 857676 22 1826
39976 857796 21 1723
40008 856772 28 1834
40034 860167 24 1835
40059 858335 21 1899
40083 857244 21 1840
40106 857189 20 1852
40128 857620 18 1784
40149 857525 19 1791
40171 858437 19 1836
40196 856136 21 1754
40219 857965 19 1807
40241 859473 19 1794
40263 858687 19 1791
40285 858048 19 1798
40306 857004 18 1716
40327 858917 18 1810
40349 859971 19 1786
40369 853134 17 1668
40394 856485 22 1733
40419 857365 22 1785
40441 856116 18 1746
40463 859298 19 1816
40487 861255 21 1875
40510 857409 20 1772
40532 858682 19 1792
40554 856451 20 1875
40573 855441 16 1679
40596 856576 20 1697
40623 857687 23 1814
40645 858110 20 1837
40666 857875 18 1806
40690 857720 21 1807
40710 857427 17 1653
40732 858897 19 1802
40754 858005 19 1769
40775 857417 18 1761
40799 856631 21 1753
40826 857288 23 1787
40847 857506 18 1788
40870 859529 20 1860
40892 859205 19 1784
40915 856324 19 1854
40936 859044 18 1750
40956 855048 17 1736
40977 858068 18 1823
41001 857259 21 1880
41026 857556 21 1737
41047 856598 18 1761
41069 859097 20 1840
41091 857743 19 1783
41112 858558 18 1793
41135 858970 20 1826
41157 858481 19 1882
41179 856299 19 1820
41205 857998 23 1895
41231 859892 23 1738
41255 858430 21 1847
41279 857995 20 1820
41301 855841 19 1774
41323 857565 19 1755
41344 859737 18 1736
41367 858953 19 1773
41387 855779 17 1730
41412 856417 22 1839
41437 858578 20 1801
41461 857989 21 1812
41483 857115 19 1821
41506 857834 20 1792
41525 854969 16 1653
41547 856892 18 1772
41567 857425 18 1737
41589 857921 18 1830
41613 859753 21 1843
41640 856489 23 1869
41661 856140 18 1756
41685 860426 21 1848
41710 859922 21 1945
41731 857879 18 1806
41753 856519 19 1777
41777 858625 21 1892
41797 856647 17 1726
41825 858052 24 1837
41847 856293 19 1764
41871 857971 21 1823
41893 860215 19 1865
41914 858264 18 1729
41939 857591 22 1785
41960 858314 18 1778
41982 857009 20 1802
42005 857664 19 1732
42030 859128 22 1818
42051 856978 17 1732
42072 858854 19 1796
42096 859283 21 1804
42118 859563 19 1810
42138 860236 17 1706
42158 855995 18 1770
42179 854091 17 1715
42201 859646 19 1789
42226 857138 22 1708
42249 856950 19 1757
42269 857042 17 1749
42292 857700 19 1795
42311 858484 17 1705
42332 857502 18 1790
42355 860260 19 1810
42376 858659 19 1840
42396 855186 17 1751
42418 855582 19 1801
42444 855135 23 1769
42466 860597 19 1817
42488 855883 19 1742
42510 856543 18 1709
42533 858360 20 1747
42555 859576 19 1789
42576 855868 18 1676
42597 858959 18 1874
42621 856508 21 1772
42646 858296 22 1773
42669 858796 20 1898
42691 857578 19 1730
42712 857633 18 1710
42735 855940 20 1754
42757 859131 19 1849
42780 857465 19 1792
42800 855644 17 1769
42823 858343 20 1806
42848 857945 22 1797
42868 857170 17 1746
42889 855987 18 1756
42911 858447 20 1720
42935 857296 21 1798
42957 855638 19 1799
42978 858540 18 1743
43001 857804 20 1800
43028 859464 25 1936
43060 858953 28 1809
43082 857039 19 1687
43104 858129 19 1763
43125 860398 18 1789
43147 858662 19 1791
43169 858870 18 1765
43192 859882 20 1827
43214 856471 19 1748
43237 857506 20 1746
43260 859026 20 1796
43280 857023 17 1693
43304 858774 21 1911
43324 855437 17 1707
43344 858057 18 1762
43366 857328 19 1821
43387 857383 18 1743
43407 857700 17 1724
43429 860292 20 1771
43456 857678 23 1798
43477 857061 18 1754
43498 858129 18 1762
43521 857508 19 1767
43543 855715 20 1803
43567 857174 20 1802
43587 858377 17 1725
43608 859407 19 1729
43632 858638 20 1817
43660 859032 25 1838
43681 856954 18 1725
43704 858836 20 1760
43728 858006 20 1760
43748 858360 17 1720
43770 856581 19 1781
43792 858827 19 1841
43814 855595 19 1721
43836 858917 19 1730
43863 857847 24 1783
43884 858440 19 1874
43907 859732 20 1890
43930 857783 20 1881
43951 858341 18 1789
43973 857635 19 1810
43995 855299 18 1739
44016 859420 18 1789
44039 858416 20 1822
44064 856088 22 1709
44086 854492 20 1771
44108 857495 19 1807
44129 855412 18 1692
44151 858540 19 1786
44173 858807 19 1810
44194 858217 19 1762
44217 857860 19 1832
44238 858402 19 1771
44268 857710 26 1834
44292 858625 19 1798
44314 857833 19 1799
44338 857943 21 1789
44361 858652 19 1789
44383 856148 19 1882
44405 858953 19 1829
44425 856400 18 1734
44450 855830 21 1809
44478 856668 25 1778
44499 857944 18 1721
44520 858527 18 1774
44546 858578 23 1883
44567 860894 18 1798
44590 858552 20 1841
44612 857590 19 1791
44633 855458 18 1777
44655 856926 19 1789
44680 857511 21 1714
44701 855059 18 1734
44724 857104 20 1789
44745 857505 19 1774
44767 858876 19 1773
44789 857706 19 1820
44811 855505 19 1741
44832 857854 18 1773
44855 857179 20 1748
44880 858008 23 1771
44903 859162 20 1839
44925 859831 18 1834
44947 858456 19 1788
44969 859348 19 1822
44992 860832 19 1897
45012 855411 18 1769
45035 859115 19 1841
45057 853546 19 1648
45081 855382 21 1669
45104 858576 20 1804
45125 855620 18 1760
45148 859879 20 1816
45171 856897 20 1766
45193 857417 19 1807
45215 859308 19 1799
45237 857107 19 1785
45260 857469 20 1838
45283 854738 21 1680
45306 859133 19 1861
45329 859474 21 1805
45350 857010 18 1778
45371 858740 18 1763
45391 857757 18 1741
45417 861061 23 1883
45438 856725 18 1787
45462 857847 22 1849
45489 857719 24 1794
45511 855954 19 1650
45533 858528 19 1775
45556 858429 20 1768
45577 855311 19 1786
45599 857327 18 1741
45619 858103 18 1824
45640 854524 18 1723
45661 859612 18 1779
45689 854352 25 1782
45713 858840 19 1835
45736 856760 20 1792
45758 856091 19 1754
45779 857503 18 1795
45799 858057 17 1707
45820 857736 18 1744
45841 858384 18 1738
45865 857138 21 1709
45890 859070 22 1810
45916 860910 23 1852
45938 858026 19 1823
45959 859746 18 1791
45980 859951 18 1818
46001 860786 19 1837
46021 858025 17 1726
46042 856385 18 1743
46062 857795 17 1752
46091 858145 25 1837
46116 859950 22 1824
46141 860304 22 1907
46166 858149 21 1792
46189 859350 20 1767
46211 856147 19 1732
46233 859007 19 1785
46255 857083 19 1791
46278 857841 20 1788
46304 856914 23 1731
46329 858330 22 1839
46353 857561 21 1781
46377 856712 21 1829
46398 857153 18 1750
46421 856556 20 1767
46442 855732 18 1739
46462 855909 17 1693
46486 859655 21 1785
46510 857290 21 1759
46532 858379 18 1731
46554 857087 19 1760
46574 858676 17 1715
46597 858183 20 1782
46617 859123 17 1691
46639 857492 19 1838
46660 856327 18 1743
46682 858679 20 1796
46709 862139 24 1909
46730 858626 18 1746
46754 858594 21 1812
46775 857543 18 1823
46797 859742 19 1835
46820 858920 20 1874
46842 858143 19 1851
46864 859787 19 1860
46886 858900 19 1799
46913 858028 24 1866
46938 858254 21 1819
46961 855152 20 1763
46982 859920 19 1803
47004 858798 18 1717
47027 856559 20 1764
47049 858335 19 1792
47070 859139 18 1832
47090 854652 18 1751
47115 859564 22 1815
47141 857686 23 1825
47162 857869 18 1767
47184 858090 18 1718
47206 856291 20 1751
47227 856447 18 1672
47247 856402 17 1718
47269 857322 19 1811
47292 857511 19 1877
47316 857264 22 1805
47340 856229 20 1744
47363 856647 19 1783
47386 858752 21 1829
47408 857151 19 1754
47430 858472 19 1793
47451 859515 18 1817
47472 856181 18 1734
47494 857580 19 1832
47519 856652 22 1794
47543 854641 20 1685
47565 860028 19 1862
47588 858322 21 1790
47614 861043 22 1819
47636 859955 19 1864
47659 857286 20 1919
47681 858326 19 1798
47701 856973 17 1739
47727 859074 22 1697
47749 857768 18 1739
47771 856626 19 1705
47792 857803 18 1809
47814 859213 19 1852
47835 856227 18 1789
47855 858756 17 1763
47877 856667 19 1746
47898 858411 18 1790
47921 858121 19 1727
47949 859107 24 1839
47971 857061 19 1800
47991 857826 17 1695
48014 859405 20 1779
48037 855402 20 1816
48058 854153 18 1721
48077 856613 16 1703
48100 859558 19 1803
48131 857702 28 1814
48157 859242 21 1816
48180 856526 19 1782
48204 857501 21 1817
48227 857891 20 1768
48250 855763 21 1786
48273 858418 19 1826
48294 856228 18 1744
48315 856430 18 1739
48342 857905 23 1747
48363 859356 18 1762
48384 859666 18 1779
48405 855776 17 1719
48427 859896 20 1804
48449 858582 19 1793
48472 857477 20 1780
48494 859999 19 1797
48518 861534 21 1888
48545 861362 23 1797
48567 857265 19 1751
48588 857631 18 1746
48609 857473 18 1788
48630 857121 18 1723
48652 858440 19 1826
48672 857102 18 1745
48693 856290 18 1730
48714 858412 18 1790
48739 856290 22 1687
48764 858284 21 1691
48787 856144 20 1690
48811 857504 20 1768
48833 858955 19 1796
48854 859231 18 1755
48874 858751 18 1721
48897 858131 19 1805
48921 859245 21 1906
48949 856787 25 1823
48974 857116 22 1723
48998 856950 22 1774
49021 855526 19 1710
49043 858011 19 1825
49067 857679 21 1844
49088 858912 18 1747
49109 857668 18 1765
49132 856318 20 1724
49157 856686 22 1808
49179 854747 18 1786
49201 857024 19 1761
49223 855874 18 1749
49244 855267 18 1736
49265 856773 18 1754
49288 857466 20 1813
49310 858453 19 1821
49333 858813 20 1821
49359 858516 23 1731
49382 854778 20 1739
49405 859200 20 1864
49429 857879 20 1853
49448 856734 17 1710
49471 855048 19 1854
49492 858491 18 1746
49513 856843 18 1716
49538 859630 22 1838
49575 860737 33 1866
49607 858193 28 1839
49635 858747 24 1876
49658 856642 19 1735
49680 858276 19 1751
49702 856114 20 1831
49723 857320 18 1799
49747 859292 22 1803
49778 860332 27 1784
49799 859090 18 1775
49822 857000 20 1785
49842 855435 17 1689
49864 855326 20 1868
49887 858737 19 1765
49909 857786 19 1800
49932 862014 20 1922
49954 859363 20 1815
49979 856798 21 1744
50003 859321 21 1823
50025 859010 19 1746
50046 857110 18 1733
50066 858176 17 1747
50087 858638 18 1778
50108 857318 18 1765
50130 858214 19 1773
50153 858547 20 1715
50177 859186 21 1714
50197 857508 17 1701
50218 858387 17 1718
50239 857316 18 1750
50259 856953 17 1688
50279 857410 17 1695
50300 857626 18 1728
50319 855554 16 1684
50340 857800 18 1842
50365 857637 23 1808
50389 856542 20 1751
50410 856963 18 1751
50433 862678 20 1837
50454 859511 18 1713
50474 856519 17 1738
50497 861094 20 1846
50519 860596 19 1874
50541 858648 19 1804
50565 857902 21 1815
50589 858677 20 1793
50611 855956 18 1777
50635 860029 21 1892
50658 857627 20 1834
50680 857508 19 1759
50704 860865 22 1895
50727 857774 19 1848
50749 855316 19 1771
50776 856999 24 1769
50800 859689 21 1879
50821 857392 18 1761
50843 855324 18 1730
50864 857534 19 1789
50884 857385 17 1709
50906 857929 19 1783
50927 857584 18 1787
50949 858111 20 1790
50977 858943 25 1844
50998 854346 18 1720
51020 858383 19 1796
51042 855097 19 1715
51062 854276 17 1695
51084 857068 19 1749
51107 857772 20 1896
51129 858325 19 1826
51151 856179 19 1826
51172 854427 19 1736
51198 857444 22 1813
51220 859520 19 1739
51245 856284 22 1827
51267 857245 19 1812
51288 853646 18 1699
51309 857991 18 1761
51332 860150 20 1848
51352 857705 18 1808
51377 858842 22 1816
51402 856628 20 1829
51424 858719 20 1778
51447 856952 20 1838
51469 854430 18 1694
51491 858010 19 1685
51512 857797 18 1756
51534 856395 19 1806
51555 857959 18 1690
51583 859283 25 1879
51609 856283 22 1822
51633 858804 22 1883
51655 857719 19 1827
51678 859000 19 1779
51701 858007 20 1820
51721 857885 17 1744
51742 857686 18 1751
51763 858914 18 1734
51787 858051 21 1723
51811 858329 19 1769
51833 855982 19 1736
51855 856913 19 1782
51876 857446 18 1710
51897 860920 18 1792
51918 861040 18 1787
51944 859689 23 1945
51964 856606 17 1741
51990 855420 23 1757
52016 861010 20 1820
52037 857360 18 1800
52058 858709 18 1738
52079 856305 18 1625
52100 856650 18 1708
52121 857383 18 1709
52143 857583 19 1761
52166 857762 20 1831
52191 855723 23 1756
52215 857561 20 1803
52236 857691 18 1784
52259 856923 19 1745
52281 858444 19 1768
52302 859770 18 1829
52325 857429 20 1807
52348 858660 20 1937
52369 857122 18 1808
52394 858281 21 1835
52420 858462 22 1837
52442 859558 19 1794
52466 858128 21 1809
52487 856588 18 1736
52508 858086 18 1781
52529 861391 18 1795
52552 857240 19 1833
52574 858392 20 1805
52600 857528 23 1833
52625 856709 21 1816
52645 855368 17 1732
52666 859217 18 1757
52688 857505 18 1800
52707 855668 16 1653
52730 857602 20 1768
52751 857652 18 1730
52773 859959 19 1731
52794 856475 19 1698
52819 856388 22 1757
52841 859010 19 1770
52864 857843 20 1898
52886 855473 19 1737
52907 856508 18 1775
52927 855863 16 1680
52950 857821 21 1817
52973 858137 20 1803
52996 857303 20 1785
53019 858003 20 1652
53040 856447 19 1768
53062 858762 18 1751
53084 858839 18 1834
53106 855494 19 1821
53126 856323 17 1776
53146 856788 17 1709
53168 854995 19 1759
53190 856876 19 1808
53215 855243 22 1744
53238 859071 19 1842
53261 860142 20 1843
53284 857840 20 1770
53306 858336 19 1710
53329 859406 20 1799
53350 855319 17 1758
53370 857996 18 1775
53391 856018 18 1792
53417 857205 22 1765
53446 861116 26 1905
53467 857849 18 1768
53491 856187 20 1779
53513 857689 19 1809
53534 857274 18 1711
53556 857835 20 1744
53578 858493 19 1837
53601 857927 19 1751
53627 856611 23 1778
53647 859066 17 1723
53668 856045 18 1716
53691 856826 20 1721
53713 856967 19 1707
53734 856393 18 1764
53757 856580 21 1713
53780 859609 20 1891
53803 856650 20 1841
53831 858194 25 1854
53855 855443 20 1838
53876 859507 19 1784
53898 858530 19 1806
53921 858110 20 1756
53942 857597 18 1787
53963 857118 18 1796
53985 857152 19 1820
54009 857158 21 1798
54034 854976 22 1770
54055 854561 18 1692
54075 858718 18 1784
54100 857220 21 1808
54121 852911 18 1733
54142 855918 18 1723
54163 858773 18 1778
54185 859590 19 1819
54209 857979 21 1799
54235 856746 23 1827
54257 857551 19 1906
54281 859175 21 1837
54301 858381 17 1748
54324 857911 21 1859
54345 858439 18 1787
54367 857564 19 1809
54388 856839 18 1788
54411 856617 20 1843
54436 859426 22 1808
54460 861165 21 1925
54484 858331 21 1751
54506 857707 19 1804
54530 857848 21 1833
54550 857003 16 1713
54572 858026 19 1853
54595 857005 20 1811
54619 859833 21 1809
54650 857657 28 1811
54672 856783 19 1749
54693 858311 19 1719
54715 859883 19 1778
54737 857120 19 1686
54761 856639 21 1793
54787 860010 24 1914
54811 858662 21 1814
54840 858252 26 1936
54864 859031 20 1865
54885 856639 18 1742
54908 856524 20 1819
54931 860022 20 1814
54952 857964 19 1860
54974 858453 18 1765
54996 854989 19 1769
55019 859415 20 1811
55046 858516 24 1756
55067 857463 17 1751
55087 855442 17 1666
55110 858737 20 1846
55130 855699 17 1658
55153 859148 20 1874
55178 859349 22 1824
55202 857992 21 1838
55225 858362 20 1740
55251 858492 23 1776
55274 857723 20 1882
55295 856732 18 1781
55319 857599 20 1778
55340 855998 17 1718
55363 857346 20 1822
55383 857142 17 1733
55406 858838 20 1832
55430 858288 21 1790
55457 858140 23 1818
55479 858690 20 1849
55501 856265 19 1765
55523 857113 19 1699
55545 857962 19 1774
55567 857922 18 1808
55588 860324 19 1851
55612 860570 21 1899
55637 857408 22 1829
55661 856106 20 1687
55683 860955 19 1800
55704 857385 18 1766
55726 857850 19 1817
55750 856302 21 1810
55770 855098 17 1741
55793 855978 20 1855
55815 858196 18 1759
55838 857609 20 1788
55863 859093 22 1856
55885 855254 19 1776
55907 858545 19 1797
55929 858065 19 1789
55949 857315 17 1698
55971 857711 19 1846
55993 859356 20 1792
56014 859533 18 1780
56037 858242 20 1675
56066 860352 26 1765
56089 857425 19 1799
56111 857253 19 1808
56133 856628 18 1805
56156 858283 20 1838
56178 857912 19 1786
56201 855440 20 1815
56220 855909 16 1695
56243 856538 20 1773
56271 857375 24 1748
56295 857713 20 1734
56318 855955 20 1765
56339 857096 19 1824
56360 857978 18 1722
56383 860567 19 1797
56406 859315 20 1829
56429 857743 19 1797
56453 859131 22 1881
56481 859973 24 1860
56507 859299 24 1799
56529 857924 18 1797
56551 857250 19 1724
56573 857785 19 1781
56596 858064 19 1780
56616 855378 17 1726
56639 859968 20 1911
56665 857294 22 1761
56686 857722 18 1742
56708 857381 19 1798
56733 857552 21 1838
56756 858058 20 1890
56777 859448 18 1739
56799 859544 19 1800
56820 855922 18 1790
56842 856250 19 1751
56868 857324 23 1796
56892 859321 20 1825
56913 859771 18 1798
56937 857726 21 1844
56960 857473 20 1862
56981 858473 19 1814
57004 859797 20 1863
57026 857408 19 1770
57048 856429 18 1751
57076 859086 25 1787
57102 857589 21 1820
57122 857838 17 1730
57145 858266 20 1808
57168 859769 21 1828
57191 857547 19 1762
57212 857538 18 1781
57234 860232 20 1835
57258 856917 20 1766
57286 859006 25 1764
57310 856122 21 1792
57333 854560 20 1752
57354 856239 18 1710
57376 857505 19 1693
57397 859034 18 1786
57418 858512 18 1814
57437 855595 16 1625
57460 855733 20 1769
57486 858257 23 1737
57508 856571 19 1706
57529 855763 18 1797
57551 857417 19 1748
57572 856202 18 1716
57594 858679 19 1761
57617 857802 20 1814
57641 859569 21 1784
57663 857407 19 1768
57688 857784 22 1749
57712 858028 21 1835
57733 855825 18 1752
57753 857970 18 1700
57777 858940 20 1849
57798 859213 19 1799
57819 856277 18 1772
57841 858158 19 1789
57868 858486 24 1839
57895 856319 23 1755
57917 857455 19 1721
57938 858757 19 1826
57960 859531 18 1780
57983 860105 19 1822
58006 859419 20 1825
58027 857247 19 1768
58050 857822 20 1810
58075 858355 22 1847
58100 856529 22 1799
58122 857880 19 1775
58144 857903 19 1813
58166 857771 19 1813
58186 857475 17 1741
58207 857409 18 1799
58230 860571 20 1868
58251 859647 18 1789
58273 856675 19 1728
58299 853691 23 1745
58320 859008 18 1852
58342 858131 19 1750
58363 858492 19 1748
58385 856801 19 1733
58408 858374 20 1780
58434 859302 23 1886
58455 858085 18 1714
58479 855627 21 1766
58504 858390 22 1766
58527 859168 20 1861
58551 857536 21 1755
58572 856356 18 1749
58592 854619 17 1721
58613 855500 18 1741
58633 854472 17 1744
58654 857742 18 1784
58680 858443 23 1948
58708 856190 24 1691
58732 859847 21 1853
58753 858320 18 1764
58774 857354 18 1747
58793 853641 17 1618
58816 859146 19 1799
58838 857379 20 1721
58860 857791 19 1876
58883 856813 20 1797
58907 857708 21 1738
58930 855691 20 1795
58953 855797 20 1797
58973 856596 17 1682
58994 856775 18 1789
59016 856227 20 1798
59038 859470 18 1837
59058 854950 17 1714
59079 857697 19 1721
59104 858692 21 1779
59128 860315 20 1823
59149 857620 18 1773
59170 858050 19 1730
59194 858160 21 1870
59215 858342 18 1712
59234 857114 16 1710
59254 857070 17 1785
59275 858160 18 1757
59299 859513 21 1828
59325 856487 22 1765
59346 854751 18 1745
59367 855220 18 1783
59389 861463 18 1765
59409 856210 17 1724
59431 856856 19 1811
59453 858515 18 1734
59474 856537 18 1802
59497 861918 20 1816
59523 857666 22 1788
59544 858377 19 1722
59567 856162 20 1775
59588 858502 17 1726
59611 856160 20 1774
59633 858457 20 1807
59654 856403 18 1753
59676 855646 19 1768
59699 860793 20 1769
59725 854858 22 1742
59748 860680 20 1855
59770 861183 19 1774
59794 860095 21 1842
59816 859328 19 1795
59836 857235 17 1765
59858 854887 19 1725
59879 859131 18 1788
59901 857936 19 1808
59929 856966 26 1773
59950 856289 17 1706
59970 858061 17 1734
59991 855426 18 1824
60016 859928 21 1910
60036 855751 18 1760
60057 855086 18 1750
60078 858997 18 1789
60102 860604 21 1827
60128 854235 23 1692
60149 854488 18 1756
60173 860080 21 1914
60195 858667 18 1751
60216 858051 18 1800
60237 856755 18 1777
60258 856776 17 1713
60278 858331 17 1696
60300 856859 19 1800
60326 856758 22 1762
60349 858055 21 1828
60372 858689 20 1849
60392 856079 16 1679
60415 856367 20 1835
60436 859815 19 1770
60458 858820 19 1820
60481 856585 19 1815
60505 857411 21 1829
60529 855333 21 1739
60551 855306 19 1767
60573 858200 19 1787
60595 859111 18 1810
60616 858384 18 1785
60638 856617 19 1802
60660 856981 18 1838
60681 856598 18 1770
60704 857785 19 1800
60730 856189 22 1761
60752 859154 19 1780
60776 859708 21 1852
60797 855095 18 1627
60817 857586 17 1705
60839 856947 19 1786
60861 858305 20 1801
60882 856780 18 1749
60903 855832 19 1834
60928 857163 22 1786
60952 857944 20 1842
60973 857062 18 1735
60995 860384 19 1801
61015 856610 17 1639
61037 857879 19 1818
61059 856949 19 1777
61081 857386 19 1766
61105 857096 21 1819
61127 855665 19 1788
61152 857292 21 1878
61174 856457 19 1698
61196 857746 19 1854
61218 857297 18 1712
61243 857559 22 1824
61265 857023 20 1824
61287 857332 18 1722
61308 857200 19 1713
61336 858303 25 1730
61364 858713 23 1765
61385 855822 18 1783
61407 859488 19 1728
61431 857793 21 1788
61454 859253 20 1841
61474 858103 17 1745
61497 859403 20 1835
61520 859512 20 1771
61549 855705 25 1696
61570 855668 18 1785
61591 857651 18 1823
61613 856761 19 1777
61634 857565 17 1782
61657 856683 21 1790
61679 859198 19 1829
61701 855270 19 1843
61724 856402 20 1785
61750 858160 23 1798
61773 857711 20 1852
61796 855712 19 1803
61817 859037 19 1805
61839 858934 19 1812
61860 858469 19 1809
61883 855062 20 1712
61906 857010 20 1802
61932 859893 23 1871
61958 857793 23 1805
61979 856582 17 1680
62000 857103 18 1785
62022 859110 19 1803
62044 854319 19 1731
62064 857103 17 1771
62086 856354 19 1861
62111 861182 21 1883
62135 858472 22 1834
62162 858136 24 1850
62186 858702 21 1795
62208 856113 19 1724
62230 858120 19 1710
62250 856912 17 1691
62270 855843 17 1724
62291 857647 18 1759
62313 859532 19 1801
62335 856784 19 1691
62359 858298 22 1774
62381 856936 19 1758
62403 855494 18 1753
62424 856947 18 1753
62444 857233 17 1722
62467 859505 20 1769
62489 857702 19 1781
62511 858239 19 1844
62534 858572 19 1805
62566 858179 29 1806
62588 859786 19 1841
62612 855909 21 1751
62635 858410 20 1826
62657 858115 19 1804
62679 855841 20 1817
62701 857297 19 1757
62725 860950 21 1845
62749 857972 21 1788
62773 855796 21 1792
62795 858230 19 1823
62818 856243 20 1755
62839 857893 18 1798
62862 856693 19 1763
62886 860603 21 1862
62908 857383 19 1806
62930 857589 19 1817
62955 858729 23 1780
62981 859709 22 1906
63003 858171 18 1804
63024 856898 19 1793
63047 856263 20 1780
63069 859373 19 1816
63091 856668 19 1706
63111 855303 17 1694
63132 857432 18 1773
63155 858240 20 1806
63185 859592 27 1887
63209 860635 21 1880
63230 857468 18 1753
63251 856253 18 1782
63275 859963 21 1890
63295 855624 17 1759
63316 858455 18 1794
63337 857024 17 1757
63360 857943 21 1869
63387 859450 23 1789
63408 856598 18 1724
63429 854641 18 1687
63452 857638 19 1737
63477 858051 22 1847
63498 856526 18 1775
63518 857041 17 1712
63540 859343 19 1801
63566 859191 23 1819
63589 854708 19 1717
63610 857224 18 1781
63631 858895 18 1889
63651 855602 17 1707
63672 856833 18 1798
63693 856149 18 1727
63715 856420 19 1844
63736 859412 18 1768
63758 857645 20 1765
63783 856286 21 1757
63805 855950 19 1736
63827 858715 19 1838
63849 856362 18 1682
63870 860077 18 1780
63891 856985 18 1775
63914 859146 20 1810
63936 855979 19 1702
63958 858544 19 1676
63984 856363 23 1726
64010 855223 21 1785
64033 857080 21 1708
64055 856352 18 1773
64076 859051 18 1819
64097 858217 18 1819
64118 856869 18 1793
64138 854991 18 1775
64160 859482 19 1804
64187 858584 23 1804
64217 857269 27 1873
64240 857691 20 1774
64262 857018 19 1785
64283 859541 18 1810
64305 859983 19 1844
64327 857153 18 1726
64347 854797 17 1710
64372 856946 22 1846
64398 856881 23 1794
64420 856406 20 1814
64444 859532 20 1842
64464 857229 17 1710
64487 855355 20 1755
64509 857611 19 1757
64529 857725 17 1757
64553 860582 20 1858
64574 857157 18 1729
64601 858855 24 1871
64623 856510 19 1784
64644 858485 19 1714
64665 855527 18 1708
64689 858368 20 1885
64709 857408 18 1816
64735 859456 22 1903
64757 857060 20 1780
64781 859504 20 1741
64806 858529 22 1791
64828 858215 19 1817
64850 857791 19 1754
64871 858082 18 1783
64894 859735 20 1816
64917 862116 21 1847
64939 857895 18 1789
64960 857370 18 1795
64982 859798 19 1758
65009 858043 24 1770
65030 857097 17 1732
65052 858193 19 1702
65074 857375 19 1790
65095 857122 18 1710
65117 855626 19 1816
65141 857539 21 1883
65162 859397 19 1870
65187 858042 22 1806
65217 855241 27 1660
65241 856197 20 1765
65263 856340 20 1724
65285 856307 18 1749
65306 857406 18 1720
65327 855791 18 1761
65347 857505 18 1696
65367 857056 17 1719
65394 860072 23 1864
65416 857331 19 1738
65438 858604 19 1767
65464 858490 23 1886
65487 855560 19 1781
65507 858182 17 1719
65528 858500 18 1762
65552 857225 21 1798
65578 856641 23 1810
65604 855675 22 1793
65627 856567 19 1777
65649 857611 19 1784
65675 856940 22 1858
65697 859834 20 1825
65718 856431 18 1718
65740 857342 18 1763
65761 856980 19 1765
65785 857710 21 1777
65812 858036 24 1761
65833 856014 18 1690
65855 853350 19 1725
65878 855366 20 1732
65902 857370 21 1818
65922 854657 17 1770
65944 857512 19 1762
65965 857092 18 1742
65987 856526 19 1733
66013 857573 23 1789
66035 857387 18 1777
66057 859746 19 1870
66078 855666 19 1816
66100 857799 19 1795
66123 855984 20 1798
66146 858105 20 1828
66168 856530 19 1722
66193 857629 22 1789
66217 857646 21 1818
66239 856240 18 1739
66259 856837 18 1703
66282 858497 20 1803
66304 857759 19 1720
66324 859037 17 1722
66344 854819 17 1694
66365 857763 19 1724
66388 858917 20 1818
66413 858806 23 1771
66438 858938 21 1838
66459 855775 17 1730
66482 857211 20 1855
66502 858034 18 1768
66523 854904 18 1769
66544 859546 18 1725
66566 858735 19 1780
66587 858200 18 1752
66616 856470 25 1870
66640 855774 20 1696
66660 856596 17 1720
66682 857896 19 1722
66703 858833 17 1685
66724 856568 19 1762
66745 854719 17 1766
66766 858392 19 1736
66791 859529 22 1893
66817 860198 24 1853
66842 858153 21 1806
66865 857559 20 1751
66887 857592 19 1749
66909 857688 19 1817
66930 856428 18 1727
66952 856945 19 1727
66972 858502 18 1840
66995 858190 19 1794
67020 857979 22 1776
67046 862525 21 1875
67070 856183 20 1829
67093 859378 20 1826
67117 855772 21 1778
67139 856686 19 1751
67159 858516 17 1766
67181 857226 19 1776
67205 857638 21 1822
67232 858264 23 1844
67254 859170 19 1807
67275 859679 18 1751
67297 857031 19 1725
67318 857235 18 1767
67339 857494 17 1788
67360 859083 19 1886
67383 857810 19 1825
67402 852419 16 1648
67423 857745 19 1753
67447 855858 20 1766
67470 860038 20 1742
67492 857392 19 1805
67513 857080 19 1807
67536 861245 19 1856
67561 859385 23 1932
67583 858043 18 1739
67603 858049 18 1791
67629 858808 23 1863
67653 857005 20 1740
67675 858389 18 1758
67698 857061 21 1785
67725 857709 23 1889
67747 859079 19 1857
67770 859704 19 1733
67789 857589 17 1698
67810 857235 18 1696
67837 857521 24 1823
67865 861104 24 1837
67886 856076 18 1655
67911 856929 21 1799
67932 855919 18 1753
67953 857468 19 1839
67975 858296 19 1788
67996 858087 17 1766
68018 859477 19 1792
68045 857278 23 1791
68067 860441 19 1790
68088 857894 17 1737
68108 855288 17 1704
68129 859496 19 1866
68151 857248 19 1805
68173 855859 19 1716
68197 857863 21 1896
68217 857131 17 1710
68241 857915 21 1809
68268 859329 24 1775
68291 858958 19 1875
68311 855719 17 1669
68332 857439 19 1798
68354 858186 19 1824
68378 856548 20 1803
68400 858219 19 1783
68424 860095 21 1760
68451 857106 24 1799
68473 860072 19 1768
68495 859152 18 1732
68519 857705 21 1815
68540 856842 17 1689
68562 860429 20 1863
68584 857365 18 1761
68604 856629 18 1765
68627 858697 20 1836
68651 857750 21 1766
68674 858980 19 1812
68695 856699 18 1774
68715 858650 18 1722
68737 857936 19 1799
68760 857005 20 1778
68782 859586 19 1854
68801 854979 16 1616
68821 856176 17 1730
68847 861266 23 1834
68872 856474 22 1756
68893 856946 18 1800
68916 857249 19 1747
68939 858537 20 1777
68961 857764 20 1811
68983 856659 19 1755
69004 854251 18 1785
69027 857369 20 1833
69050 861047 21 1837
69075 857201 21 1738
69098 855882 20 1896
69120 856656 19 1763
69142 857436 18 1790
69164 856578 19 1721
69184 858668 18 1757
69206 858197 19 1759
69227 857572 18 1701
69254 859529 24 1825
69279 857065 21 1725
69301 856779 19 1782
69321 858581 17 1748
69343 858889 19 1768
69364 858234 18 1820
69387 858335 20 1839
69412 860883 22 1905
69434 856312 20 1776
69459 856917 22 1740
69483 855952 19 1743
69504 855007 18 1756
69526 856963 19 1773
69549 857827 20 1769
69572 858288 20 1707
69594 860006 19 1778
69615 857295 18 1780
69636 857500 18 1770
69660 853254 21 1722
69684 857848 20 1753
69707 857903 20 1826
69727 856373 17 1727
69750 857490 20 1817
69771 857646 18 1781
69791 855682 18 1776
69814 860706 20 1904
69835 856847 18 1788
69858 858421 20 1858
69883 857958 23 1800
69904 856005 18 1736
69926 856760 19 1722
69948 855897 19 1796
69969 856343 17 1740
69990 856130 18 1741
70013 859387 20 1820
70034 857124 18 1762
70057 858262 21 1816
70082 858739 22 1790
70103 859394 18 1776
70125 855182 19 1789
70147 858238 18 1734
70168 857934 19 1795
70191 861184 20 1854
70214 860541 20 1873
70233 854388 16 1679
70257 857510 20 1777
70280 857731 20 1689
70303 860127 20 1881
70326 856913 20 1816
70348 857499 19 1832
70371 859813 20 1788
70393 859500 19 1814
70415 860696 19 1884
70437 857400 19 1800
70464 859626 23 1762
70491 859520 24 1830
70513 857053 19 1822
70534 857865 18 1785
70557 859776 20 1828
70579 857764 19 1832
70600 860013 18 1810
70621 856220 18 1726
70642 857245 18 1820
70666 859116 21 1774
70692 858046 23 1837
70715 857482 20 1830
70737 856886 19 1801
70759 857827 19 1777
70780 857896 18 1736
70802 857764 18 1800
70823 857917 19 1834
70845 857342 19 1877
70868 858265 20 1827
70896 856968 25 1782
70920 858368 22 1910
70945 857386 22 1814
70967 859398 19 1760
70988 856874 18 1836
71010 856985 19 1729
71034 857206 22 1801
71054 854850 17 1708
71077 857796 19 1829
71105 858219 25 1863
71128 856208 20 1799
71150 859520 19 1833
71171 857394 18 1809
71193 858759 19 1807
71214 854777 18 1751
71234 857394 18 1758
71256 857913 19 1791
71279 855893 20 1801
71304 856059 22 1784
71324 855601 18 1773
71345 858159 17 1745
71368 858527 21 1805
71392 858055 20 1835
71415 855574 20 1780
71437 857110 19 1822
71458 856067 19 1715
71481 858061 20 1739
71509 857934 24 1807
71532 857983 20 1829
71557 857656 22 1762
71579 857649 18 1715
71600 856310 18 1708
71622 857267 19 1759
71646 858776 21 1841
71667 856989 18 1749
71689 858270 19 1762
71713 857052 20 1722
71736 856319 20 1780
71762 857758 21 1766
71783 853787 19 1738
71805 858402 19 1816
71826 858273 18 1743
71850 857136 21 1915
71871 858808 18 1804
71899 856809 25 1769
71923 856932 20 1757
71944 856729 17 1739
71966 857081 19 1803
71988 858123 19 1792
72008 854734 17 1721
72030 856187 19 1769
72051 856775 18 1779
72072 854817 18 1773
72097 857714 22 1806
72122 857683 21 1809
72143 856533 18 1732
72166 858566 20 1857
72187 855630 18 1720
72210 858116 20 1801
72231 857976 18 1753
72251 857256 17 1741
72275 857618 20 1813
72299 857294 21 1798
72324 855911 21 1746
72347 859275 20 1827
72371 857243 21 1824
72394 857897 20 1777
72417 858594 20 1836
72439 858067 19 1782
72460 855149 19 1808
72482 856333 18 1753
72507 858246 22 1779
72530 859080 19 1771
72551 857652 18 1771
72574 858513 20 1738
72595 856712 18 1765
72616 860090 18 1752
72638 857083 19 1832
72659 856443 18 1763
72680 858949 19 1771
72709 861013 26 1937
72732 858937 19 1820
72753 858068 18 1778
72776 857863 20 1847
72798 858494 19 1793
72819 859224 18 1767
72840 859976 18 1841
72862 860081 19 1845
72884 856153 19 1823
72907 858927 20 1809
72931 858590 20 1689
72952 855611 19 1702
72973 856502 18 1811
72996 858173 20 1830
73016 856160 17 1715
73036 859033 18 1832
73058 857340 18 1740
73079 858386 18 1781
73102 859017 20 1771
73135 857837 30 1879
73158 858048 20 1791
73181 857129 20 1798
73202 857497 18 1803
73222 856723 17 1711
73244 857042 19 1700
73268 859888 21 1775
73290 858934 19 1798
73316 857578 22 1879
73341 857444 22 1756
73364 858272 19 1817
73387 858842 20 1831
73410 856811 21 1796
73430 856582 17 1670
73451 855999 18 1764
73472 858345 18 1745
73494 857870 19 1796
73519 858132 22 1854
73545 860297 22 1796
73565 855520 17 1743
73586 857192 18 1721
73607 857419 18 1759
73630 859471 20 1801
73651 856254 18 1703
73674 856653 20 1711
73696 860086 19 1823
73719 859247 20 1820
73746 857346 23 1827
73767 857797 18 1743
73791 858933 22 1897
73813 857856 19 1813
73836 858056 20 1839
73860 859797 21 1893
73882 856722 19 1763
73903 857131 18 1748
73929 856349 22 1744
73955 858990 22 1832
73975 856119 18 1763
73998 859371 20 1794
74019 857613 18 1779
74040 856651 19 1746
74063 857427 20 1810
74083 854770 17 1695
74105 858366 19 1835
74129 859923 21 1825
74155 860605 22 1875
74178 859091 20 1805
74200 859263 19 1803
74221 857874 18 1679
74242 856545 18 1734
74263 858313 18 1724
74286 856909 20 1838
74309 856241 20 1815
74333 855936 21 1727
74360 859528 23 1813
74383 858478 19 1760
74405 857023 19 1764
74425 856375 18 1774
74447 856348 18 1790
74470 858781 20 1887
74490 857787 18 1681
74513 857222 19 1827
74537 857483 21 1711
74564 858672 23 1848
74586 857560 19 1791
74608 855101 19 1743
74631 857226 20 1803
74653 859544 19 1876
74675 855460 18 1726
74697 855326 19 1753
74719 856038 19 1708
74745 860724 22 1787
74768 857560 20 1827
74789 858029 17 1765
74810 856269 19 1742
74832 859113 19 1833
74853 857133 19 1786
74873 856384 17 1721
74894 858607 18 1777
74915 860342 18 1748
74939 857576 21 1832
74966 857765 24 1800
74988 855669 19 1784
75011 858861 20 1782
75035 859439 21 1838
75057 859207 19 1825
75077 857887 18 1817
75097 855129 17 1710
75119 857413 18 1728
75142 857426 20 1757
75169 857681 24 1775
75191 855951 19 1761
75213 855042 18 1684
75236 858003 20 1864
75259 855894 19 1795
75283 859233 21 1850
75305 857967 19 1735
75328 854778 20 1805
75356 858586 24 1761
75378 858180 19 1711
75402 858097 21 1928
75423 858099 17 1723
75446 857979 20 1745
75468 857793 19 1842
75491 857120 20 1790
75513 858325 19 1806
75536 860384 20 1836
75563 858984 23 1819
75585 858491 19 1776
75609 859004 21 1861
75631 856944 17 1747
75651 858920 18 1767
75672 857919 17 1742
75693 855508 18 1752
75714 860271 18 1734
75736 857709 20 1850
75765 856116 25 1764
75789 857505 20 1772
75812 859312 20 1807
75833 857280 18 1768
75855 860218 19 1814
75876 857516 18 1809
75896 857659 17 1715
75917 856787 19 1802
75939 856316 18 1716
75971 859778 29 1868
75993 855855 18 1748
76013 856653 17 1703
76037 858367 21 1796
76060 857928 20 1776
76082 859175 19 1781
76104 855163 19 1824
76127 856642 20 1773
76149 857008 19 1787
76175 856864 23 1790
76197 860134 19 1868
76218 857026 19 1801
76239 857620 18 1737
76261 858001 19 1767
76286 859063 22 1781
76306 853733 17 1684
76330 856892 21 1807
76352 856696 20 1800
76378 856378 22 1733
76399 858733 18 1735
76422 859334 20 1884
76445 859371 19 1788
76465 857030 17 1726
76488 855323 20 1754
76510 858660 19 1804
76532 858416 20 1798
76556 854799 20 1698
76581 857936 23 1763
76605 857841 21 1892
76630 859089 22 1879
76653 858330 20 1792
76676 858563 20 1857
76698 858289 19 1761
76719 855964 18 1836
76740 855293 17 1654
76763 855352 20 1681
76788 858430 22 1795
76811 858520 20 1818
76832 856384 19 1775
76857 858748 22 1873
76878 855503 18 1785
76901 857525 20 1768
76923 856646 19 1743
76946 856620 20 1892
76968 859875 19 1804
76991 858578 20 1708
77013 858657 19 1812
77036 858878 20 1783
77057 856300 18 1772
77079 861125 20 1829
77099 855229 17 1680
77120 858080 18 1775
77142 856058 19 1767
77170 858622 25 1829
77199 857757 26 1825
77224 859174 22 1822
77246 855329 19 1809
77269 856821 20 1786
77291 857742 19 1738
77312 858116 18 1783
77333 859814 17 1787
77354 856854 19 1713
77378 859318 21 1781
77401 859752 18 1709
77425 855941 20 1794
77446 858238 18 1707
77468 856253 19 1796
77490 858119 19 1757
77511 856034 18 1764
77533 858688 19 1799
77553 856278 18 1728
77575 855169 19 1679
77600 854724 22 1772
77622 858430 19 1793
77647 859545 21 1916
77669 856294 19 1732
77689 856952 18 1836
77711 857416 18 1789
77731 857268 18 1748
77752 858604 18 1826
77774 856016 19 1661
77799 857833 22 1736
77823 856069 21 1751
77843 856771 17 1697
77868 858430 21 1837
77890 856706 19 1785
77911 855611 18 1766
77931 859174 17 1720
77953 858662 19 1798
77976 857482 20 1773
78004 856661 25 1782
78026 856457 18 1722
78049 857722 21 1779
78070 858008 18 1766
78092 858173 19 1722
78113 857713 18 1771
78133 856844 18 1736
78154 857574 18 1803
78180 858134 23 1860
78206 857772 23 1759
78230 857874 20 1770
78253 857266 21 1767
78275 857411 18 1747
78298 856596 20 1826
78320 859482 19 1756
78340 855888 18 1686
78360 855494 17 1709
78386 859203 23 1882
78413 854448 24 1717
78435 858984 18 1769
78460 860502 23 1856
78481 858036 18 1756
78504 856264 20 1843
78526 857030 19 1726
78550 858138 21 1787
78571 858197 18 1757
78596 857200 22 1780
78620 855719 21 1725
78642 855005 18 1755
78667 858128 21 1799
78688 856962 19 1734
78711 855893 19 1804
78733 858566 19 1783
78753 855805 17 1762
78775 857530 19 1810
78802 859036 24 1823
78827 856116 20 1910
78851 855428 20 1765
78872 855645 18 1681
78893 856415 17 1719
78915 858251 19 1843
78936 858121 19 1741
78958 858367 19 1811
78978 856970 18 1783
78999 855277 18 1659
79024 856235 21 1886
79047 856449 20 1735
79068 858032 18 1802
79090 859431 20 1857
79112 858465 18 1771
79133 858129 18 1699
79154 858887 19 1840
79174 855954 17 1729
79199 860061 22 1896
79223 854244 21 1694
79244 859855 18 1867
79267 856630 20 1804
79290 856471 19 1741
79313 858788 19 1876
79336 857707 21 1791
79357 856376 18 1734
79378 855949 18 1723
79400 857963 19 1748
79425 858675 23 1825
79447 858415 19 1875
79469 859764 18 1735
79489 858620 17 1723
79511 859187 19 1814
79532 856738 18 1790
79553 857395 18 1752
79575 858047 19 1834
79598 856133 19 1768
79626 859243 25 1826
79649 858597 20 1795
79670 856129 18 1695
79693 856240 19 1766
79714 859346 19 1805
79735 856812 18 1739
79757 857026 19 1877
79778 854674 18 1749
79801 857288 20 1762
79829 857984 25 1793
79851 857444 19 1761
79874 856849 20 1721
79896 857021 19 1787
79919 858294 20 1770
79940 856571 18 1744
79962 858890 19 1744
79984 857145 19 1795
80008 858288 22 1754
80034 857671 22 1758
80055 858273 18 1724
80076 855693 18 1798
80100 857727 21 1760
80121 854612 18 1753
80142 858360 18 1777
80163 859108 18 1801
80184 858662 18 1810
80206 856486 19 1760
80233 857539 23 1806
80254 860458 18 1823
80277 860847 19 1791
80297 855892 18 1727
80321 858424 21 1791
80342 857894 18 1727
80365 857803 20 1803
80388 856763 20 1824
80409 857789 18 1724
80436 859423 24 1830
80459 856985 19 1834
80480 856633 18 1744
80502 856091 19 1780
80522 859870 18 1790
80544 857669 18 1779
80564 855294 18 1712
80587 859055 20 1828
80608 855277 18 1746
80636 858534 25 1913
80660 859420 20 1809
80681 858108 19 1732
80704 860230 20 1830
80725 855211 18 1720
80747 856291 19 1742
80768 854609 17 1770
80791 857043 20 1834
80813 859194 19 1866
80839 860310 23 1812
80862 856980 19 1726
80882 857533 17 1752
80904 858590 19 1787
80925 854920 17 1716
80945 856918 18 1777
80967 858985 19 1780
80989 858496 20 1877
81010 855572 18 1752
81039 862150 25 1878
81067 856525 25 1841
81089 857111 19 1814
81112 858681 20 1838
81133 856915 18 1797
81153 855809 17 1714
81174 856574 19 1817
81195 857490 18 1749
81215 857158 17 1718
81240 856935 22 1733
81263 856863 19 1733
81288 857965 22 1831
81309 855597 18 1766
81334 860845 21 1875
81355 856229 18 1793
81376 858095 18 1814
81397 857009 19 1770
81419 859040 19 1799
81447 857218 25 1762
81474 855696 23 1827
81496 856744 19 1734
81519 858977 20 1889
81541 857805 19 1820
81563 857915 19 1775
81584 859278 18 1774
81605 857878 18 1747
81628 858639 20 1769
81655 859953 23 1852
81676 857106 19 1801
81699 858148 19 1887
81721 859255 19 1817
81743 855085 18 1693
81764 856730 18 1726
81786 858024 19 1820
81808 858227 20 1821
81830 858010 18 1810
81853 856012 20 1676
81878 857239 21 1820
81901 858771 20 1816
81925 857679 20 1782
81948 857802 20 1796
81968 857659 18 1802
81990 859032 19 1757
82012 858869 18 1745
82036 858998 22 1845
82062 858203 22 1765
82084 858796 19 1835
82106 855176 19 1815
82128 859532 19 1737
82150 857138 19 1811
82171 857320 18 1776
82193 855553 19 1809
82217 858751 21 1776
82240 857821 20 1790
82263 855422 20 1718
82284 857335 18 1704
82304 858932 18 1749
82327 860157 19 1869
82348 855542 18 1797
82368 860196 17 1722
82391 857069 20 1866
82411 858390 17 1733
82432 858026 18 1779
82456 858293 21 1760
82482 859498 22 1760
82506 857746 21 1830
82530 858609 22 1810
82551 856278 18 1691
82573 856460 18 1774
82595 855829 19 1814
82615 854547 17 1728
82636 857871 18 1683
82662 859422 22 1857
82690 860247 25 1896
82713 857077 20 1782
82734 858545 18 1795
82756 857449 19 1840
82777 858346 17 1737
82800 858541 20 1810
82820 855754 18 1790
82840 853291 17 1743
82863 858647 20 1732
82890 858037 24 1804
82913 859296 20 1819
82933 857634 17 1727
82953 857008 17 1778
82975 858280 18 1738
82996 857263 18 1818
83020 858240 21 1865
83041 861692 19 1882
83065 855524 21 1812
83092 860799 23 1895
83113 858312 19 1842
83134 858153 18 1722
83157 858801 21 1881
83179 859282 19 1789
83203 858525 20 1860
83226 857552 20 1836
83247 856733 18 1705
83273 858105 24 1836
83299 859362 22 1716
83323 858533 21 1808
83346 855481 20 1693
83366 855557 18 1759
83387 854645 18 1715
83409 855915 19 1793
83430 859461 18 1773
83450 859512 18 1753
83472 857032 19 1738
83500 858447 24 1852
83522 860657 20 1866
83544 860151 19 1815
83565 857070 18 1763
83586 857535 19 1778
83607 859422 18 1798
83629 858576 19 1809
83649 858085 17 1701
83671 856412 19 1748
83703 859701 28 1859
83723 856233 17 1680
83744 858284 18 1730
83767 860664 20 1885
83789 856947 18 1717
83812 858518 20 1885
83833 855625 18 1730
83854 856065 18 1734
83879 858235 22 1858
83903 856692 21 1688
83926 857855 19 1824
83946 854460 18 1673
83971 859206 22 1801
83992 856396 18 1735
84014 856102 18 1786
84035 859644 18 1794
84054 854484 16 1668
84075 856069 18 1762
84102 858310 23 1843
84124 857214 19 1784
84145 858272 18 1748
84168 859218 20 1795
84191 859560 21 1833
84212 860212 17 1747
84235 861489 20 1847
84256 860341 19 1760
84277 858341 18 1785
84304 854931 23 1788
84329 856566 21 1759
84350 856226 18 1750
84370 856740 17 1752
84392 857746 18 1734
84414 857110 20 1815
84437 858805 20 1853
84460 858813 20 1751
84480 858785 17 1704
84505 858769 22 1852
84528 857466 19 1795
84550 859401 19 1742
84570 853623 17 1642
84592 856118 19 1822
84612 855720 17 1670
84635 858561 19 1767
84655 857910 17 1712
84675 857622 17 1714
84698 857885 20 1816
84722 857257 21 1740
84745 858766 19 1883
84765 857574 17 1731
84786 860121 18 1788
84806 856513 18 1725
84828 860244 18 1870
84850 858411 19 1812
84872 860119 19 1857
84896 859382 21 1846
84920 856192 22 1804
84942 857823 18 1805
84964 858702 19 1812
84986 856282 18 1742
85007 858560 18 1746
