fo time ls_time n_ls_moves
115 855420 115 1869
233 853768 102 1771
355 853783 108 1689
472 855105 102 1774
607 851769 114 1786
735 855044 113 1822
851 855092 101 1729
1001 855441 135 1859
1158 853924 134 1775
1285 852682 112 1796
1419 854902 114 1826
1549 853632 116 1762
1671 854464 106 1858
1803 853699 118 1756
1927 853092 109 1760
2040 850960 97 1717
2170 854346 115 1822
2292 856330 106 1883
2424 855302 116 1806
2548 851396 109 1712
2664 854596 102 1777
2795 854610 116 1805
2909 853784 98 1726
3045 855245 114 1789
3175 855755 116 1749
3297 857009 102 1759
3433 854478 121 1719
3562 854136 115 1833
3679 854310 100 1785
3806 854005 112 1787
3919 853028 99 1767
4050 855944 114 1769
4183 853560 119 1773
4303 855218 104 1813
4435 855698 117 1796
4567 855870 117 1892
4685 854593 102 1766
4811 855803 111 1774
4927 852688 99 1743
5050 855019 108 1737
5179 856130 115 1847
5296 854100 101 1762
5425 854766 114 1795
5547 855592 105 1846
5678 854239 112 1748
5801 854907 108 1708
5921 853179 106 1824
6041 850851 105 1641
6161 854984 103 1837
6284 851801 108 1751
6403 853833 104 1701
6528 855539 106 1842
6651 853257 108 1698
6766 852140 98 1737
6895 850560 114 1699
7022 853661 113 1798
7140 852871 103 1801
7273 857235 118 1887
7393 855035 105 1872
7518 855300 108 1778
7642 852513 110 1773
7762 855336 105 1818
7885 852305 108 1671
7997 853610 98 1708
8128 853678 113 1738
8258 853013 115 1730
8378 854513 105 1795
8509 856435 117 1824
8630 853596 106 1827
8750 856022 99 1750
8881 855361 116 1830
9000 854462 103 1805
9127 854748 112 1734
9251 853187 110 1739
9370 856191 103 1782
9500 853669 116 1697
9613 853837 97 1712
9749 858058 121 1908
9880 857905 117 1889
9993 854371 98 1735
10124 854664 116 1832
10247 855121 108 1824
10370 853508 104 1737
10497 851068 112 1767
10611 855445 99 1763
10759 853607 134 1807
10892 854743 117 1842
11014 852682 100 1728
11171 852480 143 1761
11298 852332 112 1716
11409 854698 96 1719
11532 852033 108 1698
11643 854904 94 1686
11776 854812 118 1829
11902 853292 111 1756
12021 853899 105 1811
12159 855999 122 1816
12276 854638 101 1747
12394 853999 100 1690
12520 854831 112 1806
12638 855155 103 1844
12769 855824 116 1796
12890 852969 107 1796
13015 854224 102 1765
13143 855685 112 1799
13261 853448 103 1803
13400 856184 124 1828
13525 852082 110 1714
13638 856016 98 1744
13764 854167 111 1718
13876 857651 98 1751
14008 853380 116 1830
14136 855190 114 1833
14251 853998 101 1783
14379 856494 112 1762
14499 856004 104 1849
14633 856502 116 1823
14767 852698 120 1776
14891 856043 109 1908
15024 853024 118 1822
15149 854524 111 1786
15265 853771 99 1774
15394 854215 114 1770
15515 854560 106 1874
15641 853588 109 1731
15773 856219 117 1844
15889 852304 101 1754
16022 854785 118 1808
16138 852169 101 1725
16261 853099 100 1703
16386 852789 110 1770
16503 853977 102 1778
16628 855037 111 1767
16748 855143 105 1786
16868 853161 100 1742
16997 853086 114 1789
17108 853547 97 1689
17236 855104 113 1801
17356 853800 105 1749
17487 854467 109 1782
17616 853677 115 1811
17735 854337 105 1815
17863 853653 112 1749
17991 853597 113 1817
18107 853660 101 1761
18231 853088 110 1754
18353 856347 107 1854
18487 853943 118 1712
18608 852998 106 1686
18737 853272 111 1802
18867 854584 114 1798
18992 854423 110 1826
19123 856667 111 1909
19248 853723 111 1774
19364 854451 101 1773
19495 855447 115 1774
19619 854605 110 1789
19738 854873 104 1795
19866 853964 114 1733
19984 855768 104 1852
20112 851640 107 1675
20237 853452 110 1768
20349 852316 97 1670
20478 854349 114 1817
20593 853436 101 1792
20712 851105 102 1682
20838 855788 112 1731
20957 855745 104 1806
21085 853393 113 1754
21199 853598 99 1713
21335 855689 119 1875
21464 852122 114 1794
21578 851990 99 1705
21718 856519 120 1737
21839 855453 106 1760
21964 853912 107 1857
22093 854788 114 1807
22205 851809 98 1729
22338 855550 117 1809
22470 853771 117 1839
22588 853364 103 1805
22723 853050 121 1869
22840 854858 102 1766
22963 854171 104 1769
23086 852394 109 1754
23207 856135 106 1819
23335 857960 114 1793
23454 853533 104 1754
23574 853970 100 1720
23706 853417 118 1852
23823 854613 102 1747
23958 854636 121 1807
24092 857193 119 1887
24213 853937 106 1820
24336 852886 108 1676
24450 854491 100 1764
24573 851767 106 1685
24700 855231 113 1825
24814 853691 99 1740
24940 855306 111 1749
25063 855354 107 1857
25194 853484 113 1783
25319 854361 111 1690
25435 854540 101 1774
25562 852768 112 1713
25685 855384 108 1868
25807 853321 101 1738
25935 854054 114 1756
26055 855826 101 1749
26180 851898 110 1676
26305 852928 106 1744
26429 854661 106 1815
26559 853499 114 1703
26673 853554 99 1718
26805 854270 117 1822
26931 855261 111 1786
27051 855073 104 1816
27179 855326 112 1793
27291 851827 97 1689
27420 853764 111 1751
27550 854271 116 1827
27665 852519 101 1760
27794 854926 114 1708
27909 854397 100 1737
28038 856309 112 1794
28162 853227 109 1739
28278 853532 101 1767
28399 855576 107 1700
28512 854246 97 1715
28641 853925 112 1808
28768 854147 112 1827
28885 852271 101 1753
29016 856521 116 1878
29133 854576 101 1773
29266 853564 113 1791
29396 853405 115 1830
29511 853169 99 1731
29630 850568 105 1684
29755 855914 110 1871
29876 852880 101 1749
29996 855256 105 1646
30117 855455 106 1819
30242 852777 111 1732
30364 854123 107 1750
30493 855184 106 1788
30616 853066 109 1707
30734 853358 102 1815
30860 853533 111 1775
30988 855405 113 1838
31108 854374 104 1805
31234 855668 112 1776
31352 856715 101 1790
31479 856022 112 1815
31618 855478 123 1851
31733 852956 100 1687
31868 853509 121 1831
31993 857084 111 1869
32106 852678 94 1662
32234 854163 113 1795
32353 853883 104 1800
32482 852828 114 1803
32611 855698 114 1862
32723 854767 97 1696
32848 854237 111 1807
32963 853489 100 1737
33097 855299 119 1750
33221 854024 110 1799
33342 854738 105 1809
33478 857133 121 1783
33599 855927 106 1825
33728 853965 110 1730
33859 854851 116 1822
33975 853695 101 1758
34098 856284 108 1730
34218 856249 105 1793
34345 854873 103 1728
34479 855282 118 1828
34603 855795 109 1840
34731 854701 111 1821
34857 853370 112 1802
34973 853568 99 1761
35102 856202 115 1817
35221 854258 102 1785
35343 856033 105 1717
35470 854418 112 1778
35586 855189 101 1754
35716 854686 115 1708
35836 853718 104 1816
35957 852287 102 1709
36088 855641 116 1892
36205 854420 103 1809
36331 852030 111 1756
36452 854203 106 1817
36572 852647 100 1749
36699 853948 112 1785
36820 854349 106 1798
36958 855473 123 1860
37080 855437 107 1673
37193 854064 98 1702
37315 851027 107 1701
37443 855735 113 1936
37569 851540 110 1706
37692 856442 108 1742
37807 852349 100 1757
37937 854434 115 1849
38050 851366 99 1760
38181 854566 116 1769
38310 851928 114 1726
38433 855810 109 1885
38566 854779 118 1852
38691 855300 111 1896
38822 853123 108 1857
38946 852317 109 1694
39065 855574 102 1794
39194 856796 115 1824
39323 853102 114 1836
39442 856157 104 1834
39579 854355 123 1807
39697 854427 103 1808
39819 855131 103 1762
39944 854343 111 1776
40069 858450 110 1884
40196 854832 112 1760
40308 849596 97 1695
40432 856648 106 1814
40562 857289 114 1805
40679 855547 101 1772
40837 852925 118 1741
40964 851768 112 1759
41083 854308 103 1789
41222 854762 125 1796
41353 856836 115 1852
41476 852816 105 1754
41607 852890 117 1840
41721 854105 99 1787
41851 855133 112 1847
41975 853903 109 1770
42090 853565 101 1713
42225 854008 120 1815
42349 854359 109 1871
42475 857508 105 1861
42605 855597 116 1835
42724 855461 104 1865
42852 852734 113 1778
42978 855121 111 1800
43096 854411 104 1834
43221 855912 110 1749
43333 852877 96 1680
43467 854022 120 1802
43598 856866 116 1833
43717 855794 104 1798
43843 853248 112 1760
43960 853530 102 1725
44088 854449 111 1780
44214 853317 111 1784
44331 854602 102 1778
44455 850844 108 1690
44576 852935 107 1828
44701 852539 104 1769
44830 853572 115 1696
44939 854292 94 1680
45072 856185 118 1838
45198 856916 111 1857
45321 856148 105 1827
45446 855297 110 1753
45564 854692 102 1783
45688 854154 110 1702
45811 855439 109 1767
45932 853327 105 1807
46066 853187 119 1826
46185 854581 103 1817
46314 854516 110 1802
46439 854772 111 1752
46561 854092 107 1850
46692 853538 117 1794
46816 856379 110 1859
46943 854904 106 1812
47070 854052 112 1793
47185 855542 100 1771
47315 854049 116 1823
47446 852667 116 1789
47563 853322 101 1744
47688 854076 110 1757
47804 854147 101 1783
47932 855007 113 1763
48059 855982 112 1784
48176 855005 100 1785
48300 853863 110 1784
48417 856682 103 1830
48545 853535 110 1788
48688 856477 128 1836
48807 852137 99 1684
48942 851717 120 1755
49066 855320 109 1772
49181 851632 99 1705
49309 857295 114 1794
49425 853971 99 1741
49556 853788 116 1827
49678 854006 108 1713
49795 853373 102 1764
49931 853262 122 1768
50053 856073 108 1865
50178 854312 107 1805
50308 855474 116 1877
50428 854773 104 1796
50557 851648 114 1784
50674 853165 102 1727
50796 855501 100 1765
50925 852968 114 1824
51041 854230 101 1764
51170 856019 114 1769
51296 853908 111 1739
51419 854564 104 1804
51548 854849 114 1779
51660 852704 98 1702
51789 856627 114 1758
51912 856497 108 1748
52022 854442 96 1684
52155 853204 118 1880
52273 853959 101 1782
52403 856782 114 1800
52532 852301 114 1752
52647 853627 100 1742
52780 854548 118 1816
52899 853986 102 1759
53026 853219 109 1773
53148 854310 107 1693
53258 855329 96 1703
53390 854478 117 1829
53499 851172 94 1640
53626 854838 110 1747
53754 855657 113 1817
53868 854015 99 1752
54005 853295 123 1808
54124 855859 105 1808
54251 855788 106 1789
54383 856514 118 1883
54499 852769 102 1825
54623 851840 109 1697
54744 852598 107 1737
54867 852880 104 1797
54992 855649 111 1760
55114 854977 105 1816
55250 855000 121 1837
55373 852487 109 1719
55489 853201 101 1741
55621 855207 117 1793
55748 857637 112 1933
55873 855022 104 1811
55997 852760 110 1754
56114 852688 102 1810
56262 854030 134 1877
56389 855840 111 1769
56514 854628 109 1782
56649 852327 120 1727
56766 855477 103 1736
56893 854459 106 1790
57020 853899 112 1808
57134 853576 100 1730
57261 854144 111 1769
57380 853361 104 1823
57503 854117 101 1775
57628 854705 110 1770
57748 856025 103 1822
57880 855365 118 1777
58008 852744 113 1743
58126 853572 102 1752
58249 851404 109 1761
58361 853772 97 1736
58494 855247 118 1839
58617 854941 109 1721
58737 854447 105 1796
58861 854313 109 1710
58972 853475 97 1721
59102 855975 115 1804
59230 852644 114 1706
59348 852854 102 1738
59471 853167 108 1741
59589 855082 103 1812
59716 854547 110 1783
59843 856521 112 1770
59964 856804 107 1843
60092 853613 113 1754
60213 855777 106 1836
60334 853900 101 1692
60465 852823 116 1774
60581 855700 99 1750
60706 855047 111 1731
60822 853327 102 1770
60945 855615 104 1785
61077 855418 117 1818
61194 854412 102 1805
61323 855224 114 1740
61447 855129 108 1784
61566 854294 99 1714
61691 854471 111 1766
61806 851420 99 1720
61941 854215 120 1785
62065 854489 110 1780
62182 853458 100 1781
62314 856620 118 1896
62430 854731 100 1759
62556 854935 110 1775
62684 854974 113 1810
62806 854332 108 1873
62938 854364 117 1823
63055 857546 103 1770
63185 852225 110 1744
63310 852107 110 1717
63428 851503 104 1834
63556 854492 113 1772
63677 856468 106 1797
63803 854815 106 1853
63931 854019 114 1698
64052 853986 103 1800
64190 853124 122 1799
64315 852732 111 1769
64435 853610 105 1820
64571 853112 122 1804
64691 855818 104 1783
64821 855774 110 1889
64946 851996 110 1759
65060 854207 99 1771
65186 853843 112 1750
65315 855057 114 1802
65436 852812 105 1788
65563 854599 112 1786
65683 854345 105 1866
65818 853494 118 1834
65949 852231 116 1724
66065 854234 100 1725
66191 851063 112 1778
66310 855374 104 1791
66438 855434 106 1844
66571 855886 118 1848
66683 852845 98 1718
66814 856979 116 1840
66942 856132 113 1843
67062 853735 105 1809
67194 857240 118 1763
67313 854587 104 1825
67440 854494 107 1798
67562 855719 108 1741
67683 855751 106 1818
67808 855044 111 1721
67923 854974 100 1799
68047 853695 107 1783
68174 853645 113 1796
68294 853545 105 1809
68430 856589 121 1866
68570 853348 125 1863
68686 853424 101 1776
68813 853579 112 1776
68932 853126 103 1818
69066 855865 115 1827
69192 853752 111 1739
69305 854216 98 1725
69435 855265 115 1807
69550 852483 100 1760
69679 854770 112 1832
69808 854596 114 1802
69922 852974 99 1755
70054 855213 117 1772
70178 853651 109 1812
70295 853766 98 1689
70416 852620 107 1726
70536 855020 105 1819
70667 854329 116 1844
70781 855006 99 1716
70906 853847 105 1795
71031 851877 110 1785
71155 857412 109 1929
71288 852098 119 1743
71419 852241 117 1776
71541 852800 106 1730
71679 853929 124 1829
71807 856540 113 1830
71929 855025 105 1790
72054 855237 110 1757
72171 852097 102 1782
72299 851362 113 1757
72430 854146 116 1754
72542 854997 98 1731
72672 853888 114 1785
72793 857087 105 1834
72921 856135 111 1783
73044 853506 108 1746
73162 856039 103 1813
73291 853275 114 1785
73412 853686 107 1798
73536 853631 104 1718
73661 854812 110 1776
73780 855579 104 1833
73920 857329 125 1830
74042 855511 108 1781
74163 855172 104 1814
74290 855137 113 1784
74408 854878 104 1835
74535 854215 112 1769
74662 853110 112 1823
74779 855417 103 1760
74907 856096 113 1778
75026 854217 103 1831
75157 851983 112 1725
75288 854654 116 1786
75405 855506 103 1771
75533 852769 114 1756
75653 854155 105 1814
75780 854354 106 1814
75904 852000 109 1747
76021 854819 103 1797
76150 856020 114 1755
76273 854925 108 1800
76397 854834 106 1845
76533 855678 122 1831
76647 853455 99 1765
76777 855493 113 1814
76903 853210 112 1784
77016 851823 99 1696
77139 853643 108 1742
77251 853118 98 1755
77379 856644 113 1812
77507 854963 114 1811
77627 855628 105 1815
77758 852698 117 1724
77866 850978 93 1632
77993 852713 109 1746
78116 852927 109 1731
78230 852306 100 1723
78357 855399 113 1797
78481 856243 107 1852
78608 854250 110 1814
78730 855071 107 1735
78853 855219 108 1922
78998 853390 130 1744
79117 852191 105 1741
79248 852950 111 1775
79370 851593 108 1730
79485 853844 98 1713
79614 854640 115 1800
79745 857747 116 1841
79860 854180 101 1789
79980 853376 105 1684
80099 855719 101 1794
80231 854997 116 1866
80367 851688 120 1716
80488 856313 105 1847
80614 853942 111 1738
80731 854645 103 1755
80853 855752 102 1770
80980 857448 113 1807
81098 853465 103 1798
81228 853020 115 1786
81345 854177 101 1731
81468 855023 101 1762
81597 855546 115 1716
81725 853552 113 1735
81851 853912 107 1703
81978 853880 112 1752
82092 853862 99 1706
82221 855209 115 1801
82332 853575 96 1717
82460 851816 113 1788
82590 852483 115 1782
82711 857513 107 1841
82835 853272 110 1747
82949 853971 99 1762
83083 854801 115 1764
83216 854292 118 1843
83332 854824 102 1786
83454 852016 107 1673
83576 854646 107 1857
83696 851398 99 1717
83818 851416 108 1732
83932 855344 98 1706
84062 855210 116 1854
84175 853273 99 1739
84303 853393 110 1694
84432 853127 115 1782
84544 853684 97 1651
84679 855474 120 1941
84796 855386 102 1764
84920 853111 104 1831
85046 853538 111 1792
