fo time ls_time n_ls_moves
113 861816 113 1762
229 861525 102 1721
349 859686 105 1677
470 864665 107 1901
610 861166 121 1732
735 862210 111 1748
856 864590 106 1864
991 866480 120 1868
1162 862535 154 1798
1276 861409 99 1732
1404 864227 111 1771
1525 859565 106 1694
1635 860774 95 1684
1767 862397 117 1778
1891 860673 108 1842
2025 864495 115 1800
2150 861906 109 1749
2267 865194 103 1774
2398 865696 117 1804
2513 862892 101 1747
2641 864278 108 1828
2764 861491 108 1751
2880 865952 102 1811
3013 864862 118 1807
3128 862208 101 1714
3261 865587 108 1824
3399 867134 121 1895
3511 862458 98 1742
3634 862870 105 1692
3760 862930 112 1804
3878 861806 102 1754
4000 859290 107 1710
4119 863863 105 1807
4248 863404 111 1730
4374 863284 110 1756
4492 861685 103 1749
4618 862434 112 1664
4738 864296 105 1857
4868 862998 112 1802
4993 863550 110 1752
5106 863540 98 1682
5227 862932 106 1674
5341 862166 98 1760
5468 862472 110 1762
5600 859626 117 1781
5725 864013 110 1764
5871 863334 131 1829
5998 862384 113 1803
6110 861083 97 1694
6235 861143 110 1749
6349 861768 97 1715
6474 863037 111 1774
6597 862401 108 1708
6706 862852 94 1620
6832 864804 111 1750
6947 860995 100 1760
7072 864512 110 1739
7187 862974 101 1715
7318 863325 106 1807
7450 865257 118 1863
7565 863494 99 1762
7696 865311 117 1873
7827 861435 117 1849
7944 862164 102 1747
8072 863149 114 1761
8186 861561 99 1734
8314 865345 110 1813
8442 862399 113 1662
8557 862669 100 1775
8683 864223 112 1760
8800 863736 102 1820
8925 864299 108 1726
9055 864612 115 1823
9175 861493 105 1783
9301 863291 112 1741
9417 862707 100 1714
9546 863732 109 1833
9669 861365 109 1642
9782 864024 98 1733
9911 862134 114 1714
10033 865563 108 1831
10166 864668 111 1890
10287 861579 107 1744
10403 861461 101 1783
10530 864575 112 1762
10646 861081 101 1720
10771 864330 103 1799
10895 862395 110 1760
11008 863524 98 1725
11147 863386 125 1823
11268 864181 106 1721
11390 864189 106 1785
11524 866706 120 1911
11636 862240 97 1724
11762 863046 109 1804
11890 863195 113 1809
12008 862191 103 1779
12136 863601 115 1774
12254 862894 103 1832
12384 861815 111 1769
12506 861955 108 1676
12619 864573 97 1733
12742 861711 109 1708
12859 865151 102 1808
12985 862705 109 1769
13114 861557 114 1733
13236 860882 107 1748
13378 864903 127 1849
13502 864375 110 1774
13624 862701 105 1821
13755 862811 117 1764
13866 861896 97 1702
13993 862151 112 1728
14118 861634 111 1780
14236 863583 103 1819
14366 865008 116 1848
14484 865940 102 1799
14616 863373 115 1794
14745 863122 114 1824
14860 863539 100 1784
14991 860308 117 1742
15114 864698 108 1785
15237 863377 102 1752
15366 865994 114 1848
15479 861032 98 1741
15602 863118 109 1709
15724 864113 107 1790
15848 863831 103 1740
15980 864510 118 1891
16090 863776 96 1682
16221 865237 117 1832
16340 863230 104 1653
16469 864157 109 1813
16596 859836 112 1742
16711 863081 98 1724
16838 864426 113 1825
16960 862162 107 1722
17076 864792 102 1741
17205 864332 114 1801
17320 860543 99 1738
17447 862681 112 1833
17575 862883 113 1763
17687 862455 97 1742
17816 863785 115 1764
17933 863529 101 1795
18058 862602 108 1753
18183 862823 111 1758
18302 863683 105 1773
18426 863273 109 1728
18545 862802 104 1832
18670 862339 107 1759
18792 863264 108 1718
18906 862473 97 1725
19039 862390 119 1712
19157 861428 103 1832
19286 866323 111 1818
19409 864107 109 1756
19525 862234 102 1750
19653 863681 114 1747
19765 862463 97 1734
19892 864165 107 1768
20021 864806 115 1857
20140 862871 105 1812
20275 864369 120 1777
20408 862586 119 1842
20528 862718 103 1776
20652 864101 109 1760
20760 863453 94 1679
20902 866141 127 1777
21034 863810 117 1830
21162 861382 107 1812
21291 862632 114 1769
21412 862625 106 1801
21533 863203 101 1781
21668 862813 120 1782
21782 864832 98 1738
21907 863304 111 1721
22031 864156 110 1778
22147 860975 98 1689
22274 862842 112 1770
22386 862107 95 1694
22516 864478 116 1856
22644 864068 113 1841
22764 863798 105 1863
22892 862519 113 1704
23005 859729 97 1701
23133 862873 114 1740
23258 862391 110 1777
23379 864452 107 1877
23513 865155 120 1875
23629 864688 102 1779
23761 866430 114 1825
23884 861519 109 1756
23997 863419 97 1721
24122 860526 111 1698
24236 863375 100 1746
24375 865460 113 1830
24498 863770 108 1728
24613 863276 100 1757
24740 862152 113 1747
24862 863323 108 1848
24988 862100 105 1790
25109 863952 106 1692
25224 862568 100 1785
25355 865992 117 1891
25473 865017 104 1784
25601 863879 102 1760
25723 861586 108 1661
25835 860630 98 1711
25967 864843 116 1828
26098 862121 116 1861
26220 862534 106 1850
26348 863188 114 1818
26468 865193 105 1827
26605 866734 119 1896
26733 862411 113 1788
26853 861324 106 1803
26986 861951 118 1739
27107 860825 107 1773
27228 866312 102 1775
27354 863237 111 1773
27471 862200 102 1758
27597 862918 112 1711
27733 865068 122 1959
27847 865721 99 1757
27983 864036 122 1878
28110 864466 111 1889
28239 864910 106 1753
28377 863843 124 1839
28498 862816 106 1820
28635 862180 118 1838
28758 864523 109 1741
28874 862097 102 1764
28995 863035 106 1698
29111 863614 101 1805
29232 861471 103 1646
29356 863040 109 1759
29475 862642 105 1798
29620 864899 130 1885
29751 862939 107 1727
29873 864412 107 1833
30002 863253 114 1818
30118 861082 102 1807
30248 863433 113 1803
30369 861304 107 1727
30485 863940 101 1764
30613 864109 114 1815
30731 866299 102 1787
30860 861670 112 1761
30993 865103 118 1763
31116 866359 104 1777
31253 865316 122 1882
31378 866730 110 1776
31497 862183 103 1791
31623 861052 111 1776
31736 860997 97 1727
31863 864156 113 1820
31991 862241 113 1761
32106 863131 100 1721
32247 863361 127 1881
32368 863203 106 1835
32487 862884 102 1729
32611 861125 110 1747
32727 864160 100 1771
32858 863939 117 1819
32980 860301 107 1815
33103 863122 104 1785
33222 862293 105 1678
33336 863350 99 1713
33461 862440 111 1766
33576 865452 100 1773
33714 866085 121 1852
33842 862886 113 1761
33951 860586 95 1666
34080 861731 114 1768
34197 865683 102 1753
34321 862664 106 1724
34451 863499 116 1862
34565 862121 99 1740
34699 864174 119 1822
34820 863387 106 1737
34986 861816 137 1738
35122 861739 122 1777
35251 862941 114 1828
35366 864485 100 1736
35506 865403 125 1826
35621 864806 101 1730
35756 860765 113 1773
35885 860062 115 1811
36003 865195 101 1812
36131 860865 113 1749
36260 862082 114 1718
36379 862841 99 1753
36508 862985 115 1784
36630 863859 107 1848
36754 862922 106 1695
36878 863104 110 1779
36992 858495 98 1676
37122 863560 115 1812
37231 861824 95 1642
37358 862371 109 1755
37490 862764 117 1860
37610 865424 105 1867
37743 864623 118 1834
37862 863034 105 1803
37986 865413 103 1767
38109 862131 108 1738
38225 865700 102 1806
38349 862950 109 1716
38469 861284 105 1779
38599 864247 109 1855
38722 862836 109 1751
38841 862076 104 1830
38977 862947 121 1777
39109 865679 117 1841
39223 862492 99 1718
39350 862201 112 1800
39463 861712 98 1750
39596 863132 116 1836
39728 861715 117 1850
39840 862659 97 1682
39971 863741 116 1857
40085 863307 99 1734
40222 864840 119 1797
40351 863167 114 1772
40469 863686 103 1764
40595 862796 111 1783
40715 864315 106 1814
40842 865006 106 1815
40968 861578 111 1737
41086 865847 104 1834
41209 861430 109 1711
41327 863121 104 1808
41449 864342 101 1748
41588 862756 125 1815
41711 864224 105 1829
41835 862305 108 1760
41960 860786 109 1713
42079 864155 105 1804
42203 861395 110 1704
42320 862123 100 1784
42440 860027 104 1701
42562 862142 107 1730
42673 861387 97 1617
42806 864225 119 1779
42924 865059 103 1778
43071 863691 133 1873
43209 861611 122 1762
43324 862428 100 1735
43452 863628 114 1780
43579 862254 112 1746
43693 861220 98 1703
43820 865098 112 1780
43933 862962 99 1707
44063 863956 116 1820
44190 861226 112 1689
44312 863071 103 1784
44434 862660 108 1700
44553 865219 102 1801
44680 864988 112 1840
44813 864956 118 1871
44930 861373 102 1746
45057 861364 113 1750
45172 862708 100 1751
45296 863816 106 1752
45430 861764 119 1772
45551 862159 106 1822
45683 861923 118 1799
45800 864272 101 1740
45924 863886 104 1780
46045 859632 106 1701
46156 864444 96 1669
46284 861591 113 1742
46400 862950 102 1742
46525 862889 106 1790
46646 864865 106 1703
46762 863744 101 1762
46900 862532 124 1804
47028 866844 114 1893
47144 861862 100 1719
47270 863718 111 1764
47390 864201 105 1867
47513 860328 108 1709
47624 862305 97 1672
47746 862486 102 1762
47878 863734 116 1841
47993 862535 100 1714
48132 863874 125 1869
48261 864359 115 1765
48379 863273 103 1789
48514 865289 120 1951
48635 863859 106 1801
48759 863021 104 1735
48887 862232 113 1789
49006 863484 103 1789
49128 862461 107 1665
49252 864855 110 1873
49380 864085 106 1858
49514 861311 118 1755
49633 866320 105 1818
49755 863001 104 1708
49881 864335 112 1773
49998 864058 102 1746
50131 864907 118 1838
50247 861729 102 1759
50372 860801 107 1740
50496 865433 109 1770
50614 862666 103 1801
50756 859246 127 1714
50877 861367 105 1783
51010 862711 111 1807
51135 863339 110 1776
51253 864230 102 1813
51384 863706 116 1767
51507 863591 109 1734
51621 864624 98 1680
51746 861153 110 1755
51864 862237 101 1777
51985 862020 106 1668
52109 861716 110 1719
52232 864164 105 1825
52352 861691 105 1675
52469 865944 101 1799
52600 865124 117 1813
52726 864156 111 1803
52844 862236 104 1819
52966 860243 108 1711
53085 862980 101 1774
53220 864288 118 1887
53351 864154 116 1795
53464 860928 98 1678
53590 861923 112 1733
53702 862003 97 1693
53825 861649 105 1672
53954 862622 115 1830
54075 864036 106 1804
54204 862247 114 1792
54325 863077 106 1850
54452 862209 107 1830
54575 864341 108 1718
54697 864658 108 1858
54831 865418 119 1777
54962 863365 116 1855
55075 862664 99 1750
55205 863615 115 1838
55321 860967 101 1767
55449 861594 111 1806
55573 862299 109 1753
55693 867110 105 1804
55818 862398 111 1748
55937 864353 103 1811
56078 864821 123 1869
56205 864595 112 1751
56317 863385 98 1762
56444 861604 112 1798
56563 864729 105 1830
56689 863734 105 1774
56816 862871 112 1772
56927 862195 96 1688
57057 863075 115 1809
57179 862215 108 1798
57321 864607 124 1824
57450 860956 114 1690
57560 862036 96 1701
57692 862461 114 1832
57817 864020 110 1782
57929 859507 98 1647
58057 860511 113 1758
58171 864728 99 1743
58309 863496 120 1804
58445 862680 121 1780
58561 861016 101 1738
58697 865475 121 1859
58821 860668 110 1716
58938 862933 102 1793
59058 862769 105 1662
59180 862151 105 1844
59309 865961 111 1786
59424 857668 100 1604
59538 861654 99 1774
59665 864533 113 1800
59783 863640 103 1809
59912 862977 114 1744
60048 864861 122 1798
60165 863255 102 1736
60289 862515 109 1723
60398 859360 95 1693
60526 861648 111 1783
60654 862906 114 1775
60766 860962 97 1660
60889 863176 108 1725
61001 863003 97 1713
61127 861574 112 1735
61260 864182 119 1819
61384 863454 109 1785
61514 863159 114 1804
61639 864241 109 1848
61770 864239 107 1799
61899 861837 115 1793
62015 861385 101 1741
62144 863989 115 1797
62266 862798 107 1699
62381 862777 100 1769
62502 864243 107 1713
62613 861792 97 1698
62752 864497 123 1824
62879 863033 113 1790
62994 863760 99 1754
63122 865477 114 1813
63246 864094 108 1893
63375 858953 112 1775
63501 862848 110 1751
63619 864278 104 1848
63746 863144 112 1746
63860 863127 100 1782
63988 861436 108 1699
64111 861429 109 1720
64226 862935 100 1750
64356 863539 116 1786
64464 861163 94 1663
64591 862341 110 1780
64714 860297 108 1746
64827 861931 97 1685
64951 864357 110 1741
65066 862325 98 1756
65198 863850 117 1762
65329 862378 116 1778
65445 862244 102 1788
65574 865506 114 1785
65690 862844 102 1814
65823 862220 115 1750
65959 862252 122 1793
66078 862294 103 1799
66216 866395 124 1915
66346 865914 115 1834
66465 862518 104 1795
66597 862498 118 1749
66712 864787 101 1739
66838 860853 105 1754
66971 864027 119 1812
67088 863180 102 1820
67216 863622 114 1818
67339 865616 108 1775
67458 864457 102 1788
67588 863702 116 1799
67704 864939 99 1747
67841 864851 123 1841
67964 860766 108 1698
68084 862720 106 1816
68214 863348 115 1809
68329 864394 100 1778
68453 861976 108 1772
68575 862638 107 1700
68695 864568 105 1837
68823 864104 113 1766
68933 860949 96 1709
69062 863776 112 1849
69195 864775 118 1776
69316 865394 106 1847
69441 863744 110 1737
69561 865185 106 1799
69683 861653 102 1769
69812 864138 114 1769
69928 862335 101 1765
70053 861930 111 1736
70171 864431 104 1797
70299 866988 105 1851
70437 862380 124 1887
70560 864209 106 1829
70692 863747 114 1824
70818 864164 112 1780
70930 863545 97 1715
71059 861007 115 1761
71172 861228 98 1748
71301 863377 112 1757
71427 864412 112 1791
71547 864296 105 1875
71676 861604 115 1795
71791 861984 100 1707
71929 865002 116 1866
72057 862441 114 1797
72173 862130 100 1728
72300 863493 112 1801
72425 864128 111 1759
72544 862833 104 1790
72674 862557 115 1773
72786 862865 98 1745
72910 861570 109 1700
73040 865019 114 1731
73164 866463 109 1858
73298 860424 120 1683
73415 861618 102 1753
73546 861914 111 1770
73674 863857 113 1813
73790 862275 101 1766
73915 863572 111 1765
74042 865359 112 1840
74168 865210 109 1866
74297 865964 114 1807
74412 862933 100 1705
74548 863219 120 1852
74697 860794 135 1734
74847 863633 128 1778
75010 864176 141 1804
75150 861696 122 1702
75286 861288 119 1716
75400 865993 99 1776
75522 860863 108 1675
75633 863180 97 1730
75756 861923 106 1684
75890 860497 119 1763
76007 863116 101 1778
76130 864383 109 1731
76249 863629 103 1776
76377 862729 110 1762
76509 864408 117 1899
76622 863457 99 1761
76753 866064 116 1851
76872 864410 105 1795
77000 863940 108 1867
77133 861941 117 1767
77248 862586 99 1744
77379 863348 116 1789
77508 865016 114 1807
77626 861440 103 1830
77745 864005 105 1646
77859 861092 98 1737
77983 862958 110 1714
78103 863756 106 1735
78224 862454 102 1778
78353 863730 114 1817
78462 862605 93 1670
78603 865121 126 1925
78730 864652 112 1761
78847 862042 103 1787
78971 862756 110 1749
79095 862930 109 1861
79226 865410 113 1822
79354 861102 113 1781
79471 862980 102 1803
79600 864165 115 1808
79707 861889 93 1646
79838 863442 112 1773
79964 862911 112 1748
80078 864965 99 1762
80202 862853 110 1723
80324 863730 108 1822
80446 859502 101 1720
80569 863331 108 1726
80682 863136 98 1707
80813 861296 116 1797
80930 863716 102 1771
81070 863751 123 1862
81209 861593 123 1690
81325 861899 102 1796
81452 862040 111 1777
81577 866029 110 1758
81696 859505 105 1733
81823 861333 111 1767
81943 863483 106 1849
82062 862182 100 1651
82188 862738 112 1781
82301 862718 97 1735
82429 864399 113 1738
82544 864214 101 1778
82676 863974 112 1774
82807 864731 116 1826
82930 865919 108 1853
83055 864492 111 1760
83168 861812 99 1694
83294 863312 106 1816
83428 865558 119 1895
83543 865786 99 1744
83668 864102 111 1774
83789 862670 106 1718
83910 863125 100 1713
84037 866230 112 1778
84152 863893 99 1718
84276 861123 109 1751
84391 865157 101 1738
84513 862639 100 1703
84638 863663 110 1771
84752 863417 99 1741
84875 860876 109 1732
84997 863654 106 1813
85125 861223 103 1758
