fo time ls_time n_ls_moves
17 208478 17 773
38 208246 17 771
58 208265 17 747
78 208176 17 741
98 208658 17 774
118 208180 17 756
139 207932 19 725
165 207448 21 746
185 208091 17 758
206 208032 17 768
225 208331 17 755
245 208155 17 739
265 209334 18 755
285 208216 17 752
305 207174 16 724
326 209140 18 816
351 208539 22 748
373 208018 18 745
394 209109 18 761
414 208677 18 764
435 208890 17 758
455 208184 17 763
475 208024 18 781
500 208091 22 780
522 209305 18 767
546 208111 21 761
575 207386 23 767
597 209515 18 788
618 208599 18 763
639 207909 18 792
660 207572 17 751
680 208199 17 772
700 208286 16 724
720 208155 17 770
742 208273 19 782
773 208664 28 758
795 208016 18 763
817 208920 19 790
837 207674 17 732
859 208493 19 788
879 208372 17 747
899 209166 18 783
919 207750 17 742
943 207814 21 800
970 209767 25 763
992 208744 19 739
1022 207094 27 742
1047 208174 22 755
1069 209063 19 781
1090 207294 17 744
1111 208594 18 766
1132 209228 18 772
1154 208871 19 739
1181 208463 22 729
1202 208233 18 767
1222 207827 17 763
1242 208185 17 750
1263 208347 17 768
1282 207111 17 742
1303 208174 18 762
1323 208609 17 747
1345 207871 19 772
1373 207975 24 783
1393 207073 17 716
1414 207891 18 769
1435 207689 18 760
1455 207758 18 768
1476 208290 18 757
1497 208041 17 757
1517 208265 17 758
1536 208139 17 744
1559 208580 20 764
1586 208970 23 794
1607 208736 18 765
1627 208299 17 748
1647 207591 17 740
1667 207542 17 753
1687 209138 18 776
1707 208448 17 753
1727 207682 17 736
1747 207383 18 777
1777 208038 26 757
1800 207187 19 792
1820 208858 17 727
1840 208121 17 744
1861 207308 18 759
1881 208081 17 745
1902 208719 18 774
1923 208032 18 772
1942 207989 17 738
1965 206858 20 738
1992 209611 23 796
2011 208672 17 742
2031 207481 17 744
2051 208112 17 748
2071 209799 17 750
2091 208146 17 751
2112 208609 18 764
2133 209060 17 767
2152 207291 17 750
2182 208668 27 802
2203 209094 18 753
2224 207502 18 744
2243 207153 16 714
2263 208058 18 765
2283 207904 17 718
2304 206920 18 759
2325 208107 18 765
2345 207537 18 783
2368 208280 19 746
2395 207437 24 755
2416 207807 17 728
2440 207708 21 770
2461 208362 18 781
2481 206732 17 743
2502 207821 18 790
2522 208861 17 763
2542 208422 17 754
2563 208825 19 793
2592 208681 25 754
2617 208329 22 759
2639 207681 18 767
2660 207437 18 747
2679 208265 17 748
2699 207868 17 756
2719 207213 17 747
2739 207511 17 764
2759 207624 17 743
2783 208601 21 778
2808 207686 20 764
2828 207917 17 747
2849 208786 18 783
2870 208317 18 796
2890 208117 17 757
2910 208718 18 767
2931 208464 18 791
2952 208005 18 763
2976 208550 21 819
3005 207746 26 738
3025 207699 17 729
3046 207515 19 783
3066 208795 17 747
3087 208315 18 774
3107 208709 17 723
3128 209168 18 759
3148 207927 17 726
3168 207956 17 751
3196 208142 25 786
3217 208697 18 753
3237 208270 17 725
3257 208609 17 735
3278 208414 18 796
3298 208537 18 774
3319 208900 17 770
3338 207860 17 743
3358 208343 17 732
3379 208183 18 738
3405 206773 23 747
3425 208000 18 778
3446 208777 18 747
3466 208255 17 754
3486 208152 18 777
3508 208998 18 784
3529 208136 18 769
3549 208983 18 772
3570 207841 17 750
3591 208395 19 741
3617 207915 21 759
3637 208378 18 763
3658 209086 18 760
3679 207757 18 765
3699 209177 17 754
3719 206946 17 765
3739 208937 17 742
3758 208387 17 755
3779 208054 17 744
3804 207764 22 754
3827 208799 19 779
3848 208898 18 809
3868 207846 17 731
3887 207446 16 717
3907 207897 17 769
3928 208388 18 781
3948 207977 16 727
3968 208707 17 755
3990 208036 19 763
4017 207612 25 738
4038 206895 18 789
4059 208258 18 771
4080 208150 18 752
4100 208796 17 728
4120 208837 18 774
4141 208985 17 743
4161 208777 18 765
4182 207923 17 739
4208 208592 24 755
4232 208161 19 754
4252 208175 17 746
4272 208516 17 750
4291 207838 16 735
4311 207754 17 767
4331 208586 17 766
4352 208185 18 774
4372 208070 17 736
4393 207728 18 732
4427 209353 29 743
4447 208307 17 744
4467 208136 17 731
4489 208180 19 772
4509 209134 17 751
4529 209033 17 739
4550 208835 17 778
4570 208623 17 769
4590 208152 17 768
4617 207776 24 776
4639 208849 18 737
4659 207876 17 738
4680 208282 18 737
4700 207971 18 767
4721 208339 18 754
4742 208818 18 810
4761 207310 16 739
4782 208578 18 764
4805 207703 20 771
4832 208766 24 758
4851 207649 16 723
4871 207978 17 767
4892 208654 17 762
4912 207869 18 764
4932 207309 17 749
4952 207516 17 747
4973 208757 18 796
4994 208083 18 775
5016 208061 20 742
5043 209252 21 775
5064 208652 17 762
5084 208596 17 761
5103 208090 17 740
5123 207201 17 739
5143 209663 17 771
5164 208441 18 789
5184 208752 17 760
5206 208389 20 768
5231 208547 21 753
5251 208530 17 729
5270 207803 17 747
5290 207339 16 731
5309 208843 17 747
5331 209582 18 806
5351 208377 17 763
5371 207945 17 753
5391 208513 18 779
5414 208805 20 773
5440 208298 23 766
5461 208810 18 770
5480 208082 16 719
5500 208764 17 769
5520 207877 17 753
5540 209247 18 786
5560 209165 17 767
5580 208905 17 745
5599 206659 17 742
5622 209004 20 807
5653 207810 27 753
5674 208369 18 786
5694 208173 17 747
5715 208679 18 790
5736 209261 18 793
5756 207967 18 754
5776 207435 17 751
5796 209064 17 766
5818 208318 19 755
5847 208192 26 769
5867 208114 17 741
5888 208516 18 781
5909 208800 18 758
5929 207990 18 754
5949 208201 17 744
5969 207662 17 746
5990 208472 18 784
6010 208078 17 732
6034 209231 22 776
6059 208459 20 752
6079 208465 17 740
6099 208901 17 733
6121 209526 19 798
6140 207338 17 713
6161 209015 18 776
6182 207567 18 767
6201 208395 17 731
6224 208941 20 794
6250 208541 23 762
6270 208736 18 789
6290 207711 17 746
6309 207513 17 734
6330 207449 17 767
6349 208285 17 740
6371 209158 18 796
6391 208523 18 780
6412 207696 17 753
6435 208490 20 775
6462 209752 23 777
6483 209478 18 816
6503 208125 17 763
6524 208491 17 763
6544 208856 18 791
6564 207989 17 737
6584 208401 17 757
6604 208647 18 771
6625 207693 18 755
6654 208673 25 786
6674 208839 18 766
6695 207185 17 751
6714 208248 17 725
6735 208683 18 768
6755 208129 18 768
6776 208922 18 752
6797 208095 18 758
6817 208176 18 755
6839 208217 18 791
6861 207587 19 743
6886 207112 22 734
6905 207824 17 709
6927 207484 19 760
6947 207642 17 744
6968 208380 18 748
6988 208717 18 787
7008 208461 17 756
7028 208729 17 761
7048 208628 17 755
7071 209071 20 774
7102 208716 27 767
7122 208856 18 770
7143 207626 18 772
7165 209279 19 793
7185 208590 17 758
7205 207845 17 728
7225 208182 17 737
7246 209072 18 786
7269 208448 20 792
7295 207347 23 741
7317 208642 19 810
7337 208617 17 758
7358 207843 18 753
7379 208637 19 796
7399 207739 17 742
7420 207800 18 754
7441 208269 18 754
7461 207928 17 773
7484 207274 20 744
7511 208442 22 770
7531 208388 17 746
7551 208123 17 732
7571 208285 17 755
7591 207995 17 758
7609 207258 16 700
7629 207894 17 753
7651 207611 19 741
7671 207609 17 740
7699 207817 24 742
7721 208741 18 740
7742 208727 18 766
7762 207485 17 737
7782 209078 17 758
7802 207580 18 766
7822 208341 17 748
7842 206681 17 730
7862 208406 17 727
7884 208312 19 727
7911 208847 24 751
7932 206906 18 766
7952 209067 18 753
7972 208284 17 738
7994 207861 18 775
8014 209716 18 770
8035 207500 18 776
8056 209063 18 799
8076 208756 17 752
8104 208388 24 777
8124 208005 17 732
8144 208363 17 769
8165 209068 18 766
8186 209064 18 790
8206 208392 18 770
8226 207903 16 728
8245 208518 17 743
8266 208664 17 766
8290 207976 21 755
8321 207813 27 737
8342 208407 18 775
8361 208377 16 712
8380 207079 16 719
8401 208858 18 779
8422 209275 18 795
8442 208478 17 757
8461 208678 17 747
8481 208031 17 773
8507 207729 22 732
8529 208968 18 764
8549 207371 17 758
8570 207279 17 750
8590 208415 18 771
8611 207823 17 767
8631 209406 17 769
8650 208218 17 739
8670 207752 17 765
8691 207495 18 725
8718 209378 24 791
8739 206967 18 744
8760 208441 18 761
8780 208458 17 722
8800 208376 17 748
8820 208365 17 752
8840 208636 17 778
8860 208387 17 764
8880 208705 17 768
8903 208547 20 771
8930 208019 24 755
8950 207672 17 734
8971 208281 18 773
8993 208131 18 784
9014 208773 19 797
9035 209267 18 763
9056 209228 18 797
9075 207615 16 730
9098 208612 20 798
9124 207781 22 762
9144 208232 18 754
9165 207741 17 746
9184 208412 17 741
9205 208909 18 793
9225 207880 17 757
9245 208744 17 763
9265 207326 18 745
9286 208801 18 756
9309 208795 20 789
9337 207390 24 732
9357 208258 17 741
9377 207853 17 762
9397 206942 17 738
9417 207472 18 763
9438 207208 17 736
9458 207925 18 761
9478 208056 17 743
9497 207145 16 726
9527 208219 26 802
9551 208164 19 748
9570 207525 17 725
9590 208683 17 743
9612 208723 19 782
9633 209295 18 756
9656 207836 20 766
9676 209030 18 761
9696 207091 17 753
9723 209341 24 782
9747 207028 19 737
9770 208386 20 749
9790 208081 17 748
9811 208081 18 773
9831 207644 17 719
9851 207404 17 731
9870 208356 16 729
9890 207953 17 739
9913 209087 20 777
9939 207270 23 748
9959 208396 17 743
9986 209524 24 794
10007 207933 18 746
10028 208322 18 779
10048 208062 17 733
10069 208386 18 760
10089 208162 17 722
10109 207325 17 745
10136 208000 23 745
10158 209313 20 778
10181 208545 18 767
10202 207857 18 751
10222 208441 18 770
10243 207233 17 732
10263 208618 17 728
10283 207005 17 744
10303 209088 18 776
10326 207974 20 749
10352 208278 22 743
10373 207782 17 762
10392 208283 17 744
10413 208831 18 796
10433 208105 17 741
10452 206885 17 742
10472 207189 17 740
10492 208936 18 799
10513 207981 18 781
10540 209061 23 790
10562 207973 18 771
10583 207527 18 771
10601 207231 16 698
10621 207053 17 765
10641 208205 17 754
10660 207869 16 714
10680 207636 17 749
10701 208201 18 786
10723 208529 19 785
10749 207718 22 740
10769 206058 17 752
10789 207045 17 735
10811 209446 18 795
10830 207158 16 730
10850 207556 17 742
10871 209971 19 810
10892 208901 18 766
10913 208533 18 783
10944 208694 28 756
10974 208365 24 793
10994 209084 18 768
11015 208117 18 772
11035 209303 18 785
11056 207607 18 794
11076 208140 17 761
11096 208391 17 763
11116 208357 17 760
11139 208752 20 757
11163 208882 20 732
11184 209110 18 769
11203 208423 17 745
11223 208146 16 736
11243 209138 17 769
11263 208762 17 741
11282 207335 17 732
11302 208436 17 774
11322 209279 17 753
11346 207676 21 762
11371 209062 20 765
11392 208094 18 743
11413 208939 18 778
11434 209170 18 775
11453 207202 16 736
11473 208644 17 764
11493 208216 18 780
11513 208481 17 738
11533 208895 18 741
11559 208160 22 754
11580 209460 18 788
11600 208347 17 747
11620 208778 17 756
11640 208095 17 743
11659 207635 17 749
11680 209204 18 771
11699 207551 16 718
11719 208542 17 761
11741 208423 19 755
11767 207952 23 737
11788 208201 17 764
11808 209068 18 770
11828 208434 17 749
11848 208130 17 735
11868 208211 17 751
11888 208113 17 757
11909 208723 18 784
11929 207552 17 767
11953 208117 20 764
11979 207962 22 748
12000 209336 18 763
12021 208118 17 745
12042 208461 18 781
12063 208039 18 766
12083 207331 18 759
12104 208328 17 761
12125 208046 18 786
12147 207537 19 764
12178 208736 27 738
12198 207829 18 763
12219 208059 18 778
12238 207649 16 712
12258 207475 17 745
12278 207926 17 744
12299 207770 18 753
12319 208645 17 751
12339 208353 17 734
12365 208706 24 779
12389 207662 19 716
12409 207906 17 742
12429 208042 17 771
12450 208787 18 776
12470 208097 17 762
12489 208113 16 724
12510 208404 18 787
12532 208116 18 793
12553 208734 18 735
12578 208666 22 749
12598 208431 17 763
12619 207600 18 750
12640 208523 18 781
12661 208646 18 751
12681 208431 17 748
12701 207706 17 724
12721 208648 17 743
12741 208258 17 769
12764 208572 19 753
12789 208433 21 749
12809 208632 17 740
12828 207687 17 732
12849 208969 18 799
12870 208490 18 794
12890 209210 17 754
12910 209714 18 771
12930 208139 17 735
12950 207683 17 747
12974 209123 21 729
12996 208517 18 753
13017 208053 18 759
13036 207738 17 733
13057 208460 18 758
13078 207708 18 780
13098 208694 17 768
13118 209151 17 744
13138 208973 18 768
13162 208804 21 790
13189 208828 24 778
13210 208062 18 745
13230 208950 17 749
13251 207427 18 777
13270 208192 17 736
13291 208998 18 756
13311 207243 17 745
13331 207961 17 771
13351 207178 17 737
13373 207506 19 762
13400 207988 23 801
13420 208433 17 753
13442 208412 17 734
13461 208323 17 753
13481 207851 17 747
13501 208704 17 764
13522 208337 17 755
13542 207832 17 734
13562 208681 17 745
13586 208202 21 756
13615 209159 26 759
13636 208955 18 760
13657 207528 18 726
13679 208001 19 813
13698 208423 17 747
13719 209230 17 767
13738 207279 16 735
13758 208340 17 735
13781 208242 19 748
13809 209199 24 755
13830 207649 18 764
13850 208239 18 747
13871 208696 18 790
13892 207868 18 762
13912 208627 17 756
13931 208300 16 732
13952 207866 18 758
13971 207091 17 722
13993 207493 19 745
14020 207950 24 744
14041 207209 17 733
14062 208222 18 765
14082 208484 17 735
14103 208704 18 791
14124 208769 18 766
14143 207774 16 729
14163 207645 17 753
14184 207711 19 757
14211 208134 22 740
14232 208496 18 775
14252 208760 17 751
14272 207997 17 764
14292 208169 17 767
14313 208195 18 784
14332 208513 17 740
14352 206546 17 755
14372 207396 17 725
14395 208963 20 786
14421 208516 23 776
14441 207422 17 734
14460 206683 16 702
14481 208651 18 793
14501 208233 17 759
14521 208585 17 749
14541 208318 17 757
14562 208714 18 769
14582 207871 17 771
14605 208296 20 776
14629 207833 19 744
14650 207853 18 775
14670 208948 17 771
14691 208437 18 790
14712 208895 18 784
14732 209121 18 795
14752 207499 17 750
14777 208403 22 749
14799 208235 19 735
14830 208858 28 762
14851 208437 18 763
14871 208427 18 764
14892 207716 18 768
14913 208750 18 758
14934 208876 18 797
14954 208515 17 734
14973 208136 17 736
14993 208331 17 748
15021 207870 24 755
15042 207547 18 748
15063 207964 19 776
15083 207731 17 731
15103 208385 17 774
15123 208274 17 760
15144 208811 18 795
15164 207618 17 746
15185 208130 18 769
15209 208449 21 791
15235 208662 24 784
15256 207630 17 756
15277 208221 18 765
15296 208742 17 728
15316 208790 17 764
15335 207886 16 715
15355 207999 17 766
15375 208518 17 770
15395 208690 17 775
15422 208804 24 758
15445 208366 19 729
15466 208126 18 745
15486 207923 17 755
15507 208508 17 757
15526 206899 16 717
15546 207459 17 744
15566 208112 17 770
15585 207196 17 744
15607 209018 19 778
15635 207613 25 750
15656 208438 17 744
15675 207617 17 733
15694 208279 16 717
15715 208852 18 780
15735 208081 17 763
15756 208537 18 781
15777 208917 18 788
15797 208478 18 780
15820 208426 20 778
15845 207322 22 717
15866 208378 18 787
15887 208950 18 749
15907 207552 18 785
15928 207843 18 770
15949 209073 18 783
15969 207875 17 758
15989 208539 17 770
16009 207645 17 748
16038 208261 25 748
16058 208527 17 728
16079 208307 18 777
16099 207845 17 750
16119 208705 17 754
16138 208746 17 743
16158 207592 17 753
16178 207841 17 739
16198 208009 17 751
16222 209273 21 796
16253 208087 28 751
16274 207622 17 727
16295 209326 18 764
16315 207469 17 745
16335 208187 17 728
16355 208288 17 737
16374 208409 17 739
16395 208915 18 777
16415 208966 17 769
16441 207373 23 747
16462 207984 18 761
16483 207589 18 768
16503 207713 17 730
16523 206669 17 752
16543 208049 17 751
16563 207957 16 737
16582 207582 17 749
16603 209369 18 791
16626 208820 20 771
16654 208137 24 777
16674 208308 17 748
16694 208539 17 751
16714 208338 17 759
16734 208879 18 778
16755 208451 18 779
16776 208590 18 758
16796 207601 17 744
16817 208715 18 765
16841 209133 21 801
16866 208742 20 764
16887 207703 18 758
16907 209061 17 759
16927 209688 18 781
16947 207909 17 758
16966 208788 17 733
16987 209200 18 799
17007 206738 17 738
17027 207576 17 740
17054 207491 23 767
17074 208666 18 776
17095 207990 18 760
17115 208651 17 753
17136 207895 17 761
17156 208828 18 789
17177 207632 18 763
17197 207340 17 744
17216 208448 17 733
17238 207647 18 726
17264 208414 23 761
17284 208211 17 731
17304 207527 17 745
17324 207659 17 741
17345 207572 18 761
17363 207399 16 703
17383 207974 17 754
17404 208882 17 751
17424 208518 17 761
17447 208989 20 766
17481 208936 29 775
17504 208138 21 746
17526 207785 18 755
17546 207859 17 737
17566 208432 17 746
17588 209490 18 782
17607 207863 17 749
17628 207941 17 770
17653 208231 23 812
17678 208979 20 783
17703 208158 22 742
17723 208767 18 768
17743 208803 17 740
17764 208609 18 791
17784 207856 18 776
17804 208306 17 743
17824 208468 17 756
17846 207254 19 762
17871 208016 22 773
17892 208494 18 775
17912 208300 17 753
17932 208299 17 748
17953 208764 18 801
17972 208447 17 752
17992 207251 16 705
18013 208573 18 779
18034 209151 18 769
18057 208857 20 773
18082 207713 21 695
18102 207461 17 731
18122 209142 17 734
18142 207848 17 734
18162 207913 18 788
18182 207664 17 733
18201 207755 16 719
18222 208045 18 800
18243 208855 18 804
18271 207655 25 742
18292 208620 18 767
18313 208282 18 768
18334 207966 18 773
18354 208597 18 762
18374 209144 17 730
18395 209374 18 769
18416 208196 18 747
18436 207620 17 732
18458 207790 20 762
18486 207934 25 768
18507 207588 18 765
18527 208304 17 743
18547 206952 17 741
18568 209145 18 788
18588 209148 18 785
18609 209587 17 775
18628 207788 16 716
18647 206977 16 735
18670 207736 21 766
18700 207974 24 802
18720 208576 17 743
18740 208439 17 769
18761 208697 17 771
18781 208607 18 781
18802 208345 18 789
18822 207874 17 752
18841 208113 16 728
18863 208388 19 765
18890 208919 23 759
18912 208546 19 784
18933 208274 18 790
18953 208273 17 737
18974 208228 18 778
18996 209116 18 791
19016 207783 17 727
19036 208452 17 755
19055 208161 17 733
19084 208078 25 773
19106 208518 19 798
19128 208815 18 773
19148 207814 17 754
19168 207675 18 773
19215 208758 18 763
19235 207632 17 737
19254 208048 16 728
19276 207483 19 741
19301 207083 20 744
19321 208278 17 723
19340 207642 17 739
19360 208436 17 744
19380 208263 17 762
19400 206911 17 733
19420 207871 18 756
19440 207796 17 739
19460 208955 17 757
19487 207167 24 755
19510 208314 19 752
19531 208094 18 761
19551 207734 18 786
19571 207280 17 751
19591 207818 17 766
19611 208623 17 757
19632 208659 18 783
19651 207761 17 744
19674 209800 20 798
19700 208082 22 761
19720 207908 17 751
19739 208754 17 751
19760 208515 17 773
19780 208835 17 752
19800 208738 17 771
19819 208140 16 737
19839 208948 17 771
19859 207979 17 746
19881 207618 19 728
19906 207465 22 712
19927 209230 18 774
19947 207120 17 745
19967 209045 17 768
19987 208390 17 750
20007 207406 17 765
20028 209154 18 779
20048 208406 17 758
20068 207905 17 733
20101 208225 30 749
20124 209302 20 781
20145 208003 18 763
20165 207749 17 741
20186 209352 18 769
20206 208596 17 753
20226 208759 17 750
20246 208812 17 737
20266 208454 17 743
20288 208476 20 739
20314 208427 23 768
20334 207449 17 756
20354 209599 17 761
20374 209670 17 765
20395 208752 17 780
20414 207982 17 738
20435 208672 18 792
20455 207704 17 758
20476 208072 18 785
20499 206325 20 724
20523 207784 20 752
20544 208409 18 770
20565 208143 18 777
20586 209236 17 759
20606 207702 17 746
20627 208837 18 764
20646 208890 17 732
20667 208567 18 781
20689 208058 19 753
20715 208517 23 768
20736 208018 18 743
20757 209172 18 794
20778 209046 18 788
20797 208158 16 726
20817 207510 17 778
20837 208979 17 737
20858 207717 18 768
20879 207630 18 768
20903 207995 22 769
20930 207907 21 748
20950 208581 18 760
20971 207191 18 759
20991 208001 17 727
21013 208329 19 795
21032 208344 17 732
21053 208814 18 788
21073 208177 17 737
21094 208505 19 752
21120 207618 23 778
21140 207069 18 753
21160 206839 17 707
21180 208914 17 753
21200 208412 17 749
21220 207291 17 749
21239 207540 17 739
21260 207844 18 790
21280 208676 18 787
21302 208106 19 766
21331 208795 26 751
21352 209279 18 760
21373 209640 18 798
21393 208493 18 769
21415 207806 18 780
21436 209216 18 808
21455 207560 16 737
21475 207806 17 759
21495 207663 17 757
21525 208787 26 760
21545 208542 17 729
21565 208621 17 754
21585 208865 17 760
21605 208892 17 760
21625 207877 17 757
21645 208923 18 788
21665 207932 17 764
21685 207252 17 749
21708 208514 19 773
21735 209297 24 769
21756 209300 18 801
21777 208292 18 763
21797 209027 17 750
21818 207353 18 768
21838 207966 17 739
21859 208037 17 760
21878 208449 17 745
21898 208703 17 757
21925 207980 24 776
21948 208030 18 735
21968 208406 17 739
21988 208621 17 744
22009 209945 18 800
22029 208585 17 764
22049 207973 17 740
22069 208634 17 751
22090 209123 18 793
22112 209400 19 746
22138 208211 23 763
22158 208059 17 729
22180 209343 18 813
22199 208953 16 723
22219 207557 17 753
22239 209065 17 769
22259 208572 17 753
22279 208781 17 771
22300 207272 18 775
22322 208590 19 750
22346 206872 20 728
22366 208237 17 729
22386 208633 17 749
22407 208244 17 759
22427 208170 17 756
22446 207432 17 741
22466 208536 17 741
22486 207914 17 749
22505 209025 17 742
22530 208818 22 768
22555 207741 21 758
22576 208892 18 785
22596 207734 17 746
22615 207540 17 733
22635 208540 17 753
22655 208707 17 754
22675 207927 17 775
22695 208859 17 736
22716 208638 18 749
22748 208235 27 758
22769 209336 18 784
22790 207628 18 780
22810 207966 17 749
22830 208038 17 747
22851 209286 18 775
22871 208827 17 754
22891 209480 18 800
22911 207765 17 749
22939 207486 24 763
22962 207788 19 720
22983 206966 18 752
23004 208712 18 788
23024 207883 17 754
23045 208299 17 765
23064 208067 17 733
23084 207357 17 719
23105 208263 18 770
23127 208653 19 765
23153 207462 23 733
23174 208539 18 765
23193 207495 16 722
23214 208414 18 784
23234 208255 17 755
23255 209022 17 761
23275 208228 18 796
23296 208584 18 792
23316 207735 17 767
23344 208637 25 763
23367 207614 18 739
23388 207710 18 743
23409 208373 18 769
23429 207094 17 745
23449 207237 17 744
23469 208671 17 776
23488 208169 16 711
23508 207576 18 754
23531 208604 20 790
23556 207815 22 742
23576 207261 17 749
23596 207881 18 753
23617 207982 18 762
23638 208466 18 761
23658 208006 18 760
23678 209502 17 771
23699 208726 18 775
23720 208500 18 771
23743 207580 20 756
23768 208990 23 768
23789 207968 18 758
23810 207478 18 770
23831 207500 18 772
23851 208381 17 759
23871 207739 17 753
23891 208687 18 791
23911 207160 17 741
23931 207465 17 765
23961 208934 26 740
23985 208438 19 778
24006 208716 17 757
24026 208178 17 768
24046 207498 17 758
24066 208879 18 765
24087 208410 18 764
24107 208471 17 747
24126 208306 16 722
24149 208273 19 786
24173 207144 22 716
24194 208739 18 792
24214 207583 16 734
24234 207880 17 761
24255 209418 18 797
24275 208529 17 754
24295 208243 17 753
24314 208059 17 742
24335 208556 18 799
24362 207971 24 756
24383 208687 18 760
24404 208152 18 740
24424 208899 17 745
24444 208760 17 745
24464 208504 18 780
24483 208289 16 729
24503 208262 17 759
24524 208641 18 786
24545 209079 18 757
24573 207788 24 755
24593 208633 17 745
24613 207442 17 735
24634 208844 17 765
24653 207650 17 719
24674 208192 18 753
24694 208065 17 748
24714 208120 17 744
24733 208252 17 735
24755 207151 19 744
24783 207847 24 773
24804 207972 18 792
24825 209027 18 773
24845 208088 17 753
24865 207479 17 747
24884 208279 17 762
24904 208128 17 762
24924 208005 17 757
24944 207964 16 727
24969 207996 23 736
24998 209551 25 753
25023 208171 22 807
25043 207607 17 749
25064 208603 18 773
25084 208705 17 748
25105 207954 18 777
25124 208193 17 747
25144 208679 17 777
25167 208692 20 741
25194 208290 22 750
25218 207190 21 753
25238 208128 17 747
25259 208448 18 787
25280 208958 18 788
25300 209048 17 756
25321 207857 17 744
25341 207635 17 758
25363 207988 20 752
25392 208565 26 774
25413 208120 18 780
25434 208680 18 736
25455 208349 18 780
25476 209096 17 761
25496 208404 18 744
25517 209278 18 764
25537 208067 17 743
25558 208804 18 746
25585 207916 24 742
25607 208585 18 774
25628 208919 18 779
25650 209129 18 788
25670 208963 17 717
25690 207642 18 790
25710 208469 17 727
25730 207134 17 730
25750 209296 18 766
25773 208151 20 779
25799 208481 23 765
25819 208238 17 729
25839 208823 18 760
25860 207951 17 758
25880 208991 18 776
25900 208368 17 747
25921 209713 18 803
25942 209275 18 781
25962 207501 17 734
25990 207312 24 783
26011 208593 17 760
26031 207591 17 733
26050 207556 17 737
26071 207962 18 782
26091 208561 17 743
26112 209656 18 785
26132 207780 17 756
26152 207880 17 740
26174 207185 20 787
26201 208314 24 759
26222 208826 18 779
26243 208949 18 782
26263 207567 17 729
26284 207948 18 770
26304 207656 17 758
26324 208735 17 756
26344 208676 17 750
26364 208169 17 757
26391 208873 24 782
26414 208934 19 767
26435 208350 18 773
26455 208585 17 738
26476 208841 18 784
26497 207404 18 759
26517 208278 17 748
26536 207986 16 727
26555 208675 16 729
26576 208792 18 770
26605 208181 25 736
26629 208449 20 744
26650 208580 18 755
26671 208464 17 751
26691 208176 17 739
26710 208620 17 745
26730 208943 17 758
26750 207847 17 732
26770 208908 18 784
26796 208765 23 769
26820 207818 19 753
26840 207055 17 729
26860 208590 18 776
26879 208267 16 730
26899 206927 17 741
26919 208659 17 727
26938 208714 17 747
26959 208606 18 774
26980 208222 18 790
27009 208759 25 765
27029 208348 17 755
27050 209346 18 779
27070 208788 17 753
27091 208318 18 765
27111 206939 17 752
27131 207591 18 780
27152 209248 18 772
27171 207067 16 726
27193 207804 19 754
27220 208286 24 760
27240 207646 17 744
27261 209538 18 761
27281 208521 18 767
27300 207597 16 718
27321 208954 17 768
27341 207791 18 776
27362 208450 18 767
27383 208629 18 793
27413 207733 28 795
27441 208530 22 731
27466 209127 22 777
27487 207764 18 760
27508 207134 18 742
27528 208043 17 738
27547 207431 16 725
27567 207631 17 756
27587 207708 17 746
27615 207803 25 745
27637 209197 18 753
27657 207517 17 749
27677 207704 17 755
27696 207995 16 725
27716 208053 17 762
27737 209015 18 797
27758 208868 18 792
27779 209685 18 747
27802 209224 20 794
27829 209059 25 786
27850 208690 18 752
27870 208083 17 739
27890 209169 17 753
27911 208705 18 762
27931 208657 17 753
27951 207789 17 740
27970 207975 17 728
27990 208333 17 734
28017 208973 24 771
28041 208099 21 761
28061 209046 17 731
28082 208432 18 763
28103 208025 18 778
28123 208541 17 773
28143 208571 17 774
28164 209304 18 795
28183 207139 16 713
28205 209382 19 755
28229 206563 21 708
28250 208506 18 760
28271 208523 18 753
28291 208478 18 783
28311 208257 17 754
28331 207566 17 731
28351 208099 18 759
28372 207664 17 752
28391 207237 17 737
28414 207644 20 766
28441 208630 24 792
28462 208803 17 755
28482 207961 17 748
28503 208473 18 795
28522 207831 17 752
28542 208868 17 756
28562 208151 17 747
28582 208024 17 761
28602 208574 18 786
28627 208152 21 764
28650 208803 19 772
28671 208833 18 772
28692 208560 18 776
28712 207703 17 743
28731 206376 16 722
28751 207022 17 752
28772 209670 18 793
28792 207473 17 751
28813 207604 18 723
28838 207481 22 758
28860 209418 18 801
28881 208598 18 794
28902 208732 19 795
28923 208903 17 751
28944 209124 18 787
28963 208423 16 714
28983 207584 17 764
29003 208103 17 752
29025 208843 19 750
29050 208394 21 738
29073 209674 19 807
29093 208845 18 764
29114 208662 18 770
29134 207267 17 733
29155 208733 18 756
29176 208367 18 785
29197 208021 18 754
29219 208339 19 745
29255 208243 31 746
29275 207601 17 755
29296 208759 18 815
29316 209062 17 772
29337 208605 18 786
29356 207702 16 726
29376 207760 17 750
29396 207355 17 751
29416 208712 18 772
29444 208823 24 796
29465 208296 18 773
29485 208241 18 771
29506 208293 18 768
29525 207583 16 731
29546 208400 18 766
29566 208382 18 760
29587 208498 18 772
29607 207197 16 729
29629 207310 19 769
29654 208480 22 760
29675 208057 18 749
29695 208100 17 738
29714 207728 16 719
29734 207448 17 751
29755 208628 18 778
29775 206491 18 717
29795 208251 17 756
29816 208145 18 791
29838 209043 19 764
29863 208475 21 762
29884 207114 18 780
29904 208409 17 754
29923 207667 17 733
29943 208213 17 764
29963 208205 17 742
29983 208978 17 753
30002 208024 16 728
30023 208613 18 781
30049 207924 23 772
30074 208880 20 757
30094 207255 17 735
30115 208095 18 790
30136 207919 17 755
30156 208545 17 757
30177 209156 18 781
30197 207721 17 755
30217 208524 17 753
30238 209083 18 731
30266 207665 25 778
30286 208010 18 795
30306 207316 17 734
30326 207821 17 748
30347 207998 18 773
30367 209414 17 768
30387 208499 16 733
30407 208588 18 788
30427 209580 17 751
30452 208422 22 753
30484 208977 27 810
30504 207137 18 753
30525 209145 18 764
30545 208474 17 756
30566 209231 18 800
30587 208664 18 775
30607 208601 17 747
30627 207856 17 735
30652 208014 22 746
30677 208886 21 749
30698 208749 18 764
30719 208443 18 781
30740 207198 18 764
30760 207583 17 743
30780 206950 17 745
30802 208711 19 823
30822 208296 17 762
30843 208237 18 746
30871 208426 25 754
30890 207677 16 709
30911 208712 18 779
30932 209367 18 782
30952 207796 17 757
30973 209138 18 789
30993 208620 17 766
31013 208524 17 768
31032 208255 17 737
31054 208186 19 743
31081 207825 24 765
31102 207852 18 748
31122 207558 18 770
31143 207933 18 772
31163 209345 17 764
31184 207798 17 761
31204 209014 18 762
31225 207748 18 774
31245 207956 17 703
31273 208050 24 742
31293 206700 17 714
31314 209084 18 792
31334 209126 17 775
31354 208478 17 760
31373 208339 17 744
31393 207504 17 756
31414 208741 18 774
31434 208425 17 738
31456 209259 19 776
31484 209166 25 796
31505 209074 18 754
31527 207754 19 793
31546 208708 17 755
31567 208355 17 756
31587 208412 17 755
31608 208684 18 787
31629 209038 18 781
31649 209345 17 759
31675 207527 23 751
31698 207785 18 740
31718 208101 17 741
31738 209277 18 787
31759 208702 17 773
31778 208731 17 759
31798 207458 16 728
31816 207517 16 711
31836 207698 17 751
31857 207884 18 743
31887 207131 27 755
31908 208022 17 763
31929 206922 18 762
31949 207679 17 746
31969 208244 17 769
31989 207240 17 751
32009 207586 17 739
32029 208423 17 745
32049 208798 18 772
32071 209323 19 745
32097 207215 23 716
32118 208162 17 753
32138 207582 18 744
32159 208775 17 735
32179 208587 18 750
32199 207941 17 743
32219 208674 17 756
32240 209008 18 777
32259 208150 17 738
32287 207828 24 744
32309 209325 19 757
32330 208215 17 746
32349 207494 16 715
32369 208894 18 775
32390 208737 17 766
32409 208162 17 744
32430 209106 18 782
32449 207565 17 741
32471 208928 19 720
32499 208453 25 748
32521 208700 19 805
32543 207427 19 790
32563 208868 18 765
32582 207198 16 720
32603 208047 18 756
32623 207822 17 743
32643 209712 17 749
32663 207784 17 739
32690 208055 25 745
32717 208493 22 765
32745 209060 24 807
32766 208421 19 756
32786 207767 17 735
32807 208829 18 743
32827 207416 17 733
32847 208818 18 778
32868 208134 17 779
32894 207346 23 752
32915 208335 18 746
32942 208247 23 774
32963 208307 19 803
32984 209346 18 783
33004 208731 17 740
33024 208116 18 781
33045 208822 18 774
33065 207868 18 773
33089 209326 21 778
33116 207415 21 761
33137 208625 17 746
33157 207580 17 728
33177 208308 18 773
33197 208364 17 753
33216 208895 16 722
33236 208302 17 772
33256 208390 17 746
33275 208904 16 725
33303 208056 24 772
33324 208185 17 731
33344 206814 17 736
33365 207526 17 743
33386 208504 18 775
33406 208119 17 750
33426 207143 17 729
33451 207720 22 784
33472 209861 18 772
33495 208691 21 764
33523 207872 23 758
33544 209409 18 754
33565 208230 18 798
33585 207691 17 762
33605 207675 17 759
33625 208376 17 760
33645 209168 17 772
33667 208879 19 788
33690 207713 20 760
33716 208098 23 755
33735 208768 17 735
33755 208107 17 753
33776 208554 18 782
33796 208773 17 768
33816 208956 17 744
33837 208634 18 765
33857 207995 17 752
33878 208253 18 781
33900 208668 20 764
33928 208775 23 775
33949 208519 19 796
33970 208942 18 792
33989 206877 16 719
34010 208500 18 798
34030 209009 17 758
34049 208992 16 734
34069 208209 17 736
34088 207983 16 721
34115 208243 24 761
34136 208961 17 755
34157 207908 18 757
34216 207550 18 781
34237 209073 18 776
34257 208078 17 743
34277 207621 17 740
34300 208249 20 789
34332 208239 29 758
34352 206382 17 722
34372 209186 18 759
34393 208765 17 763
34412 207589 17 743
34432 208944 17 752
34453 209168 18 813
34473 208808 17 751
34494 208304 18 778
34522 207575 25 732
34543 208546 18 761
34563 207309 17 721
34583 207980 18 754
34605 209477 18 794
34626 208373 18 775
34646 208604 17 742
34666 208064 17 737
34688 208185 19 794
34710 208389 19 748
34735 208543 23 746
34756 208426 18 761
34778 208612 19 784
34797 208616 17 740
34819 208403 19 815
34839 207363 18 757
34859 208286 17 740
34880 208280 18 786
34900 208257 17 750
34926 207362 23 751
34949 208351 18 732
34970 207555 18 774
34989 207579 17 740
35010 208617 18 769
35028 207425 16 704
35049 207807 17 755
35069 208199 18 777
35089 208658 17 770
35113 207840 21 788
35138 206781 23 703
35160 207020 18 735
35179 208559 17 736
35199 208488 17 751
35219 207769 17 741
35240 207705 18 763
35260 208234 17 740
35281 209239 18 762
35301 208123 17 749
35324 208480 20 775
35350 209109 20 763
35370 206808 17 741
35390 209779 17 765
35410 207999 18 773
35430 208276 16 733
35450 209590 18 774
35470 209299 17 770
35489 208196 16 726
35510 208171 18 777
35540 209150 26 776
35560 208901 18 773
35582 208968 18 783
35601 208570 17 727
35622 208215 18 757
35643 207547 18 779
35664 208615 18 784
35684 208052 18 767
35704 208163 17 762
35727 208188 20 763
35759 207782 28 795
35779 207875 17 746
35801 208655 18 802
35822 207095 18 761
35842 209521 18 768
35862 208868 17 740
35884 209213 18 813
35904 208252 18 762
35927 207626 20 763
35954 208880 24 773
35975 207850 17 758
35995 208149 17 761
36015 208569 17 761
36035 208478 17 767
36055 208489 17 764
36076 207683 18 790
36095 208039 17 747
36116 208643 17 769
36140 208453 21 755
36164 207141 19 743
36185 208174 19 793
36205 210175 17 761
36225 208189 17 749
36245 208598 17 739
36264 207670 17 749
36284 208519 17 748
36303 207739 16 720
36323 208455 17 757
36349 207907 23 771
36370 210727 18 767
36391 208035 18 759
36412 208776 17 765
36433 208710 19 817
36453 208232 17 743
36474 208458 18 801
36494 208590 17 779
36514 207710 17 744
36536 208421 19 745
36562 208692 23 789
36582 208158 17 730
36602 208699 17 750
36623 207916 18 769
36644 208570 19 799
36665 207821 17 763
36685 208814 18 762
36706 208041 17 750
36726 208866 17 747
36752 208834 24 757
36775 208283 18 745
36795 208365 18 771
36815 206782 16 721
36835 208100 18 770
36855 207373 17 759
36875 208533 17 772
36895 208428 17 765
36916 208328 18 797
36939 208529 20 746
36969 208967 27 765
36989 207626 16 717
37009 208443 18 761
37029 208651 17 758
37050 209097 18 811
37071 208511 17 766
37089 207303 16 706
37110 207965 18 790
37131 209095 18 767
37156 207583 23 724
37180 207056 19 752
37200 208071 17 758
37220 207985 17 740
37240 209141 17 779
37260 208711 18 766
37280 209084 17 748
37300 206567 17 744
37319 208523 17 751
37342 208181 19 782
37371 208420 25 771
37391 208708 17 737
37412 209054 18 774
37432 209165 17 745
37452 207867 17 750
37472 207444 17 764
37492 208124 17 733
37512 208171 17 745
37532 208001 17 769
37555 207984 19 749
37582 207811 24 730
37601 208410 17 733
37621 207476 17 730
37641 209430 17 768
37661 208314 17 730
37681 208466 17 748
37701 208406 18 753
37723 209311 19 795
37745 208529 19 810
37773 208711 24 766
37794 208403 17 760
37815 209418 19 795
37837 208226 18 777
37857 208328 17 731
37877 207795 17 757
37897 208727 17 767
37921 208344 21 758
37942 207653 18 770
37964 208339 19 749
37990 207738 21 748
38010 207966 17 750
38031 208158 18 759
38050 206122 16 724
38070 207932 17 753
38091 208762 18 793
38112 208364 18 775
38132 208545 18 755
38153 207361 18 743
38182 208496 24 787
38203 207928 18 742
38223 208271 17 769
38243 207613 17 745
38262 208559 17 760
38283 208721 17 763
38303 208175 17 742
38323 208056 17 749
38343 207497 17 770
38366 208014 20 759
38396 208940 28 764
38418 209025 19 790
38438 208208 17 736
38458 208203 17 750
38479 207301 17 746
38499 208524 18 761
38520 208388 18 755
38539 208718 17 736
38561 208194 19 772
38587 208939 22 754
38609 207870 18 792
38629 207790 17 755
38649 209120 17 754
38669 208842 17 761
38689 208416 17 743
38707 208741 16 711
38727 208748 17 762
38748 208481 18 785
38771 207716 20 740
38796 208406 23 738
38817 210306 18 796
38838 208364 18 773
38857 207108 17 754
38876 207014 16 711
38897 207821 17 768
38917 208198 17 753
38937 208097 17 778
38957 208144 17 749
38979 207927 19 746
39005 208648 22 777
39025 207317 17 724
39045 208136 18 779
39066 209311 18 781
39085 208771 17 739
39106 209123 18 786
39126 208375 17 764
39146 207814 18 781
39166 208654 17 752
39193 208076 24 767
39216 209019 19 779
39235 207436 17 742
39255 208764 17 739
39276 208136 18 792
39297 208581 18 786
39317 207925 18 751
39339 208555 19 797
39359 207555 17 754
39381 207997 19 756
39407 207687 23 758
39428 208296 18 771
39449 209725 18 768
39469 207767 17 763
39489 208693 18 777
39510 208907 17 771
39529 208644 16 726
39549 208127 17 745
39569 207901 18 792
39596 207848 24 734
39624 207868 23 774
39645 208657 18 763
39666 208664 18 768
39687 209144 18 770
39706 208092 16 727
39727 207245 17 768
39746 208491 17 737
39766 207606 17 747
39789 207090 20 736
39815 207746 23 749
39837 208542 19 793
39858 207603 18 745
39878 206934 17 745
39899 209311 18 800
39919 207756 18 754
39940 208535 18 756
39960 208619 17 761
39980 207755 17 753
40008 207065 24 742
40028 207889 17 745
40049 208639 18 776
40070 207957 18 776
40090 208534 18 779
40111 206774 17 756
40131 209404 18 777
40152 207679 18 778
40172 208654 17 759
40197 209329 22 801
40224 207645 22 758
40245 208988 18 770
40269 208541 20 741
40290 208632 18 752
40309 206858 17 723
40329 208233 17 765
40350 207865 18 771
40370 208338 17 749
40392 207359 19 768
40418 208761 23 767
40442 208874 21 736
40462 207521 18 751
40483 208627 18 767
40503 208127 17 770
40523 208040 17 737
40543 207930 17 747
40563 207976 18 776
40583 207741 17 742
40606 208881 20 765
40633 208817 22 791
40653 208623 17 746
40674 208406 18 779
40694 209058 18 774
40715 207537 18 756
40736 208030 18 755
40756 208421 18 770
40783 208479 24 785
40805 208742 20 766
40830 208346 22 748
40850 207039 17 724
40871 208634 18 762
40891 206368 17 718
40911 208738 17 753
40930 208762 17 748
40951 207825 18 774
40971 208535 17 771
40991 209171 17 754
41028 208237 34 779
41049 207877 18 762
41069 208655 17 763
41090 208033 18 763
41110 207876 17 721
41131 208188 18 765
41152 206731 18 759
41172 208194 17 771
41192 207425 17 731
41214 206803 19 717
41239 208328 21 768
41259 209255 18 755
41280 208054 17 759
41300 209117 17 741
41320 206932 17 737
41340 208163 17 729
41360 208067 17 749
41380 208351 17 763
41399 207994 16 735
41425 208185 23 778
41447 206976 18 728
41468 208525 18 798
41490 208972 18 797
41510 208147 17 762
41531 208075 18 784
41551 208075 17 743
41571 207664 18 771
41591 206911 17 742
41614 207677 20 737
41640 207513 24 766
41661 207276 18 750
41683 207630 19 793
41703 208114 17 756
41723 207355 17 748
41743 207223 17 738
41763 208116 17 748
41783 208688 17 762
41802 208017 17 745
41826 208194 21 740
41850 208308 18 745
41871 208891 18 781
41891 208309 18 803
41911 208268 17 749
41932 208637 18 773
41952 208230 17 759
41973 208352 18 785
41994 208473 18 789
42016 207260 19 769
42041 208383 22 724
42062 208039 18 780
42081 208701 17 718
42101 209248 17 743
42121 209262 17 743
42141 208733 17 746
42162 207962 18 780
42182 207936 17 734
42202 207629 17 755
42226 208120 21 772
42252 208186 23 727
42272 208817 18 776
42293 207725 18 765
42314 208024 18 788
42334 208942 17 754
42355 208369 17 762
42374 206780 16 730
42394 208511 17 747
42415 208082 18 766
42445 208410 27 760
42467 207775 19 743
42488 209262 18 787
42508 208726 17 755
42527 208406 17 734
42547 208552 17 759
42567 208392 17 754
42588 209265 18 817
42609 208343 18 793
42631 207964 19 764
42655 208725 21 736
42676 209498 18 754
42697 207846 18 782
42717 208058 17 760
42738 209422 18 788
42758 208230 17 749
42779 208202 18 760
42799 207747 17 754
42820 208519 18 791
42845 208802 22 763
42867 208306 17 737
42887 208387 17 748
42907 208638 17 742
42928 208617 18 801
42948 207280 17 749
42967 207777 17 741
42987 208166 16 721
43006 207759 17 747
43026 208361 17 754
43054 206935 24 743
43075 208353 17 757
43096 208846 18 789
43117 207631 18 797
43138 209057 18 807
43157 208021 16 730
43177 208214 17 772
43197 208726 17 733
43217 208845 18 784
43240 207431 20 753
43266 208064 23 777
43288 208744 19 781
43307 208152 17 736
43328 208609 17 763
43348 209403 18 779
43368 208650 17 761
43387 208338 16 724
43407 208144 17 749
43427 207583 18 753
43450 207096 20 744
43477 208416 21 778
43496 207662 17 734
43516 206963 17 750
43536 207907 17 746
43556 208359 17 764
43577 208414 18 785
43596 208245 17 747
43616 208466 17 754
43636 208133 17 741
43665 208025 25 743
43689 207274 20 750
43709 207418 17 735
43729 208694 17 756
43749 207285 17 729
43769 208066 17 762
43788 208171 16 728
43808 207671 17 755
43828 209774 17 770
43851 208351 21 761
43876 207890 22 750
43897 208601 18 783
43917 207702 18 774
43937 208064 17 754
43957 207027 17 733
43976 207171 17 745
43997 208525 18 764
44017 208744 17 734
44038 208350 18 780
44063 207120 21 746
44087 208270 19 766
44107 207814 17 740
44128 209157 18 784
44148 207823 17 752
44169 208226 17 754
44189 208274 17 756
44209 208807 17 766
44230 207584 18 771
44252 208444 20 723
44278 208896 22 790
44299 208255 18 762
44320 208067 19 771
44340 206680 17 746
44361 208845 18 800
44382 207813 17 763
44403 208636 18 787
44423 207385 17 742
44444 208276 18 774
44467 208126 21 772
44492 208637 20 756
44512 208189 17 738
44531 207821 17 739
44552 208464 18 780
44572 208175 17 770
44592 209033 17 765
44612 208244 17 772
44632 208589 17 735
44652 207361 17 755
44680 208994 24 776
44700 208288 17 752
44721 208934 18 776
44741 208997 17 772
44762 208464 18 773
44782 208206 18 771
44803 208242 18 784
44822 207490 17 740
44843 207560 17 777
44865 209097 19 754
44889 209036 22 734
44910 208735 18 755
44930 208108 17 734
44951 208822 18 789
44970 207661 16 698
44990 207829 17 773
45010 208740 17 763
45030 208725 17 752
45049 208253 16 712
45071 208559 20 751
45099 208370 24 761
45120 207951 18 775
45139 207268 16 721
45159 209057 17 758
45179 208270 17 750
45199 209173 18 773
45219 208107 16 725
45238 208207 16 734
45258 207290 17 749
45284 208543 23 728
45305 208589 17 745
45325 208027 17 770
45345 208239 17 766
45365 208410 17 751
45385 208500 17 753
45405 208522 17 733
45424 207641 17 745
45446 209290 19 813
45468 207475 19 749
45496 207345 24 755
45516 208826 17 741
45536 207566 17 739
45557 207498 18 790
45577 209017 17 767
45597 208511 17 749
45618 207867 17 747
45638 209440 18 774
45658 208354 17 746
45682 208050 21 764
45710 209147 25 788
45730 208014 17 726
45752 208595 19 787
45773 208306 18 767
45793 208045 17 754
45813 208233 16 716
45833 207860 17 733
45853 206917 18 756
45876 209165 20 765
45901 209044 23 769
45922 209095 17 767
45942 207930 17 766
45961 207409 16 723
45980 208535 16 723
46001 209407 18 772
46022 208541 18 799
46042 207668 17 731
46064 207999 18 780
46086 208463 20 761
46112 208586 23 755
46133 208699 18 777
46154 208013 18 748
46174 207004 17 735
46193 208373 17 731
46212 208255 17 744
46232 207260 17 747
46252 208485 17 732
46271 207181 16 735
46304 209315 30 795
46328 208139 20 751
46349 208721 18 763
46370 208716 18 751
46389 207882 16 704
46410 207624 18 749
46430 207532 18 764
46451 208249 17 772
46470 207806 16 730
46492 206697 19 718
46516 208263 22 740
46537 207475 17 753
46558 208914 18 765
46578 208946 17 768
46598 208197 17 749
46618 207779 17 752
46638 208042 17 775
46658 208576 17 753
46678 207810 18 782
46703 208149 22 706
46729 208309 20 767
46749 207300 17 754
46769 208220 17 747
46790 209440 18 776
46811 209340 18 781
46831 208097 17 741
46851 208428 17 753
46871 207107 17 743
46894 208070 20 782
46919 208334 23 788
46941 208281 19 778
46962 209379 18 788
46981 207571 16 717
47001 207969 17 741
47020 207156 16 721
47039 207465 16 718
47058 207538 17 756
47079 208385 17 761
47102 207999 21 788
47129 207389 24 745
47149 208490 17 744
47169 209194 17 740
47190 208608 18 779
47209 207279 17 743
47229 208683 17 754
47249 208360 17 746
47269 208942 17 768
47289 208214 17 753
47314 208066 22 751
47336 208915 18 749
47358 209163 19 793
47379 209089 18 792
47399 208818 17 751
47418 209079 17 740
47438 207794 17 737
47457 207164 17 738
47478 207824 17 768
47498 207987 17 726
47529 208841 28 782
47551 208640 18 762
47571 207856 17 730
47591 208633 18 767
47611 208472 17 738
47632 207714 18 782
47653 208490 18 765
47672 208038 16 712
47692 208032 17 773
47720 208471 25 731
47746 208999 22 782
47769 208510 19 728
47789 208244 17 742
47809 206870 17 742
47830 208427 18 764
47851 208113 18 754
47872 208859 18 793
47892 208365 17 772
47916 208714 20 801
47941 208068 22 758
47966 207101 22 762
47986 208446 18 751
48007 208654 17 743
48028 208244 18 767
48048 208807 17 765
48068 208587 17 749
48087 207277 17 748
48109 208098 19 750
48136 207132 24 765
48156 208961 17 753
48176 208131 17 730
48197 208966 18 781
48217 207889 17 745
48237 207586 17 769
48258 208431 18 761
48278 208968 18 758
48299 208931 18 780
48321 208959 19 756
48348 208846 24 748
48369 208392 17 761
48389 207820 17 743
48408 207779 16 715
48428 208641 18 782
48449 209408 18 768
48470 209089 18 785
48490 208085 17 747
48511 207524 18 776
48538 209149 23 746
48557 207307 16 711
48578 208377 17 738
48598 207859 17 735
48618 207673 18 761
48639 208906 18 777
48659 208411 18 772
48680 208678 17 753
48701 208436 18 800
48723 208392 20 740
48748 208466 22 758
48770 209202 19 815
48791 207229 18 771
48811 207598 18 767
48832 207712 17 759
48852 207043 17 743
48872 207161 17 755
48891 207633 17 750
48911 208446 17 748
48939 208719 25 778
48964 207841 21 766
48985 208495 18 776
49005 207429 17 741
49025 207510 17 749
49045 209227 17 755
49066 207906 17 757
49086 208590 18 783
49107 207011 17 748
49128 207698 19 723
49154 208187 23 782
49177 209362 19 791
49198 208235 18 770
49218 207749 17 755
49238 208761 17 736
49258 208244 18 770
49278 208177 17 731
49299 208233 18 788
49320 209107 18 784
49345 208059 22 755
49368 207903 19 765
49389 208582 18 767
49410 207575 17 769
49429 207816 17 755
49449 208281 17 746
49469 207438 17 741
49489 208305 17 764
49508 208184 17 732
49529 207165 18 739
49557 208087 23 767
49577 208052 17 768
49597 208092 17 746
49618 208272 18 797
49638 208176 17 763
49659 208193 18 797
49680 208421 18 792
49700 208564 17 751
49720 208425 17 763
49743 209270 20 796
49769 208295 23 765
49790 208918 18 767
49810 208714 18 758
49831 208076 18 769
49851 208243 17 741
49872 209208 18 776
49892 206725 17 720
49912 206973 17 751
49932 207622 17 740
49960 207545 24 745
49982 208329 18 806
50002 207601 17 767
50022 208898 17 743
50041 208206 17 738
50061 207746 17 747
50080 207933 17 748
50100 208341 17 733
50121 208620 18 766
50146 208341 23 778
50184 208310 35 745
50207 208797 19 780
50230 207583 20 729
50251 207811 17 743
50271 207090 18 759
50292 207971 18 765
50311 208841 17 730
50332 208208 17 760
50354 207759 20 766
50380 208229 20 752
50400 207417 17 740
50421 207787 18 770
50440 208180 16 724
50459 207397 16 725
50479 208775 17 754
50498 207580 16 715
50519 208244 17 765
50540 208210 17 771
50566 207930 23 741
50586 207325 17 723
50606 207509 17 737
50627 208330 18 776
50648 208208 18 772
50669 208132 18 788
50690 209363 18 772
50711 207712 18 756
50731 208959 17 738
50753 207980 19 757
50781 208520 26 761
50801 208511 17 753
50821 208884 17 756
50842 209451 18 769
50863 208472 18 763
50883 207719 17 739
50904 208570 18 777
50925 207162 18 789
50945 208109 17 739
50970 207738 22 758
50993 208331 18 754
51013 208316 18 774
51033 208005 17 733
51054 207801 18 799
51074 208574 18 786
51094 208482 17 736
51113 207885 17 741
51133 208387 17 748
51155 209445 20 802
51183 207804 24 729
51204 207194 18 757
51225 207777 18 765
51245 207748 17 741
51266 208276 18 765
51286 207777 17 752
51306 208839 17 735
51327 208902 18 792
51348 209104 18 778
51372 209462 20 784
51398 209605 22 745
51418 207444 17 735
51439 208589 18 752
51460 208539 18 775
51480 208688 18 752
51500 208308 17 750
51520 208596 17 743
51540 208957 17 729
51561 207545 18 737
51594 207926 29 740
51614 207063 18 734
51635 207866 18 760
51656 208052 18 765
51676 208140 17 745
51697 207963 18 765
51717 208982 17 757
51737 207788 17 732
51757 207377 17 734
51783 207575 23 750
51806 208051 19 782
51827 208422 18 777
51848 208072 18 775
51868 207900 18 759
51889 208823 17 775
51908 207830 16 731
51928 208632 17 763
51948 208385 17 747
51971 207889 20 761
51996 207942 22 755
52018 209227 19 806
52039 208108 18 782
52058 206394 17 737
52078 207935 17 776
52098 208400 17 745
52118 208452 17 770
52138 207945 17 741
52157 207930 16 722
52179 209196 19 759
52204 207572 23 748
52224 207845 16 732
52244 208974 17 766
52264 208506 17 758
52284 208899 17 765
52303 207600 16 722
52323 208032 17 767
52345 207998 18 799
52366 209641 19 795
52393 207811 24 754
52416 208293 19 770
52437 208063 17 741
52457 209459 18 772
52479 208526 18 798
52500 207768 17 749
52520 208125 17 764
52541 208233 17 762
52561 208943 17 772
52583 208819 19 768
52609 208094 23 765
52629 208291 17 732
52650 208998 18 778
52670 208794 17 738
52691 208614 18 764
52710 208053 17 735
52730 209587 17 775
52751 207713 17 764
52771 208023 17 746
52794 208851 20 774
52823 208087 22 764
52844 209299 19 788
52865 207952 17 748
52886 209136 18 785
52907 207886 18 789
52927 208280 17 728
52948 208511 18 761
52967 208936 17 749
52989 207486 19 736
53017 207749 24 741
53037 207751 17 754
53058 207902 18 793
53078 207474 17 756
53097 208259 16 725
53117 209063 18 767
53138 207466 17 761
53158 208580 17 749
53178 209835 18 792
53204 208794 22 789
53228 208931 20 760
53249 208986 18 775
53270 207386 17 749
53289 208016 17 732
53310 208357 17 755
53330 207744 17 743
53351 208430 18 774
53371 207764 18 767
53394 208072 20 789
53419 208952 22 764
53440 208911 18 782
53462 208592 18 783
53482 208300 17 748
53503 207815 18 767
53524 208722 18 769
53545 209158 18 788
53566 208748 18 777
53586 208692 18 788
53613 207897 23 771
53634 208621 18 764
53655 207916 17 733
53676 209005 18 776
53696 207461 17 751
53716 209280 17 752
53736 209042 18 794
53756 208873 17 755
53777 209259 18 777
53799 208074 20 763
53827 207809 25 724
53847 207738 17 754
53868 208110 17 766
53888 208827 17 762
53908 208321 18 780
53928 208556 17 752
53949 208057 17 767
53970 208714 18 794
53989 207843 17 733
54013 207935 22 762
54040 208933 21 760
54059 207648 16 715
54079 206946 17 735
54099 207877 17 751
54118 209004 17 740
54139 208754 18 770
54159 207818 17 746
54179 207736 17 749
54202 207088 19 765
54237 208994 32 775
54258 208389 17 765
54277 208058 16 728
54297 208345 17 776
54318 207912 18 785
54338 208414 17 755
54359 209140 18 788
54380 208888 18 782
54400 208284 17 746
54429 207379 25 722
54449 207633 17 719
54470 207979 18 778
54490 208020 17 732
54509 207840 17 745
54531 208344 18 803
54551 208408 17 752
54570 208892 17 743
54590 208288 17 757
54612 208562 19 769
54637 207271 22 743
54658 207940 18 766
54679 209369 18 779
54699 206892 17 760
54719 207494 17 747
54739 208430 18 795
54760 208631 18 780
54781 208994 17 763
54801 207938 17 750
54824 208988 20 791
54849 209019 20 759
54870 208544 18 757
54891 208209 17 776
54911 208409 17 747
54930 208580 17 731
54951 209044 18 785
54970 208519 16 737
54990 207315 16 728
55009 209039 17 741
55035 207847 23 734
55059 208752 19 773
55079 208709 17 747
55099 208575 17 748
55120 208902 18 784
55141 208418 18 780
55161 208376 17 757
55181 206954 17 772
55201 207882 17 731
55224 208739 21 784
55249 208138 22 748
55270 207725 18 758
55291 208413 18 772
55312 207434 18 756
55333 208265 18 781
55353 208372 17 746
55374 209291 18 790
55393 208254 17 735
55413 207275 17 740
55440 208413 24 746
55474 207886 28 735
55498 208235 21 752
55519 208346 18 773
55539 208394 17 738
55560 209639 18 775
55581 208753 18 797
55600 209204 17 754
55622 208644 19 774
55650 208190 24 767
55674 207880 20 728
55696 208865 19 761
55716 207981 17 728
55737 208523 18 779
55757 207334 18 762
55778 208190 18 776
55798 207928 17 771
55818 208581 16 731
55841 208784 21 757
55865 206903 19 737
55886 207887 18 764
55907 208683 18 781
55927 209147 17 777
55947 208340 17 748
55968 207489 18 764
55990 208714 18 786
56010 209604 17 738
56030 208183 17 733
56056 208444 22 743
56077 208195 18 780
56096 207042 17 712
56116 207979 17 744
56136 207438 17 759
56156 207978 17 750
56177 208871 18 800
56198 208054 18 807
56218 208082 17 743
56241 208002 20 745
56265 208121 22 739
56286 207539 18 770
56306 208338 17 770
56327 208794 18 776
56348 208911 18 783
56368 208670 17 748
56388 209082 18 789
56409 208383 18 768
56429 208289 17 735
56458 208112 26 782
56478 208851 17 740
56499 207959 18 736
56519 208489 17 752
56540 208975 17 767
56561 209250 19 790
56582 209162 18 790
56602 208348 17 765
56622 206918 17 742
56644 208728 19 761
56673 207444 26 775
56692 207085 17 716
56712 208771 17 741
56731 206822 16 701
56750 207638 17 734
56771 208400 18 773
56791 207934 18 788
56811 207557 17 768
56831 208563 17 741
56862 207603 28 778
56888 208474 21 752
56909 208944 18 778
56930 207587 17 748
56950 208989 18 772
56970 208870 17 744
56989 208611 17 735
57010 209411 18 784
57030 207445 17 737
57052 208075 20 747
57080 207050 25 745
57101 209181 18 788
57122 208423 18 749
57143 207871 17 764
57163 208730 18 781
57183 208867 17 767
57203 208277 17 749
57223 208409 17 731
57243 208630 18 803
57269 209042 22 766
57291 208720 18 800
57312 209062 18 761
57332 209341 17 748
57353 208733 18 752
57373 208143 18 779
57394 208270 18 773
57414 207867 17 727
57435 209307 18 775
57458 207786 20 778
57483 208938 23 774
57504 208491 17 759
57523 207484 17 742
57544 209604 17 756
57564 207640 17 745
57584 208093 17 748
57603 207224 17 735
57623 208612 17 743
57644 208470 18 794
57666 207179 19 720
57692 208761 23 743
57714 207435 18 775
57733 208967 17 750
57754 207878 18 780
57775 208442 19 786
57795 209244 17 743
57815 208455 18 783
57836 208725 17 770
57856 207503 18 776
57884 208000 23 759
57904 207923 18 762
57925 207895 18 752
57945 208821 18 765
57965 208189 17 733
57985 209366 17 770
58005 209005 17 760
58026 208241 18 769
58047 208878 18 800
58070 209185 20 802
58101 208069 28 756
58123 207841 18 785
58144 208904 18 797
58164 208001 17 754
58184 208890 18 769
58205 209009 18 765
58226 209465 18 785
58248 208270 18 794
58269 207794 18 739
58297 207115 24 772
58317 208088 17 735
58337 208014 17 746
58356 208442 17 727
58376 206932 17 744
58396 209142 17 766
58417 208325 18 777
58438 209085 18 763
58459 209506 18 778
58482 206783 21 749
58506 208691 20 765
58527 209340 18 761
58547 208361 17 755
58568 208711 18 789
58589 208599 18 773
58609 208160 16 732
58628 208415 17 752
58648 207973 17 764
58669 207922 18 759
58697 207780 23 737
58718 207342 18 762
58739 206983 18 760
58759 208678 17 746
58779 208219 17 752
58799 208792 18 779
58818 207476 16 723
58838 208176 17 760
58859 209516 18 780
58880 207444 19 747
58906 208572 22 744
58927 208314 18 744
58948 208557 18 762
58968 208708 18 766
58989 208191 18 783
59009 207910 17 768
59030 208655 18 785
59050 207481 17 774
59071 208832 17 771
59101 208690 27 797
59122 208287 19 800
59144 208674 19 782
59165 208161 18 780
59185 207939 18 778
59205 207719 17 768
59226 208716 17 773
59246 208978 17 758
59266 208219 17 755
59288 209203 19 778
59315 207989 25 753
59336 207961 18 757
59356 208887 18 770
59376 208070 17 736
59397 209321 18 799
59417 208326 17 740
59437 208114 17 742
59457 208480 17 760
59477 208231 17 770
59505 208528 26 756
59529 208321 20 754
59549 207305 17 757
59569 207353 17 738
59590 209288 18 765
59610 207532 17 752
59631 208781 18 783
59653 209453 19 793
59674 208128 17 749
59697 207640 20 754
59723 208934 22 798
59743 207759 17 730
59763 208653 17 738
59784 208435 18 806
59804 207390 17 754
59824 207322 17 749
59844 207589 17 747
59864 208175 17 744
59884 208309 17 747
59910 209168 23 764
59931 208119 18 744
59951 207935 17 748
59972 208041 17 764
59992 208224 18 772
60012 208429 17 763
60033 208069 17 747
60054 208818 18 784
60074 207762 17 752
60095 208394 18 735
60122 207948 23 766
60142 208668 17 749
60163 208804 18 768
60183 207810 17 756
60204 208281 17 755
60223 207644 16 728
60243 208338 17 754
60263 208703 17 769
60283 209471 17 755
60304 209180 19 731
60331 207805 23 764
60351 208133 17 754
60371 209064 17 757
60390 208756 16 716
60411 208590 18 796
60431 207816 17 726
60451 209602 17 756
60470 207345 16 729
60489 208848 17 745
60513 209207 21 783
60540 208140 21 747
60561 208637 19 782
60583 208541 18 801
60604 208152 18 782
60625 208188 18 793
60645 207238 17 767
60665 208251 17 755
60686 208565 18 780
60709 208094 20 741
60740 208187 28 785
60761 207962 18 764
60781 208818 17 752
60802 208212 18 774
60822 209320 18 790
60842 207562 17 741
60862 208621 17 747
60882 208569 17 747
60905 208240 20 789
60936 208169 28 755
60956 207843 17 748
60976 208113 17 748
60997 208286 17 732
61017 208207 17 749
61037 208473 18 780
61058 207480 18 793
61078 208445 17 761
61099 207788 17 765
61123 208275 22 775
61148 207368 20 765
61169 208849 18 772
61189 208516 17 752
61209 207283 17 739
61228 208946 17 744
61250 209633 19 800
61270 208054 17 743
61291 207906 17 753
61313 207896 19 769
61338 206881 22 735
61358 208326 17 744
61379 208032 18 764
61400 207394 18 768
61421 208446 18 770
61441 207909 17 757
61461 209349 17 763
61481 208287 17 752
61501 208671 18 761
61523 207940 19 771
61549 208889 23 751
61570 208425 18 774
61589 208123 17 735
61609 208335 17 752
61630 209682 18 781
61649 208626 16 728
61669 207846 17 725
61689 208084 17 762
61709 208301 17 739
61733 207964 21 775
61758 208783 20 749
61778 208301 18 769
61798 208111 17 749
61818 208193 17 757
61838 208062 17 745
61858 207995 17 757
61877 208574 17 749
61898 208631 17 784
61917 207414 16 732
61945 208316 24 766
61964 207483 17 734
61985 209368 17 760
62005 209549 17 758
62025 208876 17 757
62044 207441 17 745
62064 208079 17 746
62084 207375 17 744
62103 208079 17 754
62126 208722 20 780
62161 208008 30 768
62182 207476 18 772
62203 208872 18 761
62223 208566 18 775
62243 207676 17 746
62263 207522 17 772
62283 207920 17 747
62303 207796 17 751
62324 208960 18 789
62350 208429 22 746
62371 208630 18 744
62392 208883 17 751
62411 208410 16 717
62430 207784 17 749
62451 208437 17 756
62470 207354 17 742
62491 208471 18 783
62511 207890 17 761
62533 208001 20 754
62562 208851 25 758
62582 208214 17 743
62601 207622 17 732
62620 206886 16 721
62640 207722 17 739
62660 207433 17 752
62680 207885 17 756
62700 207562 17 745
62720 208592 17 760
62742 207748 20 790
62771 207488 25 752
62791 208341 17 745
62811 208142 17 725
62832 207768 18 763
62853 208414 19 789
62874 208431 18 754
62894 207202 17 764
62915 208244 17 747
62936 207889 18 748
62968 208114 29 750
62989 207460 18 752
63012 208656 20 742
63033 208330 18 787
63054 207463 18 804
63074 208071 17 769
63094 208018 17 757
63114 208520 17 764
63133 207735 16 721
63162 209060 26 766
63184 208062 19 745
63209 208559 20 768
63229 208851 17 755
63249 207766 17 730
63270 209443 18 775
63290 208414 17 736
63311 208020 18 779
63330 208059 17 736
63352 207244 20 733
63382 208014 27 779
63404 208673 18 777
63425 207976 18 778
63444 207643 17 735
63465 207770 17 756
63484 209079 17 753
63505 208519 18 765
63526 208359 18 767
63549 208593 20 756
63573 208222 21 749
63594 207988 18 745
63615 207964 18 753
63635 207290 18 751
63657 208761 18 773
63677 209668 17 746
63698 209246 18 761
63717 208566 17 733
63738 207871 17 769
63759 208416 19 760
63787 208666 24 778
63808 208416 18 772
63827 207598 16 713
63847 208673 17 775
63867 209065 18 753
63888 208947 18 775
63908 208429 17 741
63928 208403 17 756
63949 208619 18 764
63975 208449 23 757
63997 208689 18 791
64016 206746 17 726
64037 207455 17 763
64056 207067 17 740
64077 209066 18 785
64097 208570 18 791
64117 207598 17 743
64137 208634 17 732
64158 207813 19 737
64184 208829 23 755
64205 208675 18 785
64226 209377 18 772
64246 209253 17 755
64266 208897 17 742
64286 207697 17 777
64306 208794 17 764
64326 208409 17 745
64346 208098 17 744
64367 207730 18 734
64395 209108 25 749
64415 208271 18 755
64437 208707 18 772
64458 208711 18 767
64478 208126 18 760
64499 208395 18 760
64520 209163 18 791
64540 208816 17 756
64561 209701 18 753
64586 208878 22 760
64607 207799 18 779
64628 208830 17 752
64648 208573 18 780
64669 208758 18 786
64689 208223 17 749
64710 208445 18 812
64730 207664 17 746
64751 208510 18 765
64778 208715 24 728
64805 207746 22 739
64826 209034 18 780
64847 208221 17 741
64868 207658 18 784
64888 208145 18 751
64909 207719 17 750
64929 208110 17 748
64950 208661 18 784
64972 208774 20 768
65000 208952 25 742
65020 208407 17 753
65040 208898 17 770
65060 208617 17 767
65080 208025 17 741
65100 209108 17 755
65119 207858 17 746
65140 209169 18 795
65160 208223 17 756
65182 206821 19 734
65208 208603 22 734
65227 208173 17 719
65248 208093 18 755
65267 208181 17 745
65287 208536 17 745
65307 209081 18 780
65328 208182 17 773
65347 206954 16 725
65366 207455 16 724
65391 208928 22 754
65414 208975 19 785
65435 208430 18 746
65455 208993 17 752
65474 208889 17 745
65494 207904 17 767
65515 208033 17 763
65535 208826 18 782
65556 208556 18 784
65577 207495 18 749
65605 209186 24 769
65625 208694 17 739
65645 208292 17 736
65667 207685 19 782
65687 207257 17 729
65707 208560 17 767
65726 207614 17 738
65746 207833 17 748
65766 208079 17 736
65787 208040 18 731
65813 208342 23 765
65834 207908 18 771
65855 208979 18 803
65875 206861 17 747
65896 208041 18 774
65916 208434 18 753
65938 208379 18 791
65958 209164 17 758
65978 207822 17 755
66008 208699 27 799
66032 209619 19 731
66053 208261 18 759
66073 207860 17 730
66094 208103 18 777
66114 209243 18 750
66135 207739 17 745
66155 209121 18 758
66175 206960 17 739
66199 207330 20 755
66225 207419 22 789
66244 208370 17 714
66265 208817 18 764
66286 208860 18 767
66306 207971 18 773
66326 208181 17 766
66347 209579 18 785
66368 207454 18 774
66390 208048 19 770
66418 209149 24 777
66438 207596 17 759
66459 208137 18 770
66480 209025 18 774
66501 208369 18 768
66521 209656 17 752
66541 207330 18 785
66562 208729 18 796
66583 208350 18 766
66606 208397 20 762
66632 208264 22 780
66654 208050 19 783
66674 208821 17 778
66693 206909 16 726
66713 207536 17 745
66733 208993 17 773
66753 207272 17 758
66773 208867 17 744
66795 208313 19 789
66823 208917 25 794
66843 208098 17 746
66863 208035 17 747
66883 208200 17 749
66902 208620 17 741
66922 208728 17 734
66941 208026 17 747
66961 207135 17 745
66981 208165 17 757
67004 209274 20 786
67029 208389 22 787
67050 208486 18 788
67070 209830 17 743
67091 208520 17 768
67110 208076 16 730
67130 208690 17 778
67150 208190 17 760
67172 207811 18 804
67193 209696 19 805
67215 208118 19 754
67240 207263 20 752
67260 208082 18 780
67281 208715 18 785
67301 209428 17 772
67322 209026 17 768
67343 208142 19 827
67364 208194 18 783
67384 208229 17 738
67406 208336 19 751
67433 206722 23 703
67456 208359 18 757
67478 207905 19 800
67498 208043 18 753
67519 209412 17 736
67540 208671 18 795
67560 207754 18 779
67580 207737 17 723
67601 208977 18 778
67626 208681 22 756
67650 209574 20 783
67671 208667 18 744
67691 207270 17 747
67711 208473 17 769
67730 208000 16 728
67751 208092 18 770
67772 209174 18 768
67793 207987 18 780
67814 207941 18 737
67840 208415 23 798
67862 208538 18 775
67882 208541 17 744
67903 208589 18 743
67924 208481 18 772
67944 208638 17 739
67964 208831 18 758
67985 208402 18 798
68005 208307 17 773
68028 208792 20 775
68052 208069 19 743
68072 207319 16 720
68092 207921 17 755
68113 207658 17 760
68133 206640 17 761
68153 208879 18 764
68174 208392 18 756
68194 208402 17 749
68214 208391 18 764
68242 208669 23 754
68262 207834 17 734
68282 207324 17 766
68302 208237 17 749
68322 209158 17 773
68341 207161 16 731
68361 208393 17 746
68381 209700 18 775
68401 208657 17 756
68424 208177 19 731
68450 208746 23 753
68470 207762 18 772
68492 209063 18 806
68512 208053 18 785
68532 208656 17 762
68553 208854 18 782
68573 209152 18 786
68594 209389 18 783
68614 207913 17 729
68642 209051 25 781
68669 208982 23 772
68691 207883 18 762
68711 207875 18 762
68732 208543 17 745
68752 208369 17 734
68777 208403 22 770
68796 208033 16 720
68816 207990 17 746
68838 206895 19 753
68866 208043 23 761
68887 207310 18 762
68907 208319 17 766
68928 209325 18 790
68947 207330 17 729
68968 207813 18 766
68988 208759 17 733
69009 208804 18 774
69031 207229 19 759
69059 207526 24 746
69079 208067 17 758
69099 208467 17 763
69119 208013 17 723
69139 208775 17 750
69160 208094 18 769
69180 208767 17 759
69201 208284 17 772
69221 208727 17 773
69244 207854 20 752
69270 208605 24 782
69291 208488 18 764
69311 208542 17 747
69333 208498 18 794
69353 207407 18 750
69373 208373 17 741
69394 208136 18 767
69415 207509 18 797
69437 208290 19 744
69462 207789 22 751
69483 208123 18 753
69504 207902 18 780
69523 206853 16 710
69542 207352 16 716
69562 207553 17 738
69583 207089 18 765
69603 207644 17 730
69623 209235 17 748
69647 208556 20 778
69673 208966 23 777
69695 207818 19 814
69716 208920 17 754
69736 208753 18 775
69756 208038 16 712
69775 208088 17 744
69795 207967 17 746
69815 207244 17 755
69836 207772 18 776
69864 208213 26 760
69887 207307 19 727
69907 207732 18 776
69928 208742 18 786
69948 207148 17 733
69967 207362 17 743
69987 207698 17 755
70007 208220 17 743
70027 207664 17 735
70049 207774 20 733
70075 209161 23 787
70097 208517 18 787
70117 208399 18 757
70138 207920 17 751
70158 207898 17 739
70177 207804 17 732
70197 208163 17 754
70217 208759 17 756
70236 207297 17 726
70259 208776 19 749
70283 208660 22 730
70304 208291 18 755
70325 209447 18 774
70346 208717 17 782
70366 207881 18 776
70386 208229 17 748
70405 208210 17 744
70426 209049 18 776
70446 208079 17 757
70471 207588 22 754
70496 208147 22 768
70521 208538 21 767
70541 209018 17 726
70561 206545 17 720
70580 207782 17 731
70600 208087 17 743
70621 209192 18 796
70641 208759 17 736
70664 207653 20 726
70690 208015 23 742
70716 208294 23 786
70736 209674 17 774
70757 208310 17 768
70777 208053 18 754
70797 207920 17 750
70817 207979 17 755
70838 208641 18 774
70859 207774 18 762
70885 207875 22 758
70906 209177 18 793
70926 208968 17 731
70945 207200 17 737
70966 209922 18 775
70986 207710 17 736
71006 208428 18 768
71027 208783 18 763
71047 207983 17 746
71069 207320 19 744
71100 207807 27 751
71121 208026 18 756
71143 207800 19 786
71163 208140 17 755
71184 208331 18 763
71205 208423 18 775
71225 208867 17 755
71244 207748 17 751
71267 207893 20 761
71294 208513 24 800
71315 208061 17 750
71336 207679 18 763
71356 208296 17 746
71376 208012 18 758
71396 207582 17 753
71417 207670 18 759
71438 208997 18 781
71457 208107 17 745
71480 207232 20 781
71505 208133 20 734
71524 208220 17 732
71545 209143 18 781
71565 208136 17 769
71585 208119 17 753
71606 208922 18 787
71625 207898 17 758
71645 207516 17 739
71665 207810 17 750
71691 208900 22 751
71712 208567 17 712
71732 208115 17 749
71752 208834 18 781
71773 208611 17 770
71792 207941 16 714
71811 208246 17 755
71832 208400 18 780
71852 207976 18 777
71872 208014 17 717
71901 208633 24 762
71922 208221 18 765
71942 209143 17 751
71963 208460 17 757
71983 207937 18 768
72003 208568 17 760
72023 209049 17 745
72044 208103 18 785
72064 208200 17 773
72086 208583 19 747
72112 209028 24 793
72133 208469 18 768
72154 209073 18 762
72174 208006 17 743
72195 207955 18 783
72215 207910 17 776
72235 208532 17 771
72255 208509 17 754
72276 209405 18 785
72305 206925 25 768
72325 209303 17 752
72346 208846 18 769
72367 209424 18 779
72387 208585 18 752
72408 207953 18 770
72428 208255 17 736
72448 207704 17 764
72469 208553 18 750
72495 208551 23 796
72524 208780 25 790
72544 207943 18 774
72564 208657 16 728
72583 208170 17 742
72603 208441 17 771
72623 208311 17 754
72643 207183 17 752
72664 208551 18 779
72685 207263 18 745
72713 207939 23 731
72733 207738 17 729
72752 206827 16 706
72772 207826 18 760
72793 208043 17 739
72813 207838 17 750
72833 209226 17 758
72853 207652 17 750
72873 207105 17 735
72895 208399 19 742
72920 208924 22 738
72941 208906 18 796
72962 208245 18 777
72982 207709 17 736
73002 208215 18 769
73023 208528 18 783
73044 208217 18 761
73065 208235 18 774
73086 209097 18 780
73113 207466 24 754
73134 208112 17 740
73154 208674 17 755
73174 207994 17 760
73195 207649 18 778
73216 208267 18 760
73236 208970 17 725
73256 207410 17 740
73275 207172 16 706
73298 207630 20 775
73327 206804 25 716
73347 209072 17 764
73367 208097 17 752
73386 207083 16 685
73406 208430 18 769
73429 208262 19 765
73449 208553 17 767
73468 209254 17 745
73489 207767 17 772
73511 207272 20 743
73538 207586 22 730
73558 207373 17 773
73578 207874 17 744
73598 207771 17 764
73618 209319 17 761
73638 208472 17 759
73658 206499 17 737
73678 207896 18 774
73700 208193 18 766
73723 207886 20 756
73753 208592 28 794
73774 207510 17 746
73795 210277 19 791
73816 208295 17 751
73836 207441 17 757
73856 208467 17 759
73876 209007 17 761
73896 208880 17 773
73919 206944 20 762
73945 207486 23 725
73965 209024 17 740
73986 207863 18 768
74007 207808 17 734
74028 209309 18 775
74047 206950 17 739
74068 208401 17 766
74087 208421 17 750
74107 207422 17 732
74129 207816 19 734
74156 208151 25 746
74176 208417 17 739
74196 208213 17 755
74216 208990 17 756
74236 207175 17 739
74257 208671 18 767
74278 207562 18 778
74298 208249 17 727
74318 208733 17 770
74346 207200 25 759
74368 207980 18 739
74388 207459 18 746
74409 209828 18 749
74430 209325 18 770
74450 208072 17 766
74470 207951 17 759
74490 208576 17 771
74511 208937 18 787
74534 208941 20 767
74560 207404 22 733
74580 207898 17 741
74600 207995 18 776
74621 208388 18 767
74642 209560 18 804
74663 208123 18 767
74683 208669 17 775
74703 208064 17 758
74723 207908 17 742
74750 208574 25 783
74772 207472 18 756
74793 208293 17 766
74814 207940 18 799
74834 208650 18 775
74854 208367 17 750
74874 208210 18 786
74894 208626 17 755
74914 207500 17 736
74936 208323 18 727
74963 207540 25 757
74984 208428 18 793
75004 207983 17 739
75024 208666 17 750
75044 208541 18 776
75065 208394 17 767
75084 208003 17 734
75105 208690 17 755
75125 209183 17 774
75150 207947 22 762
75177 209015 23 762
75198 208854 17 753
75219 208807 18 804
75239 206722 17 767
75259 207089 17 744
75279 207666 18 764
75300 207668 17 755
75319 207641 17 738
75340 208595 18 723
75368 207895 24 752
75390 208070 19 820
75411 207163 18 749
75432 208860 18 801
75452 208400 18 773
75472 207281 17 753
75492 208899 17 739
75511 207441 16 719
75530 207902 16 730
75552 207805 19 751
75579 207857 24 743
75600 207760 18 786
75621 209090 18 768
75642 208611 18 800
75663 208591 18 786
75682 207165 17 733
75702 208242 17 737
75722 208366 18 772
75744 208413 19 775
75772 208398 24 749
75793 209184 18 805
75814 208845 18 779
75834 207551 17 746
75854 207521 17 760
75874 207582 17 750
75894 208750 17 769
75915 207936 17 762
75935 208786 18 756
75959 207515 21 768
75984 208011 21 727
76005 209233 19 794
76026 207977 17 741
76047 206613 18 761
76067 207632 18 753
76088 208112 18 783
76108 207903 17 743
76128 208166 17 765
76148 207653 18 753
76179 209131 27 815
76200 207820 18 755
76220 208822 18 776
76241 208614 17 772
76260 207368 17 759
76280 207495 17 748
76302 209765 19 816
76322 209389 17 754
76342 208742 17 752
76365 207999 20 746
76394 207866 25 766
76414 208287 17 722
76434 208517 17 759
76454 209228 17 754
76475 207601 17 776
76495 208976 17 774
76515 208671 17 755
76536 207645 18 756
76558 207720 19 757
76588 208931 26 757
76608 208248 17 737
76628 207497 17 739
76648 208081 17 739
76669 206983 17 750
76690 209499 18 786
76711 208881 18 776
76731 208995 17 762
76752 208922 17 768
76778 208611 23 803
76804 208859 21 787
76824 207142 17 749
76844 207345 17 723
76865 209123 18 766
76885 209410 18 762
76907 207979 18 800
76928 208235 18 787
76950 208966 19 812
76972 207079 19 745
76997 207521 22 723
77017 208820 17 762
77037 208662 17 762
77058 207131 18 786
77078 208868 18 791
77099 208923 18 778
77119 207371 17 738
77139 208592 18 786
77159 207780 17 765
77184 207014 22 763
77208 207852 19 745
77230 208890 18 791
77250 209168 17 771
77270 207980 18 759
77291 208372 18 789
77312 208938 18 786
77332 208084 17 740
77352 208376 17 759
77374 208326 19 753
77400 208337 23 750
77419 207471 16 724
77439 208377 17 737
77458 207221 16 725
77479 208910 18 780
77498 208403 17 750
77519 208606 17 771
77539 208216 17 744
77559 208057 17 755
77582 208285 20 786
77613 209082 29 790
77634 208257 18 765
77655 209004 18 782
77675 208336 17 744
77693 206887 16 711
77716 208703 20 769
77737 208640 18 773
77758 208601 18 802
77781 208658 20 787
77807 207572 24 737
77827 208320 17 744
77848 208079 17 736
77869 207705 18 761
77889 207930 18 759
77909 207009 17 741
77930 208555 18 762
77950 209285 18 774
77971 208845 17 769
77993 209006 19 732
78019 209208 21 755
78040 208101 18 754
78060 208127 17 739
78079 207385 16 730
78099 207891 17 740
78119 207737 17 767
78139 207688 18 787
78159 207046 17 762
78181 207792 19 780
78209 209007 24 724
78232 207787 20 720
78254 208382 19 772
78274 209522 17 757
78295 207670 18 776
78315 208663 17 737
78335 208304 17 740
78355 207235 17 753
78375 209432 17 768
78397 207881 19 744
78425 208269 23 757
78449 208260 22 753
78470 207492 17 750
78490 208337 17 762
78511 208279 18 755
78531 208169 17 750
78551 208579 18 757
78572 208445 17 773
78594 208903 20 771
78621 209030 24 764
78641 208543 17 729
78661 208177 18 768
78682 207421 17 743
78702 207401 17 765
78722 208528 17 745
78741 207949 17 747
78762 209570 18 768
78783 209565 18 759
78806 208046 20 751
78830 209006 19 752
78853 208409 19 796
78873 208045 17 741
78893 207969 17 762
78913 208392 17 757
78933 207333 18 748
78954 207442 17 748
78973 207465 17 742
78995 208265 19 758
79028 207450 29 711
79048 208051 17 730
79069 208890 18 774
79088 207986 17 746
79109 208934 17 773
79129 208743 18 786
79149 207643 17 747
79169 209050 17 738
79189 209235 18 759
79213 207889 20 773
79237 208849 19 769
79257 208839 17 741
79277 207321 17 759
79297 208799 17 765
79317 206835 17 751
79337 209151 18 785
79357 207228 17 745
79377 208133 17 766
79397 207915 17 754
79426 208697 25 785
79446 207793 17 705
79467 207940 18 785
79486 208604 17 737
79506 207870 17 755
79525 207779 16 706
79545 208768 17 763
79566 209304 18 806
79585 208307 17 746
79607 208131 19 733
79633 208068 23 755
79653 207173 17 752
79674 208082 18 748
79695 209002 18 780
79714 207534 16 712
79732 206771 16 698
79752 208288 17 756
79772 207427 17 745
79793 209042 18 791
79816 208650 20 784
79841 209118 22 750
79863 209559 18 796
79883 208653 18 768
79903 207406 17 755
79924 208159 18 784
79944 208369 17 745
79965 208695 17 749
79984 207695 17 740
80003 207848 16 716
80031 208703 25 779
80052 207977 17 740
80072 207744 17 743
80091 207317 17 750
80111 208509 17 741
80131 208663 17 761
80150 208037 16 725
80170 207637 17 756
80190 208188 17 757
80210 208511 17 758
80238 207379 24 737
80260 207543 17 766
80279 207291 17 726
80299 207756 17 746
80319 207631 17 771
80339 208480 17 747
80359 208536 17 752
80378 208125 17 748
80399 208945 18 783
80421 208221 19 745
80450 208417 26 791
80472 208385 18 779
80493 207351 18 732
80512 207932 17 720
80532 208720 17 742
80552 207751 17 753
80572 208382 18 768
80593 208443 17 756
80612 208111 17 746
80637 208274 22 782
80661 208336 19 743
80682 208376 18 758
80702 207953 17 743
80722 208722 17 738
80743 207960 18 790
80763 207113 17 757
80784 207401 18 788
80804 208473 17 771
80826 207529 20 761
80852 208302 22 751
80872 207982 18 777
80893 207883 18 750
80914 208615 18 749
80934 208406 17 737
80954 207872 18 762
80975 209351 18 784
80995 208798 17 753
81015 208454 17 753
81037 207451 19 732
81062 208370 22 745
81083 208711 18 777
81103 207495 16 732
81123 207741 17 779
81143 208646 17 768
81163 207608 17 740
81183 208282 17 772
81204 208013 18 796
81226 209108 19 788
81253 207930 23 743
81275 209189 18 777
81296 207689 18 782
81317 208137 18 755
81337 208650 18 774
81359 209516 19 805
81378 207932 17 735
81399 208355 18 780
81419 208534 17 751
81443 208546 20 752
81470 208855 23 800
81490 207800 18 771
81509 207478 16 700
81530 209653 18 770
81550 208118 17 756
81569 206874 16 720
81588 207256 16 738
81608 207817 17 736
81627 207826 17 725
81656 208734 25 793
81680 207723 20 729
81701 208785 19 778
81723 208113 18 780
81743 208439 17 755
81762 208166 17 733
81782 208482 17 755
81801 208745 17 747
81822 208176 17 760
81843 208452 19 763
81870 208099 23 728
81890 208320 17 734
81909 208466 17 737
81929 207392 17 739
81948 208107 17 738
81968 207859 16 723
81988 207355 17 760
82007 207989 17 744
82027 207406 17 741
82049 207250 20 733
82075 209360 22 775
82095 208868 17 759
82115 208123 17 758
82136 209610 18 789
82156 208514 17 740
82175 207908 16 727
82195 208174 17 768
82215 208048 17 765
82235 207718 17 748
82257 207336 19 738
82283 209287 21 777
82302 207621 17 744
82323 208792 18 773
82344 209697 18 792
82365 208277 18 742
82386 208125 18 789
82405 208098 17 747
82427 208437 19 756
82450 208628 20 776
82476 208749 23 771
82496 208715 17 757
82517 208081 18 779
82537 208555 17 766
82557 207595 17 758
82577 208789 17 750
82596 207613 16 721
82616 207942 17 771
82637 208505 18 784
82660 208571 20 778
82687 208294 24 726
82707 207698 17 737
82727 208395 17 751
82748 208016 17 758
82768 208932 17 743
82788 207566 17 736
82809 207881 18 771
82828 208106 17 729
82848 209175 17 772
82874 208267 22 739
82896 208260 18 772
82916 207287 17 736
82937 208379 18 784
82958 208257 18 781
82978 208760 17 757
82998 209363 17 750
83018 208075 17 766
83039 207050 18 797
83062 207869 20 750
83091 206780 26 730
83112 208292 18 776
83134 208088 19 790
83155 208821 18 785
83175 207850 17 726
83196 208748 18 770
83217 208733 18 758
83238 208966 18 795
83258 207936 18 737
83287 208143 24 775
83308 208394 18 777
83328 207097 17 761
83348 208541 17 747
83368 208875 17 775
83388 208547 17 763
83408 208724 17 749
83429 208722 18 772
83449 208346 17 742
83472 208679 20 762
83497 208273 23 720
83518 208206 17 760
83539 208201 18 777
83559 207214 17 743
83579 208566 18 781
83599 208534 17 774
83619 208529 17 739
83639 208843 17 753
83660 208388 18 772
83688 209247 25 768
83711 207880 19 759
83732 208963 17 753
83752 208245 18 765
83772 208416 17 738
83791 207792 17 738
83811 207951 17 750
83831 208773 17 746
83850 206733 17 743
83872 208524 19 746
83897 208085 22 751
83918 208280 18 780
83938 208213 17 738
83958 207517 17 766
83978 208191 17 755
83997 207581 17 742
84017 208166 17 745
84038 208537 18 768
84058 208151 17 724
84080 208943 19 753
84105 208272 22 732
84126 208158 18 760
84147 207649 18 785
84167 207167 17 735
84187 207749 17 740
84207 206968 17 737
84227 207972 18 763
84248 208333 18 766
84269 208375 17 751
84298 209280 27 807
84322 208077 19 751
84343 207824 18 754
84364 208268 18 753
84384 207980 18 755
84405 208039 17 749
84425 208055 17 747
84446 208893 18 789
84467 207923 18 781
84489 207112 19 715
84515 207109 23 748
84535 208294 17 753
84556 209240 18 775
84577 207789 17 736
84596 206501 16 725
84616 207578 17 749
84637 208579 18 799
84656 208185 16 737
84676 208647 18 765
84702 208861 22 759
84724 208175 18 734
84744 207394 17 742
84764 207819 17 755
84785 207514 18 805
84805 208586 17 762
84825 207578 17 746
84844 208518 16 733
84864 208124 17 763
84885 207516 18 733
84911 208772 22 758
84933 208178 18 776
84954 209248 18 753
84975 208919 18 797
84995 209051 18 783
85016 208323 17 765
