fo time ls_time n_ls_moves
17 209920 17 736
36 209942 17 757
56 210497 17 739
75 209121 17 743
98 208936 19 710
122 209014 22 733
141 209874 16 708
161 209479 17 748
182 209442 18 772
202 209266 17 743
222 208684 17 729
242 210347 17 749
261 208767 16 731
281 209941 17 781
303 210641 19 759
331 210600 25 787
352 209497 18 783
373 209699 18 746
392 209670 17 748
412 210237 17 751
433 209481 18 774
453 210861 17 765
472 209310 17 752
497 210555 22 774
523 210623 23 788
545 210356 19 779
566 209540 18 777
587 209076 18 768
606 209177 17 747
626 209894 17 746
669 209897 17 752
689 209836 18 762
712 209095 19 758
739 209428 24 739
760 210875 18 788
781 208696 18 707
802 210475 18 780
823 210060 18 759
843 210056 17 772
863 210957 17 769
882 209756 17 749
904 209467 19 748
936 207980 28 735
957 209178 18 789
977 209999 18 778
1003 208993 23 754
1031 209516 24 721
1060 209645 25 732
1081 208568 18 749
1103 209944 18 762
1132 210441 25 772
1153 209602 18 757
1173 210665 18 759
1194 208947 18 760
1215 210118 18 779
1235 210406 17 769
1254 209490 16 733
1274 209747 17 757
1293 209583 16 741
1316 209900 20 743
1350 210644 19 756
1370 209613 18 763
1391 209164 18 731
1411 209170 17 762
1431 210747 17 759
1452 209340 18 784
1472 210109 18 772
1493 210692 18 774
1515 210004 19 760
1541 210328 24 761
1562 210497 17 751
1581 210188 17 750
1600 208845 16 736
1621 209867 17 761
1641 209663 18 754
1661 210215 17 760
1681 209610 17 780
1700 208796 16 708
1723 210626 20 763
1743 209363 17 723
1769 208618 23 769
1790 209813 17 741
1815 209369 21 757
1835 209724 17 748
1855 209643 18 752
1876 210201 18 777
1896 209415 17 761
1917 209316 18 746
1944 210156 24 774
1968 210778 20 738
1991 209976 19 774
2011 209884 18 729
2031 209544 17 765
2050 209121 16 723
2070 209242 17 772
2090 209626 17 768
2110 209203 17 767
2132 210681 19 756
2158 209176 23 779
2179 210505 18 770
2199 209342 17 745
2220 210768 18 787
2240 209911 18 754
2261 211494 18 778
2282 210354 18 767
2301 209481 17 743
2321 210103 17 772
2348 209906 23 736
2372 209130 18 723
2392 211002 17 775
2412 209724 17 746
2433 208957 18 757
2452 209533 17 732
2472 209232 17 744
2491 210690 17 765
2513 210492 18 799
2536 209386 20 743
2562 209853 24 740
2582 208587 17 739
2602 209783 17 752
2622 209419 17 741
2642 210295 17 747
2663 210220 18 786
2683 210363 17 735
2703 209714 17 744
2723 209730 17 762
2745 209383 20 755
2771 210183 21 757
2791 209131 17 737
2811 211109 17 752
2832 210606 18 772
2852 209361 17 751
2871 210128 17 747
2891 210093 17 744
2910 209770 17 751
2929 209298 16 739
2956 210102 24 766
2979 210326 18 766
3000 210637 19 802
3022 210129 19 767
3042 210809 18 748
3063 208487 18 766
3084 211503 18 775
3105 210060 18 795
3126 210224 18 793
3148 210850 19 772
3174 209124 22 742
3194 210206 17 755
3213 209737 17 761
3235 209676 19 798
3256 210618 17 764
3276 210196 17 761
3296 209360 17 760
3316 210351 17 765
3336 210671 17 773
3361 209830 22 755
3383 210629 18 762
3405 210186 19 771
3426 208733 18 741
3447 210178 18 778
3467 210272 18 787
3487 209086 17 763
3507 209938 17 775
3526 210279 16 728
3550 209305 21 749
3579 210123 26 740
3600 210539 18 780
3620 209922 17 730
3640 211520 18 765
3660 209130 17 729
3680 209999 17 743
3701 210828 18 778
3721 210640 17 770
3741 208497 17 732
3765 209343 22 744
3788 210559 19 762
3808 209899 16 731
3829 210364 19 760
3850 210265 18 788
3869 208598 17 734
3890 209628 18 781
3909 209982 17 737
3928 209241 16 733
3950 209435 19 751
3976 210871 23 746
3998 209564 18 773
4018 210287 18 779
4039 210533 18 758
4059 209673 17 744
4090 209561 17 737
4110 210229 17 731
4130 210197 17 757
4149 209523 17 735
4174 209952 21 758
4196 209381 18 736
4216 209829 17 744
4236 211048 17 752
4256 209948 17 763
4276 209589 18 778
4296 211041 17 768
4316 209382 17 757
4335 208124 16 713
4354 209664 17 739
4381 209124 22 743
4401 210916 18 740
4422 209360 18 768
4443 209248 18 759
4463 210614 18 775
4483 209174 17 751
4502 209720 17 752
4522 210360 17 745
4542 210100 18 783
4564 210478 19 750
4590 209334 23 721
4610 209721 16 731
4629 209821 17 747
4651 209942 18 741
4670 210343 17 723
4690 208909 17 754
4710 209789 17 760
4731 209179 18 800
4750 209532 17 745
4774 209620 20 796
4800 209864 23 764
4821 209492 18 778
4841 209460 17 747
4861 210168 17 748
4880 209238 17 744
4901 210445 18 788
4922 209385 17 753
4942 209413 17 753
4962 210367 17 760
4995 210146 29 738
5019 209878 18 774
5042 211239 20 791
5063 209306 18 761
5083 209256 17 744
5102 210332 16 737
5122 209333 17 748
5140 208960 16 709
5160 209449 17 766
5184 210196 21 781
5209 209770 20 772
5229 209701 18 774
5249 209886 17 735
5269 208910 18 718
5289 209899 17 765
5310 210056 18 773
5330 211151 17 751
5349 209789 17 744
5368 209042 17 739
5396 208785 24 753
5418 210095 19 759
5437 210100 17 740
5458 209343 18 758
5478 209550 17 744
5498 209886 17 759
5518 210142 18 777
5538 209086 17 741
5558 210191 18 775
5581 211192 20 809
5606 209847 22 744
5625 209275 17 739
5645 210241 17 732
5665 209433 17 748
5685 209308 17 735
5705 210243 18 761
5724 209025 16 731
5743 209093 16 727
5763 210295 17 752
5785 209969 19 749
5812 209936 24 787
5832 209367 17 774
5853 210929 18 772
5875 210361 18 782
5895 210503 17 744
5915 210040 17 759
5934 208926 16 729
5953 209099 16 728
5973 210139 17 748
5995 208317 19 753
6021 210220 21 764
6041 209258 17 762
6062 210209 18 734
6081 210654 17 747
6101 208888 17 740
6120 208453 16 716
6139 210202 17 731
6158 210244 17 730
6178 209648 17 761
6208 210438 27 789
6232 209179 20 744
6252 209978 17 760
6272 209675 17 748
6291 210729 17 723
6311 209727 17 723
6330 210465 17 755
6351 210729 18 784
6371 210052 17 743
6393 207825 19 752
6421 209648 25 751
6443 209613 19 745
6463 209575 17 734
6483 209726 17 750
6503 209943 18 780
6523 209782 17 754
6544 209477 17 753
6564 209658 17 760
6584 209867 18 764
6612 210161 25 791
6635 209067 19 738
6656 210028 18 800
6677 210195 18 773
6698 209875 19 790
6718 209589 17 774
6738 209302 17 743
6758 209240 17 747
6778 209891 17 744
6801 210180 20 744
6827 209075 23 785
6846 209074 17 740
6866 210270 17 742
6886 209646 18 788
6906 210845 17 763
6927 209899 18 768
6946 209485 17 753
6966 209356 17 772
6986 209133 17 750
7009 210140 20 774
7036 210304 22 746
7056 210114 17 751
7078 210180 19 792
7097 209145 17 736
7117 209695 17 761
7136 209597 16 724
7157 210409 18 796
7176 209875 17 756
7196 209355 17 746
7223 209134 24 768
7247 209161 20 760
7267 209473 17 764
7287 209708 17 766
7308 210006 18 777
7329 209863 17 746
7349 209668 17 770
7370 210343 18 781
7389 209813 16 726
7411 209972 19 762
7438 209738 25 761
7459 209415 18 767
7480 209611 19 779
7501 210236 18 765
7522 210050 18 794
7543 210318 17 767
7562 209443 17 757
7582 208861 17 766
7603 211040 18 791
7628 209476 22 732
7654 209652 21 776
7674 210626 17 748
7693 209479 17 749
7714 210148 17 753
7733 209306 17 725
7753 210097 17 741
7773 209225 17 742
7792 209792 17 737
7814 209583 19 758
7840 208766 23 750
7862 209655 19 784
7881 209422 17 758
7902 210722 18 776
7921 210432 17 758
7942 210235 17 775
7961 209896 17 740
7980 209177 17 743
8000 209297 17 755
8021 210216 18 721
8049 209544 25 756
8068 209917 17 753
8088 208965 16 714
8109 209951 17 767
8128 210145 17 734
8168 209626 18 752
8188 210676 17 749
8210 209759 19 795
8236 209701 23 750
8258 210507 19 753
8278 209592 17 751
8299 210398 18 774
8318 210036 17 735
8338 209418 17 749
8358 208945 17 748
8378 210039 17 755
8398 210456 17 757
8418 209572 17 730
8444 209714 22 747
8465 210092 18 738
8485 210180 17 745
8507 209045 19 766
8525 209306 16 707
8546 210075 17 758
8565 209970 17 741
8584 208800 16 719
8604 209935 17 758
8626 209497 19 746
8652 209471 23 761
8672 209763 17 750
8692 210619 17 765
8713 211113 19 787
8734 209997 18 779
8754 210260 17 725
8773 210121 17 731
8793 210324 18 770
8813 209152 17 772
8835 209891 19 751
8865 210046 27 733
8885 209649 18 753
8905 209205 17 730
8925 210097 17 751
8945 209333 17 742
8965 209964 17 759
8985 210251 17 757
9006 208780 18 777
9025 208240 17 741
9055 210318 26 789
9077 209973 18 755
9098 209731 18 763
9119 210293 18 748
9139 210620 17 772
9159 209084 17 772
9179 208687 17 760
9199 209890 17 765
9220 209581 18 793
9241 209877 19 753
9267 209059 23 708
9289 210872 19 762
9309 210339 17 761
9330 211245 18 782
9350 210120 17 737
9369 210020 17 746
9389 210322 17 763
9408 208179 16 730
9428 210569 17 765
9452 210989 22 792
9477 208339 22 747
9501 209777 20 748
9567 210200 17 755
9587 209533 17 755
9607 210405 17 767
9627 209667 17 749
9650 210347 20 772
9672 209876 19 727
9695 209986 18 763
9721 209745 22 754
9740 208490 17 718
9761 209826 17 743
9781 209294 17 740
9801 209864 17 749
9820 210526 17 757
9842 210482 18 735
9867 209568 21 747
9887 209199 18 760
9908 208940 18 738
9929 210186 18 763
9950 211007 18 813
9969 210577 17 756
9989 210439 17 757
10009 209253 17 747
10028 210184 17 751
10050 209919 19 773
10075 209596 22 734
10095 209491 17 724
10114 209778 17 732
10134 210683 18 786
10154 209351 17 766
10173 209833 16 722
10194 210548 18 788
10213 210006 17 749
10233 208947 17 762
10257 210140 21 803
10286 210389 26 763
10307 209300 18 754
10328 210044 19 769
10347 209499 16 722
10368 209507 17 763
10388 210559 18 765
10408 210212 17 770
10429 209702 17 746
10452 211514 20 798
10477 210390 22 760
10498 209453 17 743
10518 210664 18 772
10539 209425 18 758
10561 209919 18 795
10580 210018 17 743
10601 211176 18 794
10622 209126 17 753
10642 210147 18 757
10664 209633 19 752
10690 210126 23 753
10710 210030 17 757
10732 209945 19 796
10753 210315 19 792
10774 209156 17 744
10794 211088 18 776
10813 210668 16 725
10833 209663 17 753
10854 209856 18 770
10881 208994 23 730
10903 209625 19 759
10923 210706 17 741
10943 209879 17 761
10963 210179 17 748
10983 209861 17 777
11003 210174 17 772
11024 210753 18 790
11044 210942 17 766
11066 210726 19 770
11094 209439 26 781
11114 209863 16 732
11134 209894 18 785
11156 210519 18 782
11177 210763 18 787
11197 210007 17 753
11216 208949 16 713
11236 210579 17 765
11256 209651 17 739
11281 209706 22 766
11303 209129 18 734
11323 208623 18 760
11343 210336 17 749
11363 209888 17 748
11382 210128 17 761
11403 208867 17 742
11422 210150 17 757
11442 209874 17 742
11461 209096 17 746
11490 210561 26 789
11513 209677 18 749
11532 210179 16 725
11553 209503 18 750
11574 211714 18 773
11594 209553 17 765
11613 209918 17 752
11633 210373 17 760
11654 210215 18 794
11677 210084 21 750
11706 210654 25 779
11725 210003 17 734
11746 210285 18 751
11766 209687 17 744
11787 209794 18 768
11806 208912 17 734
11827 209910 18 762
11847 209946 18 764
11868 210815 18 783
11896 210051 24 775
11917 209682 17 738
11937 209562 17 747
11956 209018 17 755
11976 210176 17 780
11996 209385 17 748
12016 210375 17 759
12036 210413 17 737
12056 210218 17 742
12078 209981 19 759
12102 209179 21 743
12123 210559 17 734
12142 209561 17 736
12165 209549 19 782
12185 210214 17 765
12204 210211 16 725
12224 210106 17 758
12243 209500 17 745
12264 209138 18 757
12287 210902 20 786
12313 210280 23 772
12333 209141 17 759
12354 208864 18 745
12374 209566 17 751
12393 208784 16 729
12413 209612 17 764
12432 209938 17 741
12451 209473 16 731
12472 210809 18 801
12496 210163 21 796
12522 210449 22 773
12542 210345 17 730
12561 209480 17 735
12582 208838 18 756
12603 210848 18 779
12622 209042 16 728
12642 209716 18 779
12663 209432 17 783
12683 209869 18 771
12710 209455 23 754
12732 209496 18 785
12752 210794 17 767
12773 209526 18 746
12793 209996 17 774
12813 208842 17 748
12834 210500 18 781
12854 209177 18 755
12875 210095 18 759
12903 210596 26 791
12932 210152 24 773
12952 209662 18 789
12974 209750 19 772
12994 210471 17 761
13015 209938 18 786
13035 209194 17 746
13054 210234 17 739
13075 209667 18 800
13097 209142 19 723
13121 209234 22 759
13142 210515 17 750
13162 210534 17 777
13181 209257 17 740
13201 209732 17 746
13220 209831 17 758
13241 209383 17 750
13261 209708 18 762
13281 209540 17 744
13304 209661 19 751
13332 209655 25 794
13352 209965 17 746
13374 209829 19 768
13394 209232 18 744
13414 209928 17 736
13435 209537 18 782
13456 209272 18 764
13477 210692 18 786
13500 209309 20 768
13526 209327 23 740
13547 210607 18 805
13568 210047 18 767
13590 210316 19 747
13610 208599 17 743
13630 209977 17 761
13650 209281 18 780
13670 209763 17 746
13691 210035 18 809
13715 209383 21 790
13742 209804 23 776
13762 208884 17 730
13782 209403 18 774
13802 210144 17 764
13822 209981 17 742
13842 208843 17 760
13862 210114 18 784
13882 209556 17 767
13904 210546 18 741
13930 210229 23 779
13950 208398 17 734
13969 210747 17 758
13989 209318 17 741
14008 209523 16 720
14027 209634 17 743
14047 209186 16 726
14067 209905 17 772
14086 209437 16 738
14107 209195 18 753
14136 209866 26 765
14158 210882 18 772
14179 209444 18 775
14201 209936 19 780
14220 209105 17 734
14241 209993 18 776
14261 208866 17 747
14281 209204 17 763
14301 210108 17 776
14326 210394 22 759
14351 210411 21 767
14371 210166 17 751
14390 209815 16 732
14411 210123 18 773
14431 210018 17 747
14451 210167 17 757
14471 210539 17 752
14491 208625 17 738
14511 209458 17 734
14537 209230 22 763
14558 209832 18 744
14579 209377 18 759
14600 208869 18 744
14619 208735 17 724
14640 209493 18 758
14660 210613 17 763
14680 210408 17 769
14700 209775 17 730
14725 210784 22 814
14752 208817 24 738
14772 210286 17 745
14792 210560 18 774
14813 209517 18 753
14833 209664 17 776
14854 209787 18 769
14874 209334 18 785
14893 208383 16 722
14913 210514 17 778
14936 210206 21 741
14960 210717 19 766
14980 210386 17 724
15000 209846 17 763
15019 210339 17 743
15039 210401 17 772
15059 210653 17 756
15079 209741 17 760
15098 209971 16 721
15118 209925 18 792
15144 210236 23 761
15166 209837 18 761
15187 209373 18 747
15206 210247 17 740
15226 211061 17 776
15247 209615 17 769
15267 210094 17 767
15287 210016 18 783
15308 209583 18 799
15329 209490 18 743
15354 209822 22 756
15374 209115 17 745
15395 209380 18 786
15417 209283 19 765
15437 210338 17 755
15457 210055 18 755
15478 210598 18 790
15498 209866 17 747
15517 209994 17 743
15540 208730 20 702
15569 210019 23 752
15589 209805 18 738
15610 209776 18 790
15630 209007 17 740
15651 210293 18 779
15672 210875 18 764
15692 209027 17 760
15711 209597 17 719
15736 209854 21 762
15762 209849 23 749
15783 210137 18 779
15802 209888 16 727
15822 209193 18 737
15842 208811 17 750
15862 210057 17 761
15881 209993 17 740
15901 209130 17 729
15921 209449 17 760
15943 209304 19 699
15969 209194 23 753
15989 209160 18 753
16010 210416 18 769
16031 209497 17 751
16051 208885 17 742
16071 210186 18 749
16091 208480 17 749
16111 210044 17 733
16131 209354 17 772
16153 208970 19 733
16178 209088 20 748
16198 210389 17 749
16218 208710 17 762
16238 209964 17 747
16257 208911 16 727
16276 209626 17 736
16297 210156 18 806
16317 208578 17 758
16336 209634 17 757
16362 210583 22 771
16387 209974 21 806
16407 210532 18 745
16429 210011 19 765
16449 210401 17 754
16469 210055 17 775
16490 210678 18 791
16510 209850 17 745
16531 211289 18 777
16553 210062 20 754
16578 209333 22 742
16599 209883 18 747
16619 209342 18 743
16639 209041 17 756
16659 209394 17 741
16679 209960 17 764
16698 209586 17 741
16718 208946 17 765
16738 209167 17 737
16759 209456 19 768
16787 209367 24 728
16807 209025 17 725
16827 210488 17 770
16847 210451 17 758
16866 211176 17 733
16887 209671 17 777
16907 210041 18 753
16928 210021 18 793
16948 209095 18 737
16974 210503 22 765
16998 210642 20 766
17023 210007 22 771
17044 210204 19 765
17064 210872 17 756
17084 209303 18 767
17104 210733 17 761
17124 210313 17 753
17145 209883 17 742
17170 209408 22 750
17194 210088 21 759
17216 209182 19 735
17240 209263 19 749
17261 209999 19 746
17281 209023 17 720
17301 208696 17 745
17322 210583 18 787
17341 209477 17 738
17363 209798 20 758
17388 209586 22 739
17409 208796 18 769
17429 210046 17 766
17451 210245 18 775
17470 209826 17 731
17490 209643 18 779
17510 210778 17 769
17530 210006 17 737
17549 209518 17 744
17573 210047 21 759
17600 210168 23 768
17619 208638 16 721
17638 210083 16 728
17658 209935 17 741
17678 210538 17 771
17698 209271 17 752
17718 210075 17 779
17739 209864 18 774
17758 208512 17 725
17785 210646 23 768
17806 208550 18 747
17825 209455 16 733
17846 208849 18 732
17867 209196 17 741
17888 209718 18 782
17908 210236 17 776
17928 209565 17 758
17948 209454 17 733
17969 209366 18 737
17995 209103 24 734
18016 210313 17 749
18035 209693 17 743
18056 210158 19 769
18077 210537 18 778
18097 209301 17 733
18117 209660 17 759
18136 209661 17 756
18156 209802 17 748
18183 210806 25 746
18212 209232 24 743
18232 209275 17 733
18253 209995 18 781
18273 208738 17 720
18293 209854 17 747
18313 210068 18 787
18333 209811 17 759
18352 209277 17 717
18374 209831 19 737
18402 209151 25 758
18423 209499 18 741
18444 209683 18 778
18464 209851 18 756
18484 210306 17 744
18505 209599 18 762
18526 209580 18 774
18546 208521 17 745
18566 209179 18 767
18589 209066 20 776
18614 210034 21 746
18635 209557 19 786
18656 210986 18 779
18678 210281 19 763
18698 209306 17 758
18717 208854 16 736
18737 208690 17 762
18756 208711 16 720
18776 210215 17 750
18801 209555 22 754
18823 209637 18 775
18844 210244 18 767
18865 209986 18 782
18885 208970 17 752
18906 210313 18 791
18925 209823 17 755
18945 210117 17 759
18965 209214 17 742
18987 209250 19 724
19012 209864 23 750
19032 209280 17 748
19052 209977 18 769
19073 211125 18 764
19093 210447 17 751
19113 209431 17 759
19133 209222 17 748
19152 210218 17 740
19172 210374 17 760
19194 209346 19 750
19221 210874 24 764
19242 209643 18 762
19261 208740 17 743
19282 209316 18 723
19302 210841 17 771
19322 209979 17 767
19341 210671 16 726
19361 209752 17 746
19381 210628 17 770
19405 209266 21 733
19433 210670 24 768
19453 209582 17 742
19473 209698 18 793
19493 209565 17 769
19513 209767 17 743
19532 208670 17 743
19551 209523 16 727
19571 210506 17 767
19592 208723 17 726
19619 210432 24 755
19639 209234 17 761
19659 210035 17 762
19680 209888 19 757
19701 208754 17 747
19721 209817 17 751
19741 210543 18 788
19761 209992 17 756
19781 210201 17 760
19803 209970 20 751
19829 210341 23 764
19850 210276 18 729
19871 209157 18 734
19891 209206 17 748
19911 210204 17 761
19931 210341 18 778
19951 209234 17 756
19970 209388 17 762
19990 209037 17 752
20013 209263 20 731
20040 209894 22 775
20059 209597 16 716
20078 208673 16 741
20098 210891 17 776
20118 211424 17 769
20138 209972 17 772
20159 210363 18 778
20179 209014 17 746
20199 210044 18 743
20229 210868 26 777
20249 209651 17 766
20269 209644 17 742
20289 209319 17 768
20309 209503 17 695
20329 210364 17 742
20348 208891 17 743
20368 210096 16 739
20387 210194 17 742
20410 210273 21 769
20437 210504 24 769
20457 210047 18 773
20477 208954 17 755
20499 210212 18 780
20519 209262 17 756
20539 209749 18 756
20559 208302 17 757
20579 210212 17 772
20599 208879 17 775
20626 209487 24 769
20649 210888 19 791
20670 210780 18 802
20689 209759 16 728
20710 210245 18 806
20731 210126 18 783
20751 210088 17 744
20771 210560 18 778
20791 209695 17 760
20813 209158 19 743
20846 210013 29 732
20866 209118 18 741
20889 209918 19 784
20909 209534 18 754
20930 211168 18 767
20949 209946 17 737
20968 209050 16 732
20988 209994 17 758
21008 210143 17 775
21034 211174 22 769
21055 210071 18 746
21077 210241 18 796
21098 210639 19 793
21118 210298 17 765
21138 208999 17 777
21158 209458 17 745
21177 209301 16 730
21198 210889 18 799
21221 210889 21 807
21249 209501 25 749
21268 209194 16 710
21288 208858 17 743
21308 210241 17 757
21328 210168 17 744
21349 210087 18 797
21369 211182 17 760
21389 209478 18 766
21409 208906 17 754
21431 208733 19 763
21456 210621 22 785
21477 210265 18 773
21496 208514 17 734
21517 210150 18 781
21536 209971 17 731
21556 209729 17 755
21576 210182 17 745
21596 211076 18 771
21616 209549 17 760
21640 209689 21 768
21664 209102 19 754
21685 209515 18 790
21706 209315 18 743
21726 209599 17 754
21746 210861 17 767
21767 210574 18 796
21788 209756 18 780
21807 209754 17 755
21830 209850 20 768
21856 210443 23 767
21877 210001 18 798
21897 209747 17 761
21918 210277 18 788
21937 209496 17 738
21957 209808 17 741
21978 210482 17 773
21997 209920 17 738
22017 209901 17 776
22039 209528 19 725
22072 209829 30 730
22092 209727 17 744
22113 209553 18 742
22133 209223 18 747
22153 210610 17 751
22173 209898 17 761
22192 209779 17 740
22213 209566 18 796
22236 209839 20 756
22263 209732 24 791
22283 209452 17 747
22305 210483 18 807
22325 209461 17 743
22345 209417 17 758
22364 209277 17 744
22384 210540 17 754
22404 209332 17 756
22424 210429 17 764
22447 210231 20 767
22475 211064 24 743
22494 210128 17 740
22516 209904 19 769
22537 210515 18 781
22556 209215 17 737
22576 210670 17 753
22595 208324 16 710
22615 210929 18 780
22636 209428 18 768
22663 210194 23 753
22682 210010 17 738
22702 209426 17 748
22723 209261 17 765
22742 210009 17 731
22762 210115 17 743
22782 209299 17 765
22802 209649 18 793
22822 210169 17 739
22844 208725 20 739
22870 208868 23 745
22890 209360 17 737
22910 209820 17 774
22930 208670 17 740
22950 209278 18 768
22971 211097 18 782
22991 209986 17 767
23011 210347 18 771
23031 209967 17 763
23053 210085 19 731
23079 209177 24 761
23099 209220 17 723
23120 210964 18 757
23142 209391 18 775
23162 209053 17 742
23182 209822 17 747
23200 209007 16 711
23220 210097 17 764
23240 209797 17 765
23264 210814 21 753
23288 208966 19 765
23308 209431 17 754
23328 211040 18 784
23348 210073 16 732
23367 210460 17 770
23387 210561 17 740
23407 209421 17 775
23427 209692 17 754
23447 209709 17 756
23481 209472 30 757
23504 210100 18 759
23524 208503 17 750
23546 209539 18 757
23566 210449 18 763
23586 208798 17 748
23607 210723 18 790
23627 209652 17 767
23647 210813 18 773
23674 210923 24 785
23696 209587 18 757
23716 210377 17 757
23738 209369 19 776
23758 210093 18 765
23779 210750 17 745
23798 209651 17 727
23819 210878 17 756
23840 211123 18 776
23862 210368 19 750
23889 209831 24 728
23909 209174 17 752
23931 209857 19 801
23950 208583 17 740
23970 209256 17 733
23990 210035 18 774
24010 209163 17 759
24030 209399 17 745
24050 209514 17 751
24071 210873 18 746
24098 209722 23 742
24118 209734 17 768
24140 209827 19 779
24161 210743 18 774
24181 210332 18 791
24201 210235 17 750
24221 209815 17 752
24242 210238 17 765
24263 209845 18 743
24289 210770 22 771
24310 209502 18 779
24331 211185 18 799
24352 209615 18 778
24374 209727 19 774
24395 210588 18 785
24415 210496 18 779
24435 210573 16 730
24455 209872 17 761
24477 208905 19 738
24503 209761 23 717
24523 210011 18 752
24550 208998 24 737
24570 209430 17 749
24591 208542 18 756
24611 210113 17 744
24632 209495 18 774
24652 210598 18 761
24673 209356 18 721
24694 209644 18 760
24726 210081 29 760
24753 209708 24 778
24777 209961 19 767
24798 209387 19 779
24819 210208 18 761
24840 210192 18 775
24861 209184 17 735
24883 209423 20 770
24911 209706 24 768
24931 210267 17 768
24954 210719 19 803
24973 209413 17 748
24993 209537 17 772
25012 209312 16 702
25031 210043 17 747
25051 210765 17 760
25072 210936 18 815
25098 209759 22 742
25120 209675 18 722
25140 209872 18 763
25161 210751 18 765
25182 209575 18 763
25201 210144 17 741
25221 209544 17 760
25242 210430 19 820
25262 209366 17 756
25285 209928 19 765
25310 210006 22 727
25331 210437 19 815
25351 210205 17 736
25370 210365 17 719
25390 209912 17 751
25410 209259 17 748
25430 209052 17 749
25451 211525 18 791
25471 210463 17 759
25493 209309 20 761
25520 209545 24 744
25540 209932 17 743
25561 209456 18 737
25582 210821 18 795
25601 209843 17 722
25620 209386 16 719
25640 208702 17 738
25660 209700 17 745
25681 210350 18 787
25707 209611 22 739
25727 209440 17 729
25749 209558 18 778
25768 209278 17 747
25790 209783 19 761
25811 209749 18 759
25830 209235 17 723
25850 209034 17 742
25869 210000 17 749
25891 210121 19 764
25917 210235 24 771
25937 210346 17 753
25957 209018 17 732
25977 210738 18 775
25997 210641 17 766
26016 210387 16 737
26037 210585 18 806
26058 210423 18 788
26077 209491 17 754
26104 209824 24 759
26139 209901 29 759
26160 209863 18 773
26180 209717 18 774
26201 209869 18 814
26222 208828 18 751
26241 210502 17 753
26262 210278 18 790
26282 210350 17 765
26304 210574 19 768
26329 209694 23 734
26349 209382 17 755
26371 209372 19 787
26393 210152 18 782
26414 210096 18 774
26433 210108 17 754
26453 209379 17 747
26472 210255 16 740
26492 208831 17 730
26515 210072 21 729
26540 209980 20 809
26561 210319 18 783
26581 209849 18 776
26601 210491 17 746
26620 208754 17 741
26640 209854 17 750
26659 209480 17 746
26678 209919 17 746
26698 209423 17 743
26725 209815 23 765
26746 209023 18 735
26766 210215 17 740
26787 209419 18 730
26806 209459 17 732
26827 209943 18 775
26846 208785 16 730
26865 210688 17 755
26885 210014 17 770
26908 210133 20 780
26934 209828 23 734
26954 210766 18 788
26974 209275 17 736
26995 209863 18 761
27014 209521 16 719
27035 209978 18 788
27055 210327 18 785
27075 209551 17 758
27095 209778 17 775
27117 209937 19 731
27143 210038 23 752
27163 208686 17 733
27182 209042 17 748
27202 209746 17 731
27222 210562 17 757
27241 211018 17 734
27261 210491 17 763
27282 210261 17 765
27301 209749 17 754
27323 210147 19 765
27352 209963 25 762
27373 209545 18 741
27395 210949 19 796
27416 209909 18 794
27436 210010 17 744
27456 209647 17 770
27476 209856 17 761
27496 211051 18 751
27518 209572 19 755
27546 209266 24 769
27565 209978 17 740
27585 210373 17 754
27606 210046 18 761
27626 209908 17 759
27646 209711 17 743
27664 208537 16 693
27684 209100 17 772
27704 210128 17 761
27727 209742 20 789
27752 209622 22 770
27772 209558 17 730
27792 208792 17 747
27812 210654 18 776
27832 208247 17 750
27852 210533 17 762
27871 209116 17 739
27891 209386 17 741
27910 209423 17 750
27933 209704 20 737
27959 209253 21 726
27980 209855 18 761
28000 209760 18 733
28019 209839 16 732
28039 209694 17 760
28060 210672 18 734
28081 210415 18 789
28102 209487 17 741
28124 210090 20 765
28152 208770 24 751
28172 210227 18 763
28191 208986 16 709
28212 209534 18 778
28234 209723 18 775
28254 210278 18 778
28275 209927 18 766
28295 209361 17 765
28314 209648 16 721
28336 209065 20 760
28362 208177 23 695
28382 210160 17 752
28404 209945 19 793
28423 209423 17 745
28442 208994 16 734
28463 209617 18 802
28482 209324 16 727
28502 209182 17 781
28523 210095 18 778
28549 210360 23 739
28574 210065 20 770
28594 211392 17 765
28615 210454 19 768
28636 210144 18 783
28657 209962 18 751
28678 210648 18 800
28699 209590 18 771
28718 209123 17 723
28741 209628 20 737
28771 209873 27 749
28790 209699 17 735
28811 210367 17 768
28830 208749 16 718
28851 209670 19 763
28872 209798 18 760
28892 210260 18 783
28912 209948 17 757
28931 209711 16 736
28960 209354 25 757
28981 210386 18 765
29001 209374 17 765
29022 209794 18 755
29042 209548 18 779
29063 209053 18 775
29082 209738 17 756
29101 209487 17 737
29121 210338 17 760
29144 209125 20 773
29169 208944 22 739
29189 210125 17 744
29208 210076 17 745
29230 209468 19 759
29250 209337 17 764
29270 210056 17 740
29290 209813 17 770
29311 210046 18 803
29330 209548 17 755
29354 210558 21 786
29380 209366 23 740
29400 210900 17 734
29421 209653 18 775
29442 209616 18 790
29462 208991 17 740
29483 209554 18 758
29504 210949 18 771
29524 210218 18 762
29544 210376 17 711
29570 210824 23 765
29591 209861 18 766
29611 209748 17 773
29632 209474 18 738
29651 209167 17 742
29671 209322 17 739
29690 209086 17 764
29711 210515 17 780
29731 209706 17 764
29752 209581 19 748
29778 210140 23 770
29797 209436 16 711
29818 209087 18 775
29839 210403 18 755
29860 209810 18 785
29881 209834 18 765
29900 209422 17 750
29920 209924 17 757
29940 209735 17 762
29962 210190 19 742
29992 209329 27 736
30013 210051 18 770
30035 210441 19 758
30054 209081 17 729
30075 211143 18 770
30096 210655 18 821
30115 209647 16 737
30134 208847 16 728
30156 209052 19 737
30183 210796 24 775
30204 210318 18 783
30224 209412 17 762
30245 210635 18 757
30264 209305 17 751
30283 208877 16 723
30303 209794 17 716
30323 209484 17 741
30343 210211 17 768
30365 209512 19 747
30390 209989 22 757
30410 210741 18 773
30430 209491 17 763
30451 209791 17 779
30470 209399 17 764
30490 209377 17 740
30510 210844 18 794
30530 210939 17 761
30550 209533 17 756
30572 209596 19 727
30598 209894 23 779
30618 209394 18 752
30638 210611 17 768
30658 210211 17 767
30678 210351 17 759
30698 209188 17 739
30718 210594 18 778
30738 209592 17 754
30758 208309 17 723
30785 209388 24 764
30807 210362 18 764
30827 209474 17 744
30848 209355 18 749
30868 209175 17 746
30888 209957 17 746
30907 209589 16 703
30927 208973 17 739
30947 209147 17 738
30969 210370 19 750
30994 209040 22 724
31013 211456 17 741
31033 210389 17 752
31054 210161 18 784
31075 210680 18 784
31095 209845 17 729
31115 210520 17 765
31135 211407 18 782
31155 209720 17 749
31177 210062 19 747
31202 210371 23 759
31223 210983 18 759
31242 209682 17 730
31263 209721 18 742
31284 209621 17 763
31303 209313 17 744
31324 210578 18 787
31343 208868 16 720
31363 209827 17 766
31397 210440 31 790
31423 209894 22 755
31443 208952 17 757
31464 210059 18 735
31485 210706 19 801
31506 209371 18 777
31525 208513 17 756
31545 209607 17 741
31565 210711 17 759
31587 210080 19 742
31612 209582 22 753
31633 209692 19 814
31653 210832 17 748
31673 209694 17 760
31692 210153 17 767
31713 210082 18 783
31733 210448 17 743
31754 210224 18 783
31773 209894 17 755
31800 210775 24 814
31823 210208 19 765
31844 209763 18 771
31865 209118 18 760
31885 209788 18 758
31905 210028 18 777
31926 209400 18 797
31947 210547 18 799
31966 209613 17 759
31989 210486 20 756
32014 210005 22 749
32034 209675 18 759
32054 210048 17 741
32075 210023 19 760
32095 209724 17 741
32115 209564 17 779
32134 210510 16 731
32153 210223 17 749
32173 210160 17 735
32197 209788 21 733
32224 209579 24 746
32247 209729 20 789
32271 210424 20 756
32292 209759 18 785
32313 210732 18 771
32334 209002 18 782
32354 209189 17 758
32374 210753 17 741
32397 209842 20 773
32417 208547 17 723
32441 209468 21 744
32467 209763 23 764
32487 210772 17 758
32507 209400 17 738
32528 210865 17 756
32547 210488 17 758
32567 210267 17 757
32586 208672 17 735
32614 209095 24 734
32639 210077 21 745
32661 209374 19 770
32681 210037 17 764
32702 210809 18 775
32721 209580 17 739
32742 209427 18 779
32762 210328 17 767
32782 210033 17 739
32805 210095 20 749
32830 210028 22 767
32850 209899 17 729
32871 210391 18 792
32890 209838 17 747
32910 209034 17 735
32929 209900 17 720
32949 209573 17 758
32969 209868 17 747
32990 209772 18 792
33014 209815 22 786
33038 209747 20 772
33059 210342 17 753
33081 210096 20 796
33102 210877 18 802
33121 210094 16 718
33140 209629 17 722
33160 210231 17 752
33181 210047 18 771
33202 209726 19 748
33229 210244 24 787
33250 210120 17 765
33270 209955 17 751
33289 209893 17 704
33309 210528 17 762
33330 210028 18 791
33349 210288 17 763
33369 209902 17 752
33389 210487 17 770
33411 210026 20 760
33436 209642 22 735
33456 210026 17 741
33476 209870 17 761
33496 209859 17 768
33516 209263 17 766
33535 209413 17 737
33556 209672 17 757
33576 209571 17 758
33595 209786 16 720
33617 210180 19 748
33643 209421 23 741
33664 210252 19 762
33685 210045 17 752
33704 210081 17 738
33724 209356 17 751
33745 210027 18 781
33764 209813 17 738
33784 209762 17 758
33803 209042 16 719
33828 210104 22 793
33852 209429 20 755
33872 210218 17 749
33893 210457 18 744
33913 209772 17 743
33932 209325 17 745
33952 210047 17 762
33972 209295 17 736
33991 208955 17 747
34012 210240 18 734
34040 210706 25 757
34062 209530 17 739
34081 208125 17 751
34102 210706 17 755
34123 209187 19 808
34143 209736 17 756
34164 209766 18 778
34185 210693 18 762
34205 209472 18 775
34227 208784 19 764
34253 209432 23 765
34274 212074 18 780
34295 209057 18 709
34315 208478 17 757
34336 209636 18 782
34356 210949 17 767
34376 210653 17 776
34396 209586 17 764
34417 210505 18 779
34444 210148 23 770
34466 210404 19 771
34487 211375 18 783
34508 209922 19 762
34528 210317 17 780
34547 209750 16 716
34566 208757 16 733
34585 208396 16 718
34605 209236 17 763
34626 209381 18 742
34652 210192 23 763
34672 210135 17 764
34692 210323 17 758
34712 209525 17 745
34732 209610 18 760
34752 209885 17 735
34772 210798 18 769
34793 209937 18 777
34814 209919 18 771
34837 210604 20 779
34863 209737 23 746
34883 210326 18 787
34905 210300 19 773
34925 210483 17 759
34945 209000 17 756
34966 209941 17 763
34985 209226 17 730
35005 210897 17 752
35024 209945 17 732
35053 209535 25 753
35075 210774 19 771
35097 209516 19 774
35117 210658 18 765
35138 209874 18 765
35158 210208 17 733
35178 209240 18 765
35198 209178 17 742
35219 210207 18 799
35242 210090 20 764
35272 209526 26 744
35293 210858 19 802
35313 208530 16 718
35334 209156 18 742
35354 210238 18 779
35375 210302 17 770
35394 208507 16 725
35413 209639 17 713
35435 209332 19 755
35461 210207 23 753
35483 210722 18 789
35504 209632 18 767
35524 209657 18 737
35544 210239 17 732
35565 210532 18 789
35585 209712 18 757
35606 210522 18 754
35626 211111 18 761
35648 209410 19 753
35674 209944 24 768
35693 209201 16 720
35712 209873 15 687
35731 209830 16 722
35752 209987 18 801
35771 209754 17 742
35790 209946 17 746
35810 210853 17 751
35830 209151 17 734
35852 209814 19 770
35879 209373 25 782
35899 210074 17 757
35920 209115 19 780
35939 209352 16 719
35959 208703 17 745
35978 209601 17 741
35998 208775 17 743
36018 210230 18 775
36037 209665 17 730
36061 210312 21 774
36086 210080 21 779
36106 210113 18 765
36128 210561 19 778
36149 209918 18 791
36170 210117 17 743
36190 210049 17 750
36209 209494 17 741
36230 210035 18 779
36253 209796 20 779
36277 209908 22 758
36298 210335 17 769
36318 209688 17 746
36338 208549 17 740
36358 209836 17 757
36378 209405 17 775
36398 210198 18 789
36418 210410 17 741
36438 209466 17 774
36460 210614 19 775
36492 210042 29 771
36514 209635 19 771
36535 210111 18 792
36555 209646 17 757
36574 208666 16 712
36594 210553 17 778
36614 209951 17 768
36634 210174 17 758
36656 210641 19 784
36684 209930 25 757
36704 210355 17 768
36724 209266 17 765
36746 211308 19 787
36766 209083 17 754
36785 209349 17 742
36805 210181 17 769
36825 210656 17 757
36844 210686 17 746
36865 209731 18 746
36891 209930 23 763
36910 209967 17 748
36931 209411 18 767
36951 209632 17 753
36970 209258 17 730
36990 209986 18 766
37011 209691 18 777
37030 208868 16 713
37050 209044 17 754
37072 210666 20 753
37098 210113 22 728
37117 208387 16 731
37138 210099 18 738
37158 209840 18 760
37178 209412 17 725
37198 209464 17 738
37219 210885 18 797
37239 209570 17 736
37259 209712 17 729
37284 209081 22 735
37306 209821 18 740
37327 209435 17 747
37348 210333 18 766
37369 209810 19 768
37390 209719 18 759
37409 209888 17 741
37429 209662 17 746
37448 209398 17 741
37470 209433 19 756
37494 210539 21 726
37514 211073 17 755
37534 210480 17 746
37554 210311 17 751
37574 209487 18 773
37596 210829 18 814
37615 208816 16 724
37635 210604 18 793
37655 209696 17 750
37677 209450 20 765
37704 210091 24 796
37725 211164 17 767
37745 208931 18 771
37766 210891 17 752
37786 209524 17 743
37807 209572 18 743
37826 209377 17 762
37847 210180 17 771
37867 210556 17 766
37895 211196 25 767
37920 209130 21 750
37939 208428 16 731
37959 210481 17 758
37980 209671 18 765
38000 210317 17 764
38019 208888 16 719
38040 209449 18 790
38059 210302 17 761
38082 211202 20 765
38109 209372 24 774
38128 209942 17 718
38148 208970 17 758
38168 209866 17 733
38187 209132 17 725
38208 211531 18 794
38228 210075 17 749
38248 210563 18 792
38268 209519 17 755
38290 209409 19 751
38315 210417 22 774
38336 209652 18 767
38355 209838 17 728
38375 210035 17 752
38395 210002 17 744
38415 209927 18 763
38435 210248 17 756
38456 210196 18 783
38475 210450 17 759
38499 210310 21 779
38524 211055 20 811
38544 209751 17 742
38566 211041 19 800
38586 208772 17 735
38606 210277 17 758
38626 210923 18 786
38646 209142 17 737
38666 210181 17 739
38687 210408 19 745
38714 209972 23 747
38734 209158 18 757
38754 209635 17 768
38774 210503 17 758
38795 209917 18 796
38817 209947 19 791
38836 209573 17 740
38857 210742 17 759
38876 209536 17 746
38897 209097 18 721
38923 210398 23 757
38942 209888 16 738
38963 209522 18 787
38985 209916 18 781
39006 210971 18 766
39026 209809 17 730
39045 209433 17 736
39064 209960 17 752
39084 209959 17 758
39115 209860 28 730
39139 209300 21 735
39160 209835 18 756
39180 209119 17 730
39201 210101 18 757
39221 209858 17 738
39242 210226 18 804
39262 210324 17 759
39281 209700 16 737
39303 209714 19 766
39328 210585 22 760
39348 209829 17 763
39368 209376 17 746
39387 210338 17 735
39408 210297 18 781
39428 209670 17 754
39447 209723 16 734
39467 210557 18 776
39488 209673 18 786
39509 209240 19 771
39536 210306 23 763
39557 210290 19 758
39577 211106 18 767
39597 209156 17 753
39618 209811 18 787
39637 210231 16 729
39658 209654 18 772
39679 210426 18 777
39699 210563 18 756
39722 209889 19 742
39750 210125 23 761
39774 210115 22 757
39796 209253 18 751
39816 210205 18 753
39837 210356 18 755
39857 210235 17 776
39877 209926 17 766
39897 210509 17 759
39921 209519 21 756
39944 210115 19 747
39967 210821 20 750
39990 209078 19 784
40010 209666 18 778
40030 209180 17 755
40051 210484 18 781
40071 210741 17 761
40091 209212 17 746
40111 210740 18 786
40136 209553 22 752
40160 209532 19 750
40182 210502 20 788
40202 209420 17 749
40221 210313 17 763
40241 209167 16 733
40261 210126 17 776
40281 210210 18 786
40300 209683 17 741
40323 209929 20 790
40358 210655 31 766
40378 209963 17 731
40397 209326 16 707
40418 209317 18 745
40439 209545 18 769
40459 209660 17 724
40478 209158 16 728
40498 210582 18 799
40518 210442 17 762
40543 210429 22 763
40568 209853 21 799
40588 209476 17 773
40608 209852 17 736
40627 209664 16 735
40647 210098 18 765
40667 210024 17 767
40687 209971 17 741
40706 210253 17 744
40727 210119 18 759
40754 210089 23 738
40775 209484 18 747
40796 209654 18 754
40819 210478 21 796
40839 209795 17 757
40858 209140 16 733
40878 210885 17 755
40899 210620 18 779
40918 210020 17 763
40940 209322 19 739
40965 209665 22 731
40985 209579 18 758
41006 209546 17 746
41027 209886 19 763
41047 209436 17 773
41067 209124 17 756
41087 209596 17 740
41108 209699 17 754
41128 209775 18 766
41153 209938 22 754
41176 209547 18 748
41197 209375 18 774
41216 209113 17 742
41237 210310 18 759
41257 210285 18 749
41277 208538 17 731
41298 208780 18 769
41319 209283 18 775
41341 210388 19 760
41365 210446 22 772
41384 209462 16 710
41405 209449 18 776
41424 209148 17 727
41445 209910 18 748
41464 207915 16 728
41484 209278 17 744
41503 208573 16 727
41523 210341 18 796
41545 209363 18 746
41574 210972 26 807
41594 209873 17 751
41614 210205 17 771
41635 209533 18 764
41655 209351 17 721
41675 208973 17 741
41694 209143 17 748
41714 210419 17 760
41734 210656 17 761
41756 209794 19 718
41787 209712 26 740
41807 209661 17 748
41829 210644 19 761
41849 209537 17 758
41868 209657 17 751
41888 209257 17 753
41908 208991 17 759
41928 210912 18 781
41951 209009 20 770
41976 209972 22 752
41996 210386 18 796
42017 210335 17 764
42036 210355 17 747
42056 209345 17 742
42076 210302 18 769
42096 210210 17 743
42117 209746 18 770
42137 208918 17 740
42159 209872 19 766
42185 209977 24 774
42205 209236 17 739
42224 208700 16 710
42245 209402 17 738
42265 210203 17 752
42286 210248 18 743
42305 209988 17 756
42325 209678 17 758
42346 209796 18 761
42368 209134 19 727
42393 209098 21 751
42414 208610 18 748
42435 210419 18 754
42454 209593 16 717
42474 210212 17 742
42494 209785 18 756
42514 209367 17 727
42534 209988 18 763
42554 208575 17 735
42580 209575 22 745
42602 209851 18 751
42623 210544 18 777
42642 210278 17 759
42662 210002 17 749
42681 210573 17 741
42701 209669 17 751
42721 209415 17 767
42740 208945 17 731
42763 210346 21 779
42789 209329 22 745
42809 209901 17 766
42828 210033 17 740
42848 210023 17 750
42867 210100 16 736
42887 210290 18 780
42908 210583 18 778
42928 208970 17 755
42947 209885 17 756
42970 211050 19 738
43000 210969 27 777
43020 210434 18 765
43041 209042 18 721
43061 209992 17 742
43081 211060 17 757
43101 209619 17 764
43121 209731 17 725
43140 208980 16 711
43160 210397 17 746
43185 209357 23 786
43207 208742 17 743
43226 209727 17 746
43247 210835 18 780
43266 209212 17 739
43286 208443 17 748
43306 209773 18 765
43326 210753 17 756
43346 210155 17 753
43367 209656 18 770
43394 209616 24 763
43416 210809 18 750
43436 210238 18 755
43458 210403 19 786
43478 210016 18 776
43498 209667 17 760
43517 209064 16 721
43536 210175 17 761
43556 210533 17 740
43577 209457 18 723
43603 209318 24 749
43622 210147 17 729
43642 209261 17 734
43663 210188 18 781
43684 211464 17 757
43705 209909 18 774
43725 209873 18 754
43744 208918 16 704
43764 210511 17 758
43788 210525 21 794
43815 208986 23 737
43834 209687 16 723
43856 208945 19 760
43876 209525 18 766
43895 209873 16 722
43916 210744 17 765
43935 208389 17 739
43955 210033 17 779
43974 208879 17 739
43999 210113 21 720
44020 209106 17 753
44040 209202 17 778
44060 209257 16 734
44079 209213 17 744
44100 210634 18 802
44120 210260 17 775
44140 209854 17 765
44160 209590 17 770
44181 209760 19 767
44208 211034 23 778
44228 210579 17 763
44248 209532 17 765
44268 209968 17 754
44288 210655 17 765
44309 209438 18 791
44329 209949 17 751
44350 210439 18 775
44370 209489 17 754
44396 210566 23 758
44426 209551 25 740
44446 210274 17 773
44467 209816 18 742
44486 209653 17 749
44507 210524 17 762
44526 209473 17 739
44546 210858 18 785
44567 210137 17 778
44587 209756 18 744
44613 210570 22 739
44634 210272 18 785
44653 210375 16 711
44673 209093 17 746
44692 209816 17 740
44712 209797 17 738
44731 209848 17 730
44752 209800 18 790
44771 209931 17 751
44795 210765 21 776
44821 210226 24 738
44842 209351 18 770
44862 208801 17 753
44883 209789 19 749
44903 210074 17 761
44923 209288 16 718
44943 209656 17 757
44963 209621 17 759
44983 209954 17 746
45005 209378 20 735
45031 210625 23 758
45051 210064 17 743
45073 210214 19 753
45092 209380 16 718
45111 209221 16 726
45131 210359 17 770
45151 210322 18 763
45172 209228 18 754
45192 209958 17 750
45219 209401 23 739
45241 209291 18 757
45261 210628 17 753
45281 210586 18 768
45302 209729 18 768
45322 210122 17 748
45342 209440 18 761
45363 210305 18 794
45385 211175 18 788
45407 210203 20 781
45434 210134 25 742
45454 210071 17 723
45475 209354 19 749
45495 211117 17 748
45515 209159 17 747
45535 209713 17 733
45555 209989 18 789
45574 209312 17 741
45594 210696 17 768
45618 210051 21 755
45648 209684 25 765
45667 209369 16 707
45687 210771 17 754
45708 209635 18 722
45727 208956 17 724
45747 209048 16 733
45766 209564 17 741
45786 210777 17 763
45807 209848 18 725
45836 209314 26 768
45856 209640 17 771
45876 210351 17 773
45898 209869 19 765
45918 210021 17 757
45937 210265 17 745
45957 209356 17 764
45977 210481 17 779
45997 210676 17 773
46019 210067 19 761
46045 209639 23 761
46066 209424 18 767
46086 210498 17 740
46105 210260 16 713
46125 209957 18 777
46145 210196 17 759
46166 210437 18 790
46185 210058 17 748
46205 209773 17 758
46227 209068 19 719
46252 209339 20 751
46272 210380 17 747
46294 210128 18 750
46314 210603 17 751
46335 209949 18 779
46354 209757 17 755
46375 210499 18 778
46394 210623 16 736
46413 209333 17 727
46441 210943 24 788
46462 209006 18 740
46483 209941 18 799
46504 210300 19 777
46524 210522 17 743
46544 211041 17 742
46564 209950 17 755
46584 209640 17 772
46603 209375 17 752
46625 210309 19 752
46652 209075 24 757
46671 209512 17 745
46692 209989 17 774
46712 209366 17 769
46732 210365 17 753
46752 208964 18 791
46772 209027 17 740
46792 208764 18 774
46813 209392 17 763
46835 209497 20 744
46861 210132 21 754
46882 209938 19 771
46903 209828 18 756
46922 209392 17 743
46942 209135 17 750
46962 208498 17 766
46982 210006 18 783
47001 209237 16 737
47021 209916 17 742
47056 209896 32 787
47079 209944 18 776
47098 209809 17 724
47119 209254 18 733
47139 209105 17 742
47158 209481 17 751
47179 209684 17 769
47199 210236 17 775
47219 209573 17 769
47243 210231 21 775
47268 209382 22 776
47289 209923 17 762
47313 210992 19 759
47334 210282 18 786
47354 209880 18 782
47374 209236 17 730
47393 208955 17 739
47414 209412 18 751
47436 210235 19 762
47456 209444 17 746
47482 209841 23 767
47510 209153 25 765
47529 210529 16 706
47549 209205 17 751
47568 209523 16 721
47588 208689 17 747
47608 211035 17 781
47628 209576 17 762
47652 210589 21 756
47677 209374 20 746
47698 209650 18 747
47717 208950 16 736
47736 209228 17 724
47757 209904 18 775
47778 210019 18 779
47797 210367 17 749
47817 210112 17 765
47839 211071 19 776
47864 209467 22 744
47884 209562 17 737
47904 209122 17 746
47924 209986 18 786
47944 210903 18 785
47964 209405 17 751
47985 209107 18 763
48006 210337 18 779
48026 210807 17 759
48048 209990 19 738
48075 210101 24 793
48095 210660 17 746
48116 210068 18 792
48136 209301 17 730
48157 209126 17 754
48177 209437 17 731
48197 210119 18 784
48217 209629 17 754
48236 209680 17 733
48258 209059 19 737
48288 209751 25 767
48308 209873 17 737
48330 210493 19 760
48349 210441 17 725
48368 209420 16 725
48388 209540 17 763
48408 209861 18 755
48427 208728 16 706
48449 210773 19 766
48475 209576 23 735
48496 209959 18 773
48517 209541 18 757
48537 210230 18 770
48557 210923 17 746
48577 209381 17 744
48598 209702 17 758
48618 209850 17 758
48638 209987 18 783
48661 209748 20 757
48688 210243 24 789
48709 209635 18 762
48729 210260 17 746
48749 210561 17 761
48769 209918 17 773
48789 209852 17 743
48809 209921 17 734
48829 210847 18 771
48849 209479 17 767
48873 209860 21 731
48897 210020 19 744
48917 210157 17 743
48938 209806 18 733
48957 208819 17 748
48977 209506 17 746
48997 210134 17 765
49017 208885 17 753
49036 209197 16 708
49058 210897 18 738
49083 210149 22 764
49103 209093 17 731
49123 209491 17 742
49143 209555 17 762
49162 210006 17 750
49182 209975 17 747
49202 210126 18 784
49222 209577 17 747
49242 210650 17 768
49264 210324 19 764
49289 209515 22 754
49310 208993 18 774
49330 210759 17 763
49352 209618 19 769
49371 210674 17 732
49391 210197 17 760
49412 210347 18 787
49431 210183 17 745
49451 210125 17 759
49474 208469 20 747
49502 209519 26 782
49523 209447 18 769
49544 210600 18 744
49564 209926 18 772
49584 209497 17 737
49605 210355 18 789
49624 209815 17 748
49644 210587 17 781
49664 209723 17 745
49696 209515 28 735
49717 210011 17 734
49739 210308 19 791
49759 210202 18 769
49780 209662 18 770
49801 209679 18 763
49822 209312 18 780
49842 210174 17 739
49862 210143 17 765
49885 209552 20 736
49910 209484 20 774
49930 208909 18 772
49952 209680 19 756
49973 209997 18 791
49993 209660 18 744
50014 209906 18 762
50034 209864 17 749
50055 209950 18 755
50076 210058 18 751
50102 210177 24 772
50124 209848 19 757
50144 210526 17 730
50164 209092 17 749
50184 208889 17 751
50204 211257 18 768
50226 210938 19 805
50246 210613 18 778
50266 209691 17 753
50290 209951 21 796
50315 210051 20 750
50335 209647 17 763
50356 209278 17 774
50375 208949 17 730
50396 210075 18 780
50416 209099 17 709
50435 210181 17 731
50456 209229 18 764
50475 208943 17 738
50502 210072 23 780
50524 210091 19 790
50545 209995 18 797
50566 210261 19 765
50587 209699 18 791
50607 209275 17 763
50627 210611 17 758
50647 208538 17 743
50667 211496 18 790
50689 208182 18 741
50717 209433 26 767
50737 209747 17 755
50759 210666 19 779
50780 210201 18 768
50801 209739 18 764
50821 209528 17 733
50840 210724 17 748
50861 210010 17 771
50880 209461 17 748
50908 209660 25 758
50934 210508 21 796
50954 209748 16 739
50973 210079 17 763
50993 209426 17 742
51013 209275 17 737
51032 209875 17 758
51052 209816 16 733
51071 209408 17 757
51094 210235 20 773
51120 209557 22 750
51140 209111 17 747
51160 209936 17 754
51181 209989 18 749
51200 208317 16 734
51220 209114 17 765
51241 210063 18 755
51261 210026 18 777
51281 209320 17 758
51304 209357 20 761
51330 209705 20 735
51350 209204 18 756
51371 209073 18 734
51391 209427 17 743
51411 210254 17 705
51432 209965 18 777
51451 209438 16 718
51471 210306 18 776
51492 209487 18 742
51518 210305 22 740
51538 209485 17 735
51558 210075 17 752
51579 209975 18 771
51599 210131 17 764
51619 210497 17 758
51639 210387 17 748
51658 209461 17 763
51678 209787 17 766
51700 209348 19 738
51725 209792 22 750
51745 209567 18 770
51766 209210 18 743
51787 210416 18 788
51806 210640 16 719
51825 210136 17 735
51845 209865 17 738
51866 211272 18 781
51885 208982 17 753
51907 208514 19 780
51933 209988 23 730
51953 208999 17 748
51974 210282 18 785
51995 209786 18 779
52016 210641 17 749
52036 210404 18 762
52056 209695 17 731
52075 209872 17 747
52095 210055 17 753
52116 209664 19 748
52142 211259 21 778
52162 210484 18 778
52182 209521 17 737
52202 208395 17 741
52222 209663 17 769
52242 210561 17 748
52261 209536 17 757
52281 210484 17 770
52301 211028 17 769
52326 210264 22 747
52354 210554 24 758
52375 210142 18 784
52397 210169 20 815
52418 209540 17 758
52437 209477 16 709
52457 209194 17 773
52477 210649 17 758
52497 210453 17 766
52521 210546 21 802
52547 209779 23 776
52568 209272 18 769
52590 209799 18 723
52609 209369 17 729
52629 209807 17 736
52650 210365 18 770
52670 209603 17 754
52690 208932 17 748
52711 209407 18 770
52739 210404 24 777
52760 209601 18 775
52780 209696 17 754
52800 209973 18 769
52819 209935 16 727
52839 209066 17 746
52859 209011 17 744
52880 210232 18 792
52901 210842 18 776
52923 209455 20 766
52953 209696 26 778
52974 209750 18 759
52994 209903 17 765
53013 209981 17 729
53034 209740 18 787
53054 209293 17 752
53074 209913 18 789
53094 210240 17 752
53113 209666 17 746
53139 209322 23 797
53161 209568 18 743
53181 209582 17 742
53201 210171 17 737
53221 210690 17 752
53241 210078 17 757
53259 210461 16 715
53279 210579 16 734
53299 208685 17 769
53318 209765 16 721
53345 210422 25 758
53368 210150 18 756
53388 209147 17 742
53409 209688 19 790
53430 209484 18 784
53451 209897 18 793
53471 210075 18 780
53492 211013 18 784
53512 209964 17 752
53534 209380 19 757
53566 209853 29 757
53585 208472 16 717
53606 209689 18 750
53626 207883 17 712
53646 210565 17 761
53666 209692 17 745
53686 210329 17 774
53706 209579 18 778
53727 209969 18 755
53755 209931 24 785
53776 209563 18 771
53797 209893 18 748
53818 209163 18 755
53838 209674 17 741
53858 209819 17 763
53878 209771 17 740
53897 209231 16 723
53915 208468 16 708
53938 209308 20 770
53964 210339 23 789
53983 209207 17 719
54004 210146 18 777
54025 211089 18 781
54044 209737 17 731
54065 209143 18 769
54085 209639 17 738
54106 210218 18 752
54126 208683 17 739
54147 210390 19 729
54173 209002 22 760
54194 209693 18 792
54215 208658 18 740
54235 210828 17 752
54256 210010 18 787
54276 209597 17 770
54296 210385 18 782
54316 210400 17 747
54337 208764 18 758
54364 209711 23 809
54387 209984 19 779
54406 208970 17 714
54427 211162 18 800
54447 209499 17 734
54466 209364 16 737
54486 209676 17 753
54505 209642 17 749
54525 209087 17 761
54548 210264 20 754
54576 210629 25 765
54596 209553 17 743
54616 210634 17 735
54637 210393 18 761
54657 209532 17 738
54677 208914 18 763
54698 210248 17 746
54718 209870 18 781
54739 209304 17 753
54768 210189 27 748
54796 210801 25 778
54820 210428 21 755
54841 210649 18 774
54861 209831 17 727
54881 209749 18 762
54902 208717 18 759
54921 209369 16 724
54942 208763 18 763
54967 210053 22 736
54991 209756 22 760
55016 210690 22 792
55038 209909 19 755
55059 210109 18 749
55078 209500 17 728
55098 210210 17 748
55118 209602 17 756
55137 209735 17 750
55159 209463 19 777
55186 210753 24 824
55207 210127 18 751
55229 209190 19 749
55253 210554 21 768
55280 210445 24 752
55300 209706 17 751
55321 209909 18 777
55342 210360 18 763
55364 209136 19 734
55389 209023 22 749
55408 208741 17 715
55428 209965 17 722
55448 209838 17 759
55469 210867 18 786
55489 209363 18 747
55509 209898 17 729
55531 210455 19 809
55550 209747 17 749
55575 208286 22 755
55598 209253 19 742
55619 210423 18 761
55640 210737 19 775
55660 209225 17 747
55679 209231 16 717
55698 209816 16 721
55718 210867 17 766
55738 209587 17 755
55758 210040 18 743
55786 209367 24 761
55807 210853 18 786
55827 209512 18 780
55848 210339 18 775
55869 210224 18 771
55889 210660 18 763
55909 209059 17 746
55929 209573 17 761
55948 210626 17 760
55971 209812 20 786
56002 209398 27 772
56021 209570 17 745
56043 210487 18 790
56063 210353 17 762
56083 209021 17 751
56103 209951 17 768
56122 209863 17 761
56143 210737 18 785
56163 210321 17 757
56192 209947 25 757
56213 209345 18 758
56233 210933 18 764
56254 210214 18 770
56274 209285 17 746
56294 209428 17 759
56313 209787 17 740
56333 209923 17 758
56352 209796 17 746
56375 209966 19 764
56402 210806 24 767
56422 209098 17 727
56441 208909 16 719
56461 210424 17 755
56480 210279 16 727
56500 210368 17 766
56519 210099 17 744
56539 209993 17 740
56558 209607 17 752
56581 210024 20 782
56608 209013 23 733
56628 210658 17 771
56648 210092 18 740
56669 209342 17 756
56689 210134 17 759
56709 210007 17 745
56728 209073 16 731
56749 210782 18 786
56769 210498 18 769
56795 210862 23 780
56818 209539 19 737
56838 210619 17 737
56859 209979 18 757
56880 209523 17 763
56898 209703 16 717
56918 209424 17 743
56937 209208 17 741
56958 209139 18 792
56979 210073 18 751
57005 209303 22 773
57024 209564 17 734
57044 209730 17 743
57064 209677 18 757
57085 207825 18 752
57105 209076 18 763
57125 209519 17 733
57145 209246 17 717
57165 209990 18 763
57188 209272 20 756
57217 210319 26 762
57240 209362 20 763
57261 210218 18 754
57281 209901 17 764
57301 209965 17 750
57321 210519 17 761
57340 209282 17 744
57361 211068 18 793
57383 209575 19 784
57411 211107 25 766
57433 210026 18 764
57455 209939 19 797
57475 210284 18 770
57496 210800 18 780
57516 208773 17 758
57536 210318 17 766
57556 209454 17 764
57575 210753 16 729
57598 210670 20 781
57624 210590 23 734
57643 208919 17 746
57664 210338 17 773
57684 210595 17 749
57704 209445 17 738
57724 209801 18 747
57745 210385 17 758
57765 209501 17 742
57785 210339 17 758
57811 210006 23 764
57833 209750 18 740
57852 209469 17 728
57874 212050 19 788
57895 211004 19 804
57915 208736 16 721
57935 209677 18 775
57956 209535 18 769
57976 209450 18 753
57999 210295 20 779
58026 209327 24 758
58046 210490 18 763
58067 210457 18 789
58089 209200 19 778
58109 210183 17 753
58129 210096 17 756
58149 210151 17 746
58169 210112 17 775
58189 210260 17 749
58211 209714 20 749
58237 209184 21 790
58257 210663 17 753
58277 210775 18 785
58297 209756 17 772
58317 210095 17 776
58338 208732 17 760
58358 209553 17 745
58378 210722 17 763
58398 208818 18 766
58425 209478 23 760
58446 210075 17 726
58465 209659 17 750
58487 210350 19 772
58508 210396 18 772
58528 210691 18 769
58548 209688 17 751
58567 208817 16 720
58586 209555 16 728
58609 209156 21 795
58638 209921 26 750
58660 209714 18 790
58680 209600 18 745
58701 210798 18 761
58722 208922 18 757
58742 209999 18 754
58761 208879 16 701
58781 210496 17 754
58801 210126 17 776
58829 209766 26 777
58852 210684 18 783
58872 208832 18 773
58892 209748 17 743
58912 210685 17 774
58933 210714 18 795
58954 209715 18 773
58973 210494 17 747
58994 211270 18 797
59016 209584 19 749
59044 210323 25 759
59064 209472 17 745
59084 209961 17 728
59105 209951 18 766
59125 209084 17 739
59145 209558 18 749
59166 210709 18 782
59186 210841 17 758
59206 209687 17 765
59232 210953 23 789
59256 210444 20 756
59277 210562 18 787
59298 209627 18 721
59318 210300 18 772
59338 209294 17 729
59358 209597 18 776
59378 209781 17 744
59398 211791 18 782
59420 209016 19 755
59445 209013 22 738
59465 209199 17 760
59486 209987 18 791
59506 210230 17 754
59526 209979 17 772
59546 210266 17 719
59566 209514 17 755
59587 209659 18 758
59607 210014 18 777
59629 209883 19 763
59654 208696 22 724
59673 209907 16 720
59694 209865 17 762
59714 209394 17 735
59734 209879 17 731
59755 210134 17 748
59774 209367 17 740
59794 209912 17 751
59814 209882 17 746
59846 209487 30 753
59872 209861 21 767
59892 210719 17 760
59913 210048 18 755
59933 209923 17 756
59953 209717 17 733
59973 210390 17 754
59993 208875 17 745
60012 209461 17 744
60034 209675 19 758
60059 208706 22 713
60079 210188 17 769
60100 209985 17 774
60119 210099 17 761
60140 208785 17 768
60160 209496 18 764
60179 209605 17 714
60199 210230 17 741
60220 209690 17 767
60241 209740 19 742
60269 209495 24 767
60290 209558 19 752
60310 209396 17 758
60330 210327 17 756
60350 209469 18 779
60370 209689 17 746
60390 210000 17 763
60409 208402 17 739
60429 209077 17 746
60456 210765 23 767
60477 209831 18 747
60498 209963 18 763
60520 209794 19 766
60541 210999 18 781
60561 210131 17 776
60581 210729 17 769
60601 210374 17 767
60621 209766 16 731
60641 209357 18 722
60668 209583 24 754
60688 208961 17 757
60708 210742 17 777
60728 210247 17 736
60748 209294 17 764
60768 208728 17 732
60790 209331 18 780
60810 209734 17 743
60831 209644 18 765
60855 210055 22 803
60878 209813 18 730
60898 210695 18 770
60920 210179 19 759
60940 209688 17 759
60960 209632 17 769
60980 210097 17 744
60999 209859 16 728
61018 210372 17 765
61040 210116 18 774
61070 210000 26 747
61094 211531 18 780
61114 210393 18 769
61135 209872 18 771
61156 210546 18 776
61176 211164 17 772
61196 210315 17 773
61216 209874 17 748
61237 210002 18 768
61259 210143 20 766
61284 210572 20 756
61305 209007 19 735
61325 209393 17 754
61346 209953 18 781
61367 210322 18 780
61387 210022 18 765
61408 209565 18 780
61427 210789 17 749
61448 208971 18 748
61474 209061 22 759
61494 209176 16 715
61516 209043 19 776
61536 209384 17 757
61556 209294 17 737
61577 210125 18 784
61597 210648 18 781
61617 209655 17 752
61637 208567 17 763
61659 210762 20 763
61686 210233 25 793
61708 210097 19 750
61727 209207 17 731
61747 209606 17 742
61768 210563 18 779
61788 209898 18 769
61808 209759 17 762
61829 209560 18 778
61849 210351 17 746
61874 209668 22 752
61896 209466 18 790
61917 210169 17 751
61937 209260 17 766
61957 210840 17 783
61976 208172 16 724
61996 210109 17 749
62015 208798 16 732
62034 209633 16 721
62054 210395 17 755
62084 209672 25 783
62104 210071 17 741
62125 210446 17 745
62147 209200 20 792
62168 209545 18 762
62189 210946 18 793
62209 210438 17 756
62231 210684 19 793
62251 208926 17 714
62272 210191 18 728
62299 209616 24 732
62318 210320 17 734
62340 210623 19 786
62360 209869 17 771
62379 210161 17 753
62399 209985 17 748
62420 210215 18 779
62440 210382 18 778
62461 210604 18 770
62491 209452 26 732
62517 210212 22 771
62542 210804 22 740
62563 210127 18 775
62583 209336 17 737
62603 210218 17 743
62623 209534 17 719
62643 209504 17 734
62663 210836 18 762
62690 209838 23 735
62715 210008 21 786
62736 208365 17 745
62758 209735 19 773
62777 208970 17 734
62797 210542 17 754
62818 209949 18 777
62838 209881 17 774
62858 209639 17 760
62880 209913 19 770
62908 210910 25 816
62929 208903 17 763
62950 209533 18 764
62969 209952 17 747
62989 209224 17 730
63009 210106 17 760
63030 210339 18 779
63049 210052 17 749
63069 209762 17 742
63095 209126 22 735
63116 208866 17 759
63136 209669 17 752
63156 209037 17 762
63176 210937 18 766
63197 210193 17 756
63217 209984 18 768
63237 210008 17 742
63258 210037 18 775
63279 209474 19 761
63306 209911 24 784
63326 209681 17 754
63346 210532 17 751
63367 209953 19 780
63386 209797 16 729
63406 210353 17 742
63426 210155 17 748
63446 210366 17 763
63466 209879 17 748
63487 208936 18 721
63512 208872 23 711
63532 210118 17 741
63552 210406 17 732
63573 209665 18 745
63593 210027 17 753
63614 209697 18 789
63634 210293 17 761
63654 211057 18 781
63673 209362 17 743
63701 210196 24 750
63726 209265 21 779
63746 209007 17 756
63766 209301 17 762
63785 210147 17 735
63805 209384 17 759
63825 209794 18 762
63846 210250 18 792
63866 209039 17 732
63888 209259 19 744
63914 209955 23 788
63935 209971 17 748
63955 209813 18 753
63975 210919 18 780
63995 209317 17 735
64015 210777 17 782
64035 209585 17 769
64055 210391 17 756
64075 210403 17 778
64099 211128 21 803
64124 208651 22 741
64144 209282 17 760
64166 209726 19 772
64187 210044 18 760
64207 210218 17 754
64227 209731 17 761
64246 209081 17 736
64266 209390 17 753
64286 210530 18 792
64315 211376 25 808
64335 210279 17 750
64356 208653 18 778
64376 209550 18 775
64397 210280 18 784
64416 209598 17 745
64436 209778 17 764
64456 208850 17 751
64476 209670 17 759
64498 209495 19 747
64524 209426 23 746
64545 211105 18 814
64565 210291 17 742
64587 210248 19 769
64607 210527 18 765
64627 210074 17 749
64647 209451 17 753
64667 209972 17 777
64686 210455 17 747
64708 209545 19 751
64733 210056 22 729
64753 209953 16 725
64773 209352 17 771
64794 209743 19 777
64814 209851 17 753
64834 209734 17 765
64855 210976 17 742
64875 209801 17 729
64895 209316 17 738
64920 209746 22 771
64948 210227 23 778
64967 210396 17 746
64989 208878 19 780
65010 209605 18 774
65030 209635 18 777
65050 209462 17 732
65069 210142 17 739
65089 211376 17 768
65114 210718 21 773
65138 209091 21 735
65158 209800 17 746
65178 209336 18 751
65199 210193 18 772
65220 210010 18 759
65239 210502 17 751
65260 209237 17 752
65279 208578 17 723
65300 210751 18 774
65326 210466 22 782
65349 210297 19 814
65369 209857 17 725
65389 210019 17 762
65412 210550 21 760
65433 210756 18 804
65453 209515 17 761
65472 209857 16 736
65492 210591 17 753
65515 209093 20 780
65542 210029 24 795
65562 210443 18 771
65583 209975 18 781
65604 209530 18 748
65624 209652 17 754
65644 208863 17 751
65664 210087 17 747
65685 209582 18 761
65705 209914 17 750
65729 208900 21 773
65753 208890 19 767
65774 210772 17 761
65793 209478 17 730
65813 210287 17 725
65833 209696 17 753
65854 209667 18 763
65874 209393 18 758
65895 209743 18 795
65916 210126 18 759
65942 210036 23 746
65963 209770 17 736
65982 209795 17 760
66003 209559 18 724
66023 210408 17 770
66043 209621 17 747
66062 210314 17 729
66082 210671 17 758
66102 209993 17 758
66126 210626 21 800
66154 209915 25 757
66174 209873 17 763
66195 210982 18 787
66216 209997 17 748
66236 210221 18 781
66257 210330 18 790
66278 210662 17 774
66298 210493 18 799
66318 209625 17 737
66344 209400 23 726
66371 210011 23 792
66390 208361 16 722
66411 210439 18 764
66432 209556 18 759
66452 209636 17 752
66472 209818 17 759
66492 209677 18 748
66512 209082 17 728
66535 209880 20 772
66561 208850 23 764
66581 209675 18 766
66603 211033 19 776
66623 209559 17 756
66643 209929 17 750
66663 209212 17 757
66683 209628 17 750
66703 210427 17 766
66723 209706 17 763
66751 210320 26 750
66774 209306 18 774
66795 209072 18 732
66815 210853 17 751
66835 209803 17 755
66856 209610 18 767
66876 210403 17 753
66895 210260 17 745
66915 209531 18 775
66937 209395 19 764
66964 209666 24 751
66985 210017 18 767
67006 210290 18 790
67026 210142 18 777
67047 210396 18 766
67068 210636 18 792
67088 209300 17 717
67107 209445 17 729
67128 210281 17 766
67154 209955 23 764
67177 210392 19 735
67197 210338 18 767
67218 209370 18 731
67237 209502 16 727
67257 209488 17 742
67278 210765 18 806
67297 209559 16 719
67316 210491 16 718
67337 210316 18 751
67365 210906 24 780
67385 209572 17 759
67407 209627 18 767
67429 209929 20 790
67448 208495 16 729
67468 209285 17 756
67488 209779 17 743
67508 209803 17 750
67527 209957 17 743
67550 209620 20 774
67581 210331 27 743
67601 210566 18 759
67622 209809 17 748
67642 209344 17 739
67662 209375 17 761
67683 209610 18 778
67703 210705 18 757
67724 210741 18 774
67745 209823 18 730
67771 209471 22 751
67792 210028 18 752
67812 209881 17 742
67832 209193 17 767
67853 211063 19 782
67874 209757 18 756
67894 208528 17 757
67914 208773 17 745
67933 209928 16 732
67956 210022 20 801
67983 209795 24 767
68004 209675 18 758
68024 210139 16 729
68044 210801 17 764
68063 209596 17 743
68083 209918 17 768
68103 210228 17 747
68123 208779 17 749
68142 208889 16 726
68164 209967 20 740
68191 210512 21 789
68211 211086 17 729
68231 210155 18 793
68251 210207 17 767
68271 209906 17 739
68291 210441 17 755
68310 208707 17 746
68330 209740 17 769
68350 209338 17 736
68376 209109 22 725
68398 209392 19 764
68418 209168 17 750
68440 210175 19 783
68460 209327 18 760
68480 208856 17 753
68499 208457 16 718
68520 210184 17 776
68540 210679 18 790
68562 209914 19 726
68592 209468 27 752
68612 209605 17 751
68635 209236 20 784
68655 210140 18 766
68676 209617 17 750
68696 210969 18 779
68715 210585 17 740
68736 211145 18 791
68756 209246 17 738
68784 210491 24 762
68809 209835 20 742
68829 209484 18 764
68850 210473 18 769
68869 210014 16 723
68890 210332 18 768
68910 209427 17 747
68931 209864 18 762
68950 209454 17 742
68974 209555 21 753
69001 209551 24 740
69021 210352 17 765
69042 209496 18 759
69063 209137 18 764
69083 210911 18 770
69102 209390 16 716
69122 208998 17 761
69141 209761 17 752
69162 210826 18 769
69190 210319 25 768
69212 209033 18 742
69233 209689 18 768
69254 209533 18 740
69275 211096 18 782
69295 209677 18 754
69316 210339 17 759
69336 210127 18 761
69357 210043 18 750
69379 209838 19 750
69405 209619 23 728
69424 208372 17 734
69445 210448 18 788
69465 210716 18 799
69485 208677 17 752
69505 210411 17 747
69525 210188 17 761
69545 209342 18 759
69565 208521 17 726
69591 209824 23 779
69613 209259 18 748
69634 210278 18 779
69653 209377 16 710
69673 209267 17 750
69693 210981 17 744
69714 210674 18 783
69733 209648 17 731
69754 209869 18 783
69774 208929 18 753
69801 210296 23 767
69823 209920 18 776
69843 209152 17 749
69864 211130 18 762
69885 210830 18 777
69906 210450 19 797
69927 209816 17 771
69946 209976 17 742
69965 210406 17 730
69989 209567 21 768
70016 209517 24 757
70037 210573 18 755
70062 209730 21 737
70083 209167 17 754
70103 209433 17 753
70123 209549 17 740
70142 210257 17 756
70164 210438 19 769
70188 209973 21 757
70218 209841 26 739
70238 208635 17 729
70263 208889 22 730
70283 209333 17 765
70305 209665 19 780
70325 209759 18 774
70345 210195 17 744
70365 210239 18 782
70387 209786 18 754
70413 209495 24 765
70433 210045 17 743
70453 209942 16 735
70473 209294 18 747
70494 209259 18 789
70513 209340 16 720
70533 209414 17 739
70554 210457 18 760
70574 211029 17 764
70596 210231 20 740
70622 209383 23 759
70642 210209 18 777
70663 210339 18 763
70684 209813 18 780
70704 208747 17 737
70724 210066 17 761
70744 209596 17 747
70762 210089 16 725
70781 209231 16 733
70804 211146 20 794
70831 211623 22 781
70853 210221 19 763
70874 209938 18 727
70894 209995 17 745
70914 209502 17 731
70935 210509 18 781
70955 210398 18 799
70975 209492 17 766
70998 210758 19 757
71026 210062 25 774
71046 209980 17 763
71067 210178 18 761
71088 210255 18 731
71108 209943 18 766
71128 210015 17 753
71148 209917 17 758
71168 210608 17 778
71189 211722 18 806
71215 209916 22 777
71239 209646 20 786
71259 209306 17 720
71278 210871 17 742
71299 210208 18 772
71319 209850 17 744
71339 209990 18 779
71359 209470 17 723
71379 209119 17 765
71400 210156 19 763
71427 209967 23 753
71457 210641 24 777
71477 210424 18 757
71498 209782 17 752
71518 209265 18 766
71538 209355 16 732
71558 211370 18 795
71578 210271 17 759
71598 209615 17 758
71626 210323 25 773
71647 209268 18 744
71668 209832 17 752
71688 209152 18 736
71708 208482 17 767
71728 209455 17 750
71748 209748 17 737
71768 209655 17 766
71788 210982 18 779
71810 209288 19 746
71836 209512 23 753
71856 209673 17 735
71876 209673 17 745
71896 209419 17 762
71916 209673 17 744
71936 210038 18 774
71957 210298 18 774
71976 209854 17 720
71997 210814 18 779
72019 210176 18 739
72045 209266 24 761
72065 209367 18 769
72086 210387 18 763
72107 209034 17 778
72127 210078 17 756
72146 208373 17 732
72166 209247 17 740
72187 211392 18 796
72207 209329 17 749
72231 210588 21 761
72257 209376 21 783
72277 208955 17 751
72297 209311 18 733
72317 210270 17 738
72338 209793 17 753
72357 209566 17 754
72377 209106 17 741
72397 209132 17 752
72421 209605 21 754
72449 209570 25 745
72469 209385 17 744
72490 210664 18 781
72512 209781 18 770
72539 209808 24 735
72559 210206 17 709
72588 209406 26 752
72613 210441 21 752
72643 210876 27 744
72665 209806 18 743
72685 211301 18 748
72713 210793 24 737
72734 210308 19 786
72754 209416 17 732
72775 210473 18 774
72803 209512 25 769
72841 209782 33 759
72872 210477 27 736
72895 208913 20 759
72918 209824 20 750
72950 210607 28 765
72971 209707 18 761
72998 210742 25 767
73027 209314 26 734
73056 208786 25 744
73077 210249 18 779
73104 209434 24 740
73125 209378 18 755
73153 209590 25 730
73174 209690 18 751
73195 209474 18 768
73216 210401 18 772
73238 210508 20 764
73264 209980 23 746
73284 209897 17 771
73304 209360 17 758
73324 210874 17 745
73345 210523 18 802
73366 210310 18 773
73386 210016 18 767
73406 209613 17 745
73427 209309 18 771
73454 209986 24 730
73478 210034 19 779
73497 209571 17 744
73518 209660 18 730
73537 210519 17 732
73557 209302 17 764
73577 210032 17 750
73597 209224 17 749
73616 209437 17 737
73639 210084 20 775
73665 210918 23 744
73685 210143 17 746
73705 209870 18 771
73726 210127 17 764
73746 209739 17 757
73766 209320 18 762
73787 210089 18 772
73807 210179 16 718
73826 210471 17 738
73848 210107 19 744
73877 209409 25 732
73897 209854 17 762
73919 210570 19 783
73940 210916 18 779
73960 211263 18 789
73980 208818 17 740
74000 209027 18 785
74020 210377 17 764
74041 209542 18 752
74072 211259 27 773
74093 209363 17 759
74113 210266 17 763
74135 208974 18 762
74154 210303 17 749
74174 209391 17 755
74193 209303 16 732
74213 209892 17 754
74233 209606 17 749
74257 209499 21 754
74282 208513 21 729
74302 209888 17 746
74322 210070 17 756
74342 209104 17 754
74362 209839 17 744
74381 209263 17 745
74402 211224 18 770
74422 209594 17 745
74442 209386 17 737
74466 210646 22 758
74489 210079 18 750
74509 210543 17 771
74529 209102 17 755
74549 210237 17 758
74569 210107 17 754
74588 209319 16 723
74608 209751 17 764
74629 209589 17 771
74649 208882 18 723
74677 209978 24 752
74699 210428 17 764
74719 210794 18 796
74741 209350 18 760
74760 208532 17 741
74780 209239 17 764
74799 209434 16 735
74820 211134 18 801
74841 209897 18 785
74863 210173 20 761
74889 209788 23 753
74908 209961 16 725
74928 210335 17 740
74948 209840 17 752
74967 209533 16 730
74987 209097 16 728
75006 209166 17 728
75026 210120 17 736
75045 208876 16 730
75069 210047 21 790
75095 209647 23 777
75115 210506 18 775
75137 210445 18 751
75156 208851 17 728
75176 210756 17 750
75196 208934 17 753
75215 209122 17 745
75235 208821 17 762
75256 209893 18 781
75284 209786 25 748
75305 210515 18 754
75325 210530 17 756
75346 209433 18 750
75365 210031 17 749
75385 208916 17 734
75406 208945 18 759
75427 210304 18 764
75448 210909 18 783
75470 209707 19 739
75498 210314 25 752
75518 210896 18 760
75539 209614 18 769
75560 209788 18 779
75580 208595 17 768
75600 209928 18 775
75621 210843 18 769
75640 209097 17 750
75660 209227 17 752
75685 210359 22 748
75707 209024 18 728
75729 208904 19 759
75750 210553 18 793
75771 210358 17 757
75791 208769 18 762
75810 207670 16 705
75830 210642 17 753
75851 211092 18 802
75872 208596 19 732
75897 209187 22 770
75918 209816 18 782
75938 209665 17 756
75959 208486 18 737
75979 209861 17 754
75998 209842 16 726
76018 210145 17 760
76038 209927 18 793
76059 210091 18 767
76081 209222 19 731
76107 209624 24 739
76128 210067 18 789
76148 209918 17 764
76168 209345 17 743
76187 209632 17 742
76208 209549 18 788
76228 210790 17 762
76249 209464 18 779
76269 209230 17 757
76291 209581 19 728
76316 209687 21 758
76337 209602 18 760
76358 209246 18 747
76379 210180 18 762
76398 208662 16 710
76418 208829 18 765
76438 209563 17 741
76459 211314 18 802
76481 209404 19 738
76507 210144 23 768
76528 210413 17 771
76548 209823 17 752
76570 210395 19 787
76590 209743 17 771
76610 210878 18 772
76631 210356 18 771
76652 209518 18 770
76673 209315 17 768
76697 211009 21 771
76726 210248 24 761
76746 209149 17 736
76768 210707 19 791
76788 209804 18 770
76809 210089 18 779
76829 210014 17 779
76849 209827 17 757
76869 209523 17 757
76892 210543 21 779
76918 210396 23 759
76939 208894 18 760
76958 209799 17 746
76980 209833 18 750
77000 209584 18 770
77021 210112 17 763
77041 209203 18 767
77060 209806 16 723
77079 209071 16 722
77102 210542 20 755
77126 209679 20 742
77147 210061 18 763
77168 209769 17 768
77189 210243 18 779
77209 209387 17 747
77229 209467 17 741
77250 210352 18 789
77271 209936 18 795
77293 209666 20 770
77318 208937 22 747
77338 209576 17 743
77358 209103 17 755
77378 210516 17 756
77398 210110 18 774
77419 209002 17 743
77438 209766 17 742
77458 210195 17 766
77479 211052 18 806
77503 209255 21 769
77530 210338 24 768
77550 210131 18 756
77577 208666 24 742
77599 211371 19 810
77620 210134 18 780
77640 209936 18 772
77660 208838 16 729
77680 209953 17 771
77702 209087 19 741
77724 209922 19 763
77748 208751 21 729
77771 210415 21 766
77794 209812 19 781
77814 210198 17 721
77834 209619 17 768
77854 210624 17 746
77874 209532 17 748
77894 210482 18 779
77921 208841 23 748
77949 209657 23 772
77971 209991 19 791
77991 210951 17 745
78012 209569 18 791
78032 209850 17 764
78051 208291 17 719
78072 210009 18 768
78092 209824 18 764
78114 210963 19 777
78140 208831 23 775
78160 209284 17 767
78180 209501 17 749
78202 210410 18 803
78221 209750 17 743
78241 209776 17 754
78261 210816 17 743
78281 209924 18 782
78300 209397 16 731
78325 209056 22 769
78350 209653 20 782
78370 209894 18 768
78392 209795 19 759
78412 210295 18 778
78432 209437 17 758
78452 209341 17 748
78471 209781 16 712
78491 211056 17 739
78513 209863 20 743
78538 209315 22 756
78559 209975 18 779
78579 210451 17 759
78598 209159 16 730
78618 209202 17 742
78638 210222 17 751
78657 209290 17 736
78677 209324 16 719
78696 208523 16 727
78719 210881 20 768
78744 209837 22 720
78765 211242 18 769
78785 210795 18 779
78806 209856 18 751
78826 209977 17 746
78846 210252 17 775
78866 209436 17 733
78887 209681 18 804
78907 210403 18 782
78930 209559 20 764
78955 209381 20 738
78977 210412 19 759
78997 210303 17 762
79018 210813 18 798
79038 210471 17 748
79058 209655 17 744
79077 209891 17 745
79096 209548 16 715
79117 210022 18 771
79144 208986 23 761
79168 209915 19 762
79189 209041 18 759
79208 209759 17 736
79228 209680 17 768
79249 210334 17 774
79269 210550 18 793
79289 209855 17 766
79309 209733 17 741
79330 209537 19 753
79358 210760 25 733
79378 209525 17 752
79397 208997 16 724
79419 209141 17 745
79440 210838 18 761
79462 211149 19 798
79482 209478 18 767
79502 210346 17 736
79521 207820 16 696
79547 211190 23 773
79569 210420 18 752
79589 209998 18 790
79611 210645 19 765
79631 208923 17 756
79650 209463 17 738
79671 210149 17 768
79690 209733 17 755
79710 209543 17 767
79733 210120 20 781
79758 209668 22 739
79778 210062 17 758
79799 209905 18 797
79819 210319 18 771
79840 210282 17 765
79860 210357 18 768
79880 209801 17 759
79900 210072 17 761
79920 210555 17 750
79943 210102 20 790
79968 208798 23 743
79989 210111 18 773
80011 210210 18 755
80031 209081 17 759
80050 209107 17 745
80070 210680 17 754
80090 210565 17 775
80111 210191 18 787
80131 210041 18 756
80159 209778 24 806
80180 209628 18 749
80200 210487 17 760
80222 209646 19 783
80243 211164 18 774
80263 209309 17 748
80283 210827 17 756
80302 209876 17 752
80323 209770 17 764
80346 210578 21 756
80375 209288 26 744
80396 209109 18 766
80416 209396 17 727
80435 209793 17 738
80455 210023 17 735
80475 209733 17 762
80496 209472 18 785
80516 210419 17 746
80536 209977 17 772
80563 209818 24 760
80585 209644 17 736
80605 210102 17 757
80626 209624 18 808
80645 210019 17 751
80667 210697 18 817
80687 209701 17 751
80706 209076 17 731
80726 210276 17 760
80749 210473 20 773
80773 209964 22 740
80795 211048 18 792
80815 210718 18 768
80836 210366 18 754
80857 209782 18 760
80877 209524 17 745
80897 209119 17 753
80918 209864 18 792
80938 211096 18 794
80961 209528 20 778
80987 210215 21 750
81006 208861 17 744
81028 210059 18 770
81047 209690 17 741
81067 209150 18 754
81087 209315 17 734
81106 208715 17 729
81126 209652 17 764
81147 210032 18 775
81174 209277 23 792
81195 210634 18 792
81215 209516 17 756
81235 209322 17 758
81255 209138 17 765
81275 210017 17 744
81295 210520 18 784
81315 210655 17 759
81335 210446 17 768
81357 209924 19 768
81384 210230 24 762
81405 210065 18 775
81426 211088 18 772
81447 209980 18 737
81466 209530 17 743
81486 209622 17 734
81505 210061 16 731
81525 210903 17 756
81546 211395 19 831
81569 209524 20 783
81599 211056 27 784
81619 209614 17 753
81641 208927 19 769
81662 209826 18 796
81682 209756 17 751
81703 209913 18 803
81722 208254 16 724
81741 209261 17 755
81763 210114 19 760
81790 210618 23 788
81809 209253 17 744
81830 210420 17 758
81851 211761 19 816
81871 209079 17 760
81891 210491 17 767
81912 209947 18 786
81933 209508 17 752
81953 209813 17 745
81975 209338 19 736
82002 210692 24 762
82023 210812 19 792
82043 210281 17 754
82063 209969 17 762
82082 210026 16 718
82102 209737 17 743
82122 210787 17 739
82142 209474 18 783
82162 210806 17 777
82188 209308 22 739
82210 208673 18 736
82231 210878 18 757
82252 209958 19 757
82271 210337 16 732
82292 210207 17 753
82311 209871 17 715
82332 211009 18 784
82352 208917 17 742
82376 210332 21 783
82402 209417 23 749
82422 209677 17 755
82442 210204 17 766
82462 209794 17 778
82482 209015 17 754
82502 209133 17 732
82522 210097 17 756
82542 209790 17 755
82562 209292 17 767
82584 209647 19 751
82611 210083 22 734
82631 209861 17 748
82653 211758 19 802
82673 210274 17 765
82694 209373 17 768
82714 210013 18 778
82734 210386 18 767
82754 209274 17 747
82775 209846 18 747
82802 209977 23 760
82824 210730 18 792
82844 210462 17 749
82864 209446 17 735
82885 209384 19 777
82905 209829 16 725
82924 208943 17 744
82944 209027 17 754
82963 210207 17 741
82990 210672 24 799
83018 208920 24 729
83038 211147 17 764
83059 209998 18 723
83080 210257 18 785
83098 209218 16 702
83119 209854 17 769
83138 210087 17 762
83159 210342 17 774
83178 209847 17 758
83206 210771 23 751
83226 209682 18 759
83246 210107 17 751
83266 208484 17 755
83287 209964 18 802
83306 207735 16 722
83326 210455 17 782
83346 209791 17 757
83366 209485 17 747
83388 208729 20 733
83414 210249 23 784
83435 209546 18 788
83455 209154 17 736
83475 209574 17 719
83495 209665 17 754
83514 209088 16 728
83535 211004 18 775
83554 210539 17 742
83573 210200 16 734
83596 210528 20 751
83622 209365 23 748
83641 209105 17 738
83660 208826 17 739
83681 210022 18 747
83702 210680 18 779
83722 210117 17 775
83742 210184 17 743
83762 209759 17 746
83782 208664 17 752
83806 209441 21 755
83832 209397 21 757
83852 209536 17 737
83872 209018 17 727
83893 209853 18 776
83913 209830 17 757
83933 210002 17 770
83953 209581 17 746
83973 210995 17 761
83993 208465 17 738
84021 210855 25 769
84042 209822 17 747
84063 209861 18 789
84084 209549 18 748
84106 210570 19 805
84126 209567 18 767
84146 209684 17 740
84165 210319 17 745
84186 211393 18 776
84209 209459 20 755
84240 209707 27 746
84260 209913 18 775
84282 208788 19 770
84302 209820 18 774
84323 210689 18 779
84344 209021 18 759
84364 210390 17 753
84384 209618 17 761
84407 209680 21 752
84432 209081 22 753
84452 210328 18 777
84473 210498 18 781
84493 209480 18 774
84512 208829 16 731
84532 210379 17 746
84551 209894 17 743
84571 210806 17 761
84591 210229 17 754
84612 208967 18 714
84638 209587 23 748
84659 210321 18 783
84680 209821 19 757
84700 210693 17 745
84721 209659 18 768
84741 209996 17 757
84760 209787 17 738
84781 210219 17 775
84801 210592 17 774
84826 210185 23 786
84850 211003 20 788
84869 209132 16 698
84890 209958 18 768
84912 210596 19 776
84932 209773 18 777
84953 210694 18 774
84973 210030 17 743
84993 209282 17 753
85014 209752 18 729
