fo time ls_time n_ls_moves
82 861582 82 1134
194 860863 98 1131
293 859387 83 1087
406 861657 96 1133
520 864149 100 1223
632 861950 91 1147
745 861950 99 1151
853 865530 93 1146
978 861444 109 1164
1114 860937 108 1116
1239 861285 97 1153
1343 862543 90 1081
1451 864809 92 1183
1564 860542 98 1130
1685 865339 107 1229
1799 860205 95 1104
1903 862808 89 1185
2013 862289 96 1131
2114 860097 86 1142
2231 862709 103 1178
2334 863151 89 1169
2450 863035 99 1211
2563 863468 98 1121
2669 858308 87 1090
2778 860782 94 1081
2883 862378 90 1136
2997 863893 100 1207
3108 863012 95 1213
3225 864983 102 1198
3328 864041 89 1178
3443 863485 100 1197
3542 861171 85 1101
3656 862181 97 1156
3762 864677 92 1176
3874 861573 91 1131
3988 862410 99 1175
4096 862808 93 1181
4207 862267 97 1134
4314 862361 91 1172
4428 861896 99 1157
4533 861934 91 1195
4648 862780 101 1168
4754 863635 91 1203
4868 860476 100 1125
4969 861324 87 1124
5083 862928 97 1164
5194 862412 97 1162
5311 861576 91 1159
5422 859853 97 1133
5527 861983 91 1162
5639 861343 97 1155
5743 864000 89 1140
5859 861666 102 1188
5968 864091 94 1207
6076 861862 93 1072
6173 860007 83 1100
6282 863053 95 1105
6386 861395 89 1176
6504 860227 104 1093
6603 859274 85 1132
6717 862993 97 1125
6828 863828 96 1239
6934 861100 85 1122
7051 862717 103 1209
7155 863460 90 1157
7269 862449 99 1146
7371 860089 87 1120
7483 862653 98 1148
7588 863519 90 1199
7698 861450 96 1070
7803 863368 90 1182
7916 862134 98 1123
8014 859503 84 1118
8126 862029 97 1162
8224 860219 83 1079
8347 859802 107 1142
8452 860515 90 1153
8572 864110 99 1170
8682 858709 95 1105
8785 863055 88 1134
8892 862580 93 1118
8996 861897 89 1183
9112 863842 102 1139
9218 861041 91 1170
9334 862951 101 1177
9433 861346 84 1109
9549 861930 102 1168
9648 858656 84 1099
9758 862201 93 1124
9862 861934 90 1182
9977 864911 98 1169
10084 862144 92 1141
10190 861666 86 1129
10308 862405 103 1164
10413 862472 90 1119
10534 865294 107 1203
10639 861760 90 1162
10757 863464 104 1229
10857 861764 85 1108
10976 863128 104 1210
11081 864275 90 1189
11197 862926 98 1165
11299 861654 87 1105
11406 860924 86 1092
11519 859689 98 1143
11620 862371 87 1121
11762 862398 102 1116
11864 860100 86 1125
11981 864113 103 1180
12088 863158 92 1219
12201 862057 95 1164
12311 862360 96 1200
12419 860328 86 1086
12535 863690 101 1152
12642 862302 92 1179
12759 866386 103 1218
12864 861020 90 1195
12987 862447 108 1215
13088 863044 85 1132
13202 860888 100 1136
13305 861935 88 1120
13416 860868 94 1107
13518 862049 87 1152
13626 861546 91 1101
13733 862788 92 1186
13846 863108 92 1161
13965 862108 104 1209
14067 862540 88 1117
14177 862473 96 1106
14279 861404 87 1138
14392 858162 99 1079
14495 863032 88 1134
14605 859773 96 1110
14710 862078 89 1181
14822 861610 97 1136
14929 862811 92 1213
15043 863772 97 1145
15150 862293 92 1154
15260 861146 90 1130
15360 860344 86 1106
15468 862506 87 1146
15572 861469 89 1093
15681 863826 89 1162
15796 860863 100 1169
15898 861068 88 1141
16014 863506 102 1130
16122 860938 89 1131
16240 863536 104 1131
16340 861943 85 1122
16456 861267 102 1172
16556 860333 84 1094
16668 861420 94 1110
16775 864838 92 1182
16884 859761 90 1130
16996 863192 97 1162
17104 861902 89 1133
17209 862432 91 1072
17310 863148 86 1141
17420 863233 95 1149
17526 861621 90 1187
17636 862465 95 1124
17739 862670 87 1126
17852 861226 99 1143
17951 861204 84 1105
18060 860665 95 1115
18163 860014 86 1134
18282 862040 105 1148
18386 861555 89 1152
18499 859429 95 1096
18596 860300 82 1076
18710 861717 98 1183
18810 857532 85 1068
18924 862825 93 1178
19037 861827 99 1178
19142 861307 91 1182
19256 862057 100 1179
19353 859118 82 1092
19463 861593 96 1120
19563 858699 85 1084
19681 861190 104 1134
19783 860047 85 1112
19902 863861 104 1235
20001 859538 84 1110
20108 859682 93 1060
20205 859818 82 1088
20319 861918 99 1118
20421 862659 88 1149
20533 861445 95 1121
20636 862152 88 1126
20748 860559 91 1138
20869 864962 106 1195
20977 862088 93 1174
21090 860933 99 1144
21196 864432 91 1189
21311 863823 101 1206
21417 862494 89 1168
21532 865027 100 1157
21631 860781 84 1133
21744 862022 98 1162
21842 861323 83 1099
21953 861667 93 1147
22053 862217 85 1105
22164 863456 93 1147
22285 864061 106 1226
22390 862500 90 1160
22501 862039 96 1138
22602 860201 86 1108
22713 860636 96 1085
22833 864116 101 1199
22941 860541 94 1102
23048 862631 92 1198
23164 863182 102 1160
23265 859168 86 1122
23381 861441 99 1165
23502 863487 106 1268
23622 862673 98 1175
23742 862266 106 1175
23846 861085 86 1110
23960 860951 99 1114
24060 860161 85 1127
24174 860997 100 1190
24277 862640 89 1147
24387 860146 93 1096
24500 865576 98 1218
24613 863906 93 1183
24723 860917 94 1107
24824 861026 86 1111
24939 861734 101 1124
25043 862325 89 1129
25158 861159 100 1170
25267 862524 95 1216
25386 863351 104 1243
25488 862341 88 1133
25600 859970 96 1095
25699 862833 85 1113
25820 864657 103 1217
25923 861375 88 1116
26027 859282 84 1099
26140 861813 98 1160
26242 859874 86 1115
26355 860808 98 1138
26463 863698 92 1195
26575 862231 97 1156
26678 862197 88 1155
26788 862825 96 1140
26897 865331 92 1200
27008 860681 96 1100
27105 861094 83 1096
27216 862151 96 1124
27314 861885 83 1084
27430 861914 101 1157
27528 860976 83 1098
27642 862148 96 1090
27745 862897 88 1133
27850 860251 85 1108
27952 860818 87 1113
28062 861134 90 1138
28160 857104 84 1051
28269 860782 89 1126
28385 860993 102 1190
28487 860681 87 1092
28600 861875 99 1177
28707 866360 92 1180
28824 862176 102 1144
28926 860922 85 1120
29039 862257 99 1111
29140 861938 86 1135
29254 863354 100 1195
29357 862773 89 1168
29471 861813 96 1179
29570 859746 85 1094
29675 862501 87 1078
29787 863169 97 1190
29895 860227 89 1132
30007 860074 97 1133
30105 857692 83 1070
30224 863820 104 1146
30332 864040 93 1185
30448 864225 102 1174
30551 863265 86 1125
30664 862947 99 1158
30771 865324 93 1231
30884 860435 97 1146
30995 864457 96 1233
31110 863116 95 1110
31214 862275 90 1106
31328 860837 93 1110
31442 863827 100 1151
31548 860576 91 1138
31666 861946 103 1145
31769 861825 88 1147
31873 860415 90 1062
31978 863832 90 1200
32093 863441 101 1159
32197 864185 90 1180
32309 860780 94 1142
32413 860497 88 1133
32523 861590 91 1128
32625 862955 88 1130
32737 864519 92 1198
32856 861741 104 1179
32959 862357 88 1135
33073 861730 99 1127
33178 864191 90 1141
33284 860099 91 1077
33391 865055 92 1219
33505 861288 99 1124
33605 861026 85 1130
33717 861271 98 1137
33819 863333 88 1159
33929 860808 93 1100
34031 862687 88 1148
34147 862005 97 1133
34251 861101 89 1149
34363 863373 91 1161
34473 862305 95 1120
34578 863037 90 1154
34688 861865 95 1122
34792 863406 89 1154
34904 863848 98 1169
35007 862277 89 1144
35124 860991 103 1190
35225 862766 84 1088
35341 860674 102 1114
35443 863472 88 1172
35562 863358 103 1208
35667 864195 91 1158
35773 862399 86 1091
35882 862160 95 1156
35988 858765 87 1118
36105 864250 103 1226
36218 863599 98 1251
36336 862539 104 1237
36446 864188 94 1218
36570 862303 109 1223
36672 861082 87 1148
36786 859975 94 1108
36897 862694 96 1196
37006 862503 91 1162
37113 860834 92 1098
37214 861426 86 1117
37324 861242 96 1144
37430 861775 91 1176
37542 861008 98 1105
37651 864508 94 1191
37764 864280 98 1149
37864 862630 86 1140
37987 862391 109 1179
38085 861826 83 1093
38195 861820 93 1086
38298 863097 89 1185
38414 862976 98 1182
38528 861703 100 1191
38625 859222 81 1073
38741 859646 101 1165
38851 861513 94 1130
38970 858036 103 1110
39076 864146 90 1166
39196 862413 106 1178
39301 863123 90 1182
39409 860153 93 1097
39512 862816 89 1175
39627 862963 97 1127
39738 864977 97 1237
39842 858712 84 1106
39953 861797 97 1176
40058 861464 90 1140
40173 863949 100 1179
40276 860376 89 1139
40396 861772 105 1169
40494 861805 84 1105
40612 864285 104 1173
40719 862654 92 1195
40828 860928 94 1065
40927 861970 84 1110
41045 863017 102 1194
41150 859309 90 1140
41260 860179 90 1129
41364 860524 89 1110
41473 861659 90 1135
41585 859795 98 1178
41685 862093 86 1129
41804 860846 105 1128
41906 863417 87 1120
42017 860739 97 1135
42123 863752 92 1151
42232 861352 93 1106
42333 860582 87 1146
42444 860349 96 1075
42545 863115 87 1152
42665 862994 106 1229
42765 863529 85 1116
42876 861509 94 1166
42984 861920 94 1177
43097 863247 88 1161
43211 860174 99 1123
43311 862831 86 1080
43421 861447 95 1122
43522 862646 87 1147
43633 863702 96 1149
43732 860979 85 1094
43847 859736 99 1158
43951 863165 89 1161
44065 863676 100 1222
44161 860858 82 1086
44280 860395 104 1201
44379 860733 84 1101
44501 861925 106 1130
44614 860777 99 1231
44723 861642 88 1144
44834 862390 97 1134
44939 864113 90 1170
45054 863617 101 1200
45158 861438 89 1149
45278 863987 105 1257
45379 864397 87 1146
45498 862924 104 1192
45600 863596 88 1169
45718 863247 102 1122
45817 863017 85 1106
45931 861843 91 1169
46041 862338 95 1147
46151 863682 92 1192
46267 862401 102 1163
46379 861833 97 1173
46498 862089 104 1138
46597 862290 85 1123
46712 863019 101 1171
46808 859875 81 1068
46921 862193 99 1134
47025 861506 90 1167
47140 861358 96 1102
47246 864966 91 1161
47355 862705 90 1142
47469 863300 99 1152
47577 862668 92 1189
47686 859764 94 1111
47787 859537 86 1123
47898 862627 97 1138
47997 862186 84 1087
48109 861587 97 1151
48207 860014 84 1083
48323 862695 101 1154
48426 860827 89 1166
48536 863191 96 1044
48633 859923 83 1087
48745 859705 97 1139
48851 862577 89 1188
48964 865081 95 1150
49070 861261 92 1181
49181 862014 91 1154
49291 861662 95 1185
49394 860553 86 1097
49511 864507 103 1231
49615 862646 89 1161
49735 861670 106 1165
49837 862608 88 1153
49953 864291 102 1199
50056 863097 87 1148
50169 861939 98 1138
50269 862818 85 1129
50382 862365 99 1153
50485 862720 88 1155
50591 861229 89 1065
50696 861337 91 1177
50804 863601 89 1121
50909 862469 90 1163
51021 863481 88 1137
51131 863258 95 1104
51233 862226 88 1122
51347 864977 101 1198
51450 861415 88 1140
51569 863957 104 1231
51674 862379 89 1172
51785 860544 97 1135
51888 862908 88 1139
52000 862059 98 1152
52105 860972 90 1166
52223 863186 101 1204
52340 863470 102 1181
52440 861583 82 1057
52555 861823 101 1179
52664 864670 95 1249
52780 863470 101 1201
52881 860838 86 1140
52989 860434 94 1096
53094 862987 91 1210
53206 863005 98 1136
53312 862863 91 1214
53430 863677 103 1194
53540 863823 96 1218
53653 861474 93 1143
53767 862942 99 1162
53884 863359 98 1166
54009 864198 109 1176
54111 863545 87 1135
54224 862034 99 1144
54329 861357 90 1203
54438 861228 94 1126
54547 862696 95 1211
54659 862058 94 1118
54763 862686 89 1142
54874 864417 90 1167
54991 860697 103 1114
55101 862009 94 1212
55209 861063 95 1119
55309 861007 84 1082
55418 861767 95 1117
55525 863146 93 1218
55639 860239 99 1167
55746 863035 91 1192
55862 862457 102 1186
55960 860460 84 1114
56075 866172 98 1178
56176 861277 86 1127
56300 864294 105 1211
56414 861963 100 1153
56519 860773 88 1128
56633 865323 100 1175
56733 861710 85 1120
56848 862250 100 1185
56952 863268 88 1162
57064 862617 97 1136
57167 861024 87 1132
57279 863657 97 1121
57377 860850 84 1098
57492 860186 100 1140
57589 861099 83 1101
57703 859921 96 1064
57807 861487 90 1163
57910 860391 82 1072
58010 859929 86 1104
58118 862651 88 1141
58226 861200 93 1154
58335 861769 91 1155
58442 860153 93 1087
58542 861610 85 1080
58653 859460 97 1149
58758 861697 91 1159
58872 860089 100 1116
58978 862045 91 1170
59092 863210 100 1167
59191 862589 85 1107
59308 863277 102 1178
59409 861564 86 1133
59520 860450 97 1103
59620 862610 85 1127
59731 861980 93 1136
59831 860908 86 1125
59941 861120 93 1105
60043 859243 87 1109
60156 860336 87 1096
60272 862697 101 1154
60378 860902 90 1107
60497 861182 105 1151
60601 861254 86 1121
60709 860614 95 1107
60812 865106 86 1129
60930 859374 104 1095
61031 861610 86 1122
61149 863063 104 1081
61252 862551 88 1142
61376 860235 100 1150
61501 861618 110 1230
61601 859427 85 1135
61717 862028 102 1179
61819 863280 87 1126
61930 862775 97 1132
62035 863384 90 1194
62146 864507 97 1158
62248 862336 88 1163
62366 862133 105 1210
62462 860207 81 1078
62576 863689 97 1129
62677 860776 86 1106
62789 862491 91 1117
62894 862220 90 1153
63008 861631 94 1209
63123 863624 101 1211
63229 864966 91 1162
63339 863186 96 1103
63439 859939 83 1080
63554 861338 100 1149
63667 864980 97 1263
63777 860397 95 1114
63878 860150 86 1148
63998 861568 106 1159
64100 862252 88 1150
64210 859691 90 1112
64309 860284 85 1098
64421 860734 92 1182
64532 862461 95 1135
64635 860548 88 1124
64750 862816 101 1185
64850 861626 85 1087
64964 862851 99 1178
65065 860291 87 1150
65186 863461 107 1190
65293 863570 90 1164
65402 862358 95 1102
65506 862370 87 1160
65617 861480 96 1123
65731 863554 99 1229
65838 860010 85 1088
65940 860742 87 1128
66050 863105 92 1134
66152 861403 87 1101
66265 860835 91 1171
66375 861276 96 1155
66477 861649 87 1131
66598 860881 107 1165
66697 859377 85 1090
66808 860312 96 1121
66911 860117 88 1107
67023 861383 98 1121
67127 863008 89 1203
67250 863358 109 1247
67352 861313 88 1165
67469 860789 100 1194
67574 862256 90 1152
67685 862164 90 1185
67802 860609 102 1158
67903 862219 86 1147
68010 859796 92 1050
68108 860165 84 1067
68217 862513 95 1089
68323 863499 90 1186
68445 863232 108 1174
68547 861487 85 1119
68671 864147 110 1205
68773 864068 87 1145
68890 860811 99 1174
68992 863797 88 1136
69104 865574 92 1201
69223 863125 105 1158
69327 864410 89 1143
69440 862745 98 1139
69545 862876 90 1129
69657 861704 98 1167
69755 860690 84 1095
69870 865231 100 1149
69972 858136 87 1132
70087 863753 100 1162
70186 860706 85 1120
70295 863497 95 1098
70395 861052 85 1142
70518 861416 106 1187
70622 864280 89 1125
70734 861572 90 1155
70841 860310 92 1110
70947 860839 91 1167
71066 863367 104 1236
71168 859725 87 1127
71282 861446 100 1164
71382 863761 86 1115
71495 860368 99 1140
71597 862021 84 1122
71706 860195 95 1110
71811 863235 91 1183
71934 862973 108 1193
72038 862505 89 1136
72149 861463 90 1137
72257 863252 94 1135
72361 861910 87 1143
72479 863637 104 1225
72584 861535 90 1163
72700 859253 102 1184
72800 863475 85 1083
72907 857026 92 1079
73014 863028 91 1199
73132 862164 104 1105
73234 862551 87 1147
73349 861905 101 1160
73450 859596 86 1120
73568 861790 103 1172
73670 862248 87 1148
73789 863952 103 1263
73902 864017 99 1184
74011 864185 94 1195
74124 862064 98 1155
74233 861603 94 1180
74347 860455 100 1089
74449 860431 88 1157
74565 864376 102 1176
74670 862741 90 1195
74781 860018 96 1083
74882 860042 87 1128
74994 861517 95 1128
75100 862708 90 1161
75213 864329 93 1148
75314 860656 87 1093
75422 860979 89 1139
75535 861730 98 1165
75640 863506 90 1198
75757 860713 103 1124
75863 864686 91 1171
75992 861978 114 1216
76095 862394 89 1154
76218 860952 107 1176
76331 861249 98 1207
76440 861849 90 1155
76556 862341 101 1171
76657 859390 87 1096
76765 860317 93 1097
76863 860218 83 1104
76973 859667 95 1078
77076 860761 89 1151
77192 862281 101 1128
77296 863001 89 1156
77407 862197 96 1132
77518 863222 97 1245
77634 863008 101 1144
77740 861226 91 1165
77854 861171 94 1171
77966 858876 97 1129
78069 860655 88 1115
78182 862320 99 1197
78287 863132 90 1184
78402 860247 101 1104
78502 861281 85 1083
78622 862441 106 1172
78722 861562 85 1139
78830 861809 94 1103
78933 863677 86 1124
79050 864483 103 1162
79149 861733 84 1118
79261 861015 94 1127
79365 863319 90 1163
79481 862831 97 1206
79599 862606 103 1180
79707 864431 93 1188
79818 861861 96 1113
79914 861013 82 1084
80030 861918 101 1153
80136 863715 92 1217
80251 862661 100 1161
80350 859870 84 1121
80458 860645 93 1107
80561 863511 89 1182
80679 863199 103 1154
80780 863216 87 1137
80897 859834 99 1177
81010 861710 99 1175
81116 863366 89 1184
81226 859469 96 1139
81327 864223 86 1113
81442 864840 101 1190
81551 861631 91 1177
81654 859084 88 1032
81763 863718 95 1257
81875 863710 98 1143
81979 861029 89 1139
82093 861480 100 1125
82195 861760 87 1146
82318 862453 104 1207
82429 862672 96 1150
82537 862893 90 1127
82652 863869 101 1184
82766 862910 99 1210
82895 861581 108 1161
82996 862723 87 1143
83104 861541 94 1101
83204 861781 85 1126
83314 862907 96 1093
83418 863593 89 1166
83535 862163 97 1092
83646 863664 97 1177
83761 859357 93 1095
83872 862267 97 1114
83987 862271 93 1195
84101 864428 100 1172
84201 860702 83 1099
84310 861496 95 1121
84412 864600 88 1168
84527 862129 101 1134
84628 862264 86 1149
84744 862054 100 1118
84850 862701 91 1175
84968 861678 94 1194
85083 864415 100 1190
