fo time ls_time n_ls_moves
182 1606714 182 2096
368 1605884 180 2106
526 1603926 151 2196
747 1604290 215 2150
889 1603984 135 2015
1216 1605427 320 2153
1402 1606268 179 2081
1578 1603923 169 2103
1801 1604966 216 2114
2012 1601680 204 2113
2249 1606090 231 2341
2458 1609196 202 2324
2614 1603238 149 2144
2811 1601203 191 2057
3012 1606195 195 2203
3195 1604091 176 2061
3367 1600712 165 2016
3514 1602898 141 1987
3673 1603835 153 2068
3843 1607463 162 2140
4078 1605909 229 2206
4284 1607260 200 2181
4449 1606695 158 2086
4634 1600906 178 2032
4789 1603422 148 2002
4999 1603462 203 2120
5178 1603793 172 2179
5406 1607019 222 2239
5527 1604432 114 2049
5686 1604979 153 2110
5882 1606451 189 2083
6126 1605950 238 2016
6277 1600731 144 2068
6484 1608484 201 2201
6684 1602141 194 2062
6897 1602569 206 2114
7063 1603374 160 2160
7281 1603983 211 2024
7449 1602464 162 2068
7645 1604575 190 2081
7869 1603519 217 2192
8069 1602382 193 2207
8289 1606158 213 2197
8513 1604624 218 2191
8704 1604123 184 2050
8897 1606603 187 2225
9112 1603663 208 2124
9298 1604448 179 2153
9563 1603252 258 2090
9784 1604590 215 2180
9952 1602666 161 2108
10132 1602213 174 2166
10294 1605738 155 2092
10464 1603244 163 2116
10620 1604952 149 2028
10774 1604565 147 2034
10962 1602795 182 2095
11145 1608272 177 2252
11291 1598705 139 1933
11456 1605288 159 2127
11682 1604352 219 2086
11889 1602450 200 2223
12044 1601239 148 2156
12232 1605860 182 2229
12399 1602547 160 2062
12627 1602595 222 2067
12827 1606225 193 2092
13046 1604312 212 2188
13212 1604361 160 2193
13400 1603280 181 2065
13554 1605053 148 2169
13713 1600498 152 1995
13915 1608911 196 2167
14061 1602481 139 2063
14254 1600303 187 2058
14439 1604377 179 2060
14632 1602754 186 2166
14831 1603978 192 2130
15032 1603602 195 2057
15205 1604576 166 2147
15479 1604154 267 2138
15698 1606646 213 2154
15866 1605118 161 2129
16076 1606782 203 2210
16301 1604732 219 2274
16552 1604969 244 2215
16694 1600622 136 2045
16891 1605871 190 2274
17043 1602052 146 1971
17257 1604222 207 2036
17433 1603405 170 1991
17596 1602945 156 2046
17731 1600854 129 1992
17887 1602270 149 2080
18054 1606312 160 2054
18233 1601969 173 2025
18426 1605290 186 2194
18618 1602739 184 2112
18781 1602844 156 2081
18933 1605195 145 2185
19097 1603111 157 2093
19306 1608672 203 2237
19522 1607906 209 2200
19735 1601434 207 2061
19965 1604916 223 2181
20220 1607948 248 2250
20417 1609903 191 2262
20592 1603020 168 2123
20763 1606610 164 2177
20971 1605462 202 2145
21147 1600113 169 2083
21312 1602328 158 2078
21480 1606495 161 2051
21629 1602967 142 2086
21795 1603578 160 2144
21972 1604014 171 2120
22163 1605579 184 2249
22397 1606016 228 2130
22541 1600092 137 2095
22787 1605428 240 2124
22997 1602915 203 2075
23270 1607183 267 2206
23436 1603635 160 2078
23603 1602955 160 2044
23770 1604970 160 2082
23965 1604163 188 2039
24216 1603717 245 2058
24448 1606950 225 2184
24673 1605627 218 2160
24900 1605153 219 2082
25042 1602305 136 2093
25211 1605665 162 2115
25452 1605859 234 2227
25660 1602767 202 2175
25834 1606696 166 2127
26034 1603537 193 2162
26224 1601870 184 2067
26391 1604810 160 2183
26549 1603732 151 2129
26744 1603711 188 2097
26937 1602205 187 2191
27196 1602830 252 2230
27356 1603421 154 1984
27602 1608639 240 2263
27803 1602521 194 2152
28018 1604145 209 2108
28233 1602173 208 2124
28447 1607797 207 2288
28649 1602470 196 2044
28822 1603084 167 2112
28986 1604763 158 2101
29184 1605250 191 2139
29357 1600798 166 2163
29517 1604808 154 2150
29695 1598082 171 2012
29855 1604137 154 2083
30082 1602169 220 2134
30281 1602474 193 2151
30477 1605767 189 2163
30622 1603933 138 2122
30827 1606391 199 2144
31032 1604213 199 2139
31261 1607226 223 2095
31446 1607805 178 2200
31643 1601261 190 2088
31837 1603773 188 2137
32047 1604974 203 2113
32205 1599956 152 2101
32406 1600702 193 2093
32538 1602794 126 2069
32715 1603882 170 2038
32905 1603946 184 2161
33095 1602434 183 2174
33255 1604892 154 2121
33472 1607122 210 2135
33625 1601104 146 2071
33766 1601391 135 2152
33938 1602897 165 2124
34170 1605899 225 2166
34411 1608733 235 2239
34592 1605309 173 2167
34796 1605296 197 2229
35011 1603695 209 2163
35209 1600331 192 2124
35368 1604339 151 2113
35595 1605223 221 2238
35878 1605829 276 2226
36128 1601793 244 2082
36313 1603891 178 2038
36473 1603536 154 2082
36637 1602394 157 2081
36886 1603712 242 2214
37024 1600195 132 2129
37190 1601065 119 2026
37399 1603415 202 2085
37578 1603996 172 2132
37756 1603390 171 2063
37910 1604433 148 2185
38091 1602909 174 2208
38306 1605225 209 2195
38471 1605426 159 2223
38701 1602960 222 2164
38924 1604392 216 2163
39080 1602888 150 2034
39335 1601557 247 2066
39531 1602194 190 2081
39747 1603474 209 2089
39988 1603223 234 2103
40234 1606223 239 2269
40370 1601984 129 2009
40520 1602587 144 2088
40684 1607100 156 2089
40890 1601295 200 2134
41040 1604180 143 2071
41182 1603566 136 1991
41360 1604897 171 2048
41517 1601157 151 1987
41652 1601841 127 1991
41844 1606157 186 2292
42029 1603381 178 2211
42186 1601186 151 2031
42326 1606347 133 2087
42484 1604655 152 2034
42654 1604631 164 2188
42841 1606051 180 2096
43001 1603577 153 2073
43171 1603536 163 2127
43360 1604972 183 2115
43513 1598506 145 2029
43694 1602197 174 2217
43890 1605532 190 2170
44065 1605636 168 2178
44238 1603039 166 2121
44440 1602330 196 2077
44622 1601975 176 2040
44783 1603710 154 2024
44948 1605437 158 2138
45079 1601860 123 2038
45281 1603785 195 2189
45467 1603918 180 2092
45673 1601721 199 2069
45880 1607968 200 2234
46061 1608114 174 2180
46214 1602151 147 2043
46447 1601215 227 2199
46643 1602976 190 2186
46769 1603708 118 2067
46929 1601980 154 2056
47135 1606500 200 2062
47330 1604168 188 2134
47564 1604259 228 2061
47871 1603800 301 2163
48048 1605245 170 2151
48194 1606419 140 2126
48366 1603034 165 2184
48644 1601146 272 2243
48810 1601974 156 2035
49031 1603696 214 2252
49188 1605933 150 2152
49359 1606356 165 2098
49558 1604396 192 2168
49736 1602154 171 2028
49920 1602208 178 2103
50078 1603930 152 2036
50238 1599756 153 2035
50425 1602677 179 2090
50603 1602996 171 2187
50789 1604679 180 2113
50953 1603678 158 1983
51111 1602821 151 2125
51357 1602618 240 2113
51582 1604709 218 2158
51789 1602742 201 2076
52003 1602605 207 2124
52313 1605623 303 2200
52505 1603734 186 2184
52694 1604539 182 2137
52855 1605900 151 2125
53016 1601522 155 1999
53191 1603942 169 2160
53338 1604139 140 2068
53497 1603506 153 2054
53739 1606186 236 2185
53974 1604366 228 2143
54200 1606020 219 2138
54358 1604012 152 2086
54577 1605588 212 2102
54770 1602401 187 2160
54979 1603789 202 2155
55126 1602767 140 2148
55316 1605273 183 2115
55612 1603939 288 2204
55780 1603190 161 2119
55916 1600213 130 1977
56109 1604085 186 2100
56267 1601097 151 2082
56473 1602520 199 2144
56620 1604081 141 2012
56796 1602559 169 2001
57007 1602718 204 2179
57150 1609098 136 2240
57374 1607879 218 2269
57539 1605096 158 2085
57695 1604518 149 2170
57860 1605102 159 2150
58029 1603388 162 2122
58225 1603733 190 2211
58459 1606714 227 2190
58617 1603763 151 2063
58795 1604461 171 2149
59040 1599358 239 2064
59203 1604247 156 2054
59390 1602810 178 2144
59543 1600337 146 2045
59741 1606879 191 2077
59918 1603553 171 2110
60101 1608343 175 2167
60297 1603366 190 2073
60458 1605789 155 2150
60698 1601906 233 2056
60905 1603047 200 2071
61083 1606568 171 2188
61296 1604939 207 2278
61503 1607677 201 2226
61641 1602210 131 2019
61800 1602703 151 2033
61993 1602834 187 2041
62154 1599029 155 2061
62315 1605657 154 2181
62589 1606292 266 2229
62777 1606105 182 2146
63013 1608269 229 2279
63174 1601202 154 2056
63369 1604734 188 2110
63551 1603567 176 2015
63731 1604044 174 2040
63919 1601778 181 2077
64057 1601765 132 2091
64212 1607497 148 2131
64403 1601385 185 2111
64586 1601811 177 2083
64759 1602419 166 2124
64939 1604755 174 2102
65118 1604607 172 2108
65245 1601421 121 2049
65494 1603563 242 2224
65753 1603843 253 2080
66027 1603504 267 2206
66237 1603789 203 2082
66603 1601958 359 2150
66793 1601126 184 2180
66963 1601945 163 2098
67178 1604679 208 2163
67383 1603964 199 2192
67538 1603145 149 2089
67688 1604989 142 2099
67855 1603041 160 2206
68012 1604484 151 2073
68245 1605003 227 2124
68415 1606661 163 2147
68577 1603177 156 2166
68755 1605441 171 2111
68906 1598109 142 1995
69056 1602450 144 2073
69197 1602822 133 2103
69368 1601682 165 2144
69507 1604134 131 2057
69731 1604295 218 2126
69946 1606552 209 2119
70158 1608042 205 2179
70364 1607589 198 2211
70564 1606583 192 2230
70723 1601676 152 2053
70927 1605203 198 2277
71120 1605158 186 2032
71270 1601731 143 2104
71455 1604259 179 2035
71642 1604444 179 2080
71822 1604127 174 2092
71930 1600352 101 1940
72142 1603859 206 2155
72329 1603782 181 2143
72497 1605671 161 2136
72706 1601340 203 2107
72876 1601076 164 2054
73041 1605380 157 2117
73227 1607024 180 2184
73476 1607562 241 2213
73659 1605822 176 2151
73806 1602001 141 2132
73989 1604122 176 2090
74173 1606014 178 2156
74341 1602979 162 2133
74512 1602343 164 2115
74750 1602307 231 2075
74881 1602896 124 2084
75099 1602342 212 2067
75297 1604709 192 2172
75532 1603864 227 2133
75853 1607106 315 2178
76036 1605479 176 2098
76247 1607759 204 2141
76490 1603533 237 2114
76712 1606704 213 2251
76867 1599677 149 2075
77022 1604895 148 2123
77203 1599935 175 2091
77375 1605649 165 2166
77554 1602716 172 2115
77683 1604439 123 2037
77875 1604927 186 2159
78061 1605582 179 2132
78343 1603702 276 2150
78488 1605568 138 2082
78711 1602377 216 2084
78874 1606298 154 2073
79016 1601279 136 2028
79217 1602042 195 2064
79451 1607630 228 2292
79626 1606176 168 2147
79823 1604716 191 2082
80030 1602361 201 2191
80240 1603927 203 2180
80437 1604153 190 2241
80628 1602415 184 2057
80804 1605070 169 2138
81090 1607866 280 2172
81305 1602895 208 2151
81486 1603572 174 2028
81647 1604279 154 2133
81809 1603975 155 2067
82006 1605241 191 2135
82227 1604710 214 2216
82447 1605294 213 2203
82647 1606728 194 2170
82826 1606063 172 2067
83009 1604404 176 2149
83209 1604690 193 2158
83338 1600246 123 2049
83505 1602538 160 2071
83728 1604682 217 2114
83871 1601620 137 2073
84033 1602891 155 2166
84239 1605465 199 2144
84372 1605775 126 2096
84573 1606575 194 2105
84744 1601571 164 2121
84975 1608555 225 2225
85144 1607635 163 2142
