fo time ls_time n_ls_moves
116 210404 116 748
242 211192 125 782
358 211109 115 756
476 211516 117 753
624 210955 147 760
737 211367 112 729
861 211406 123 779
986 212353 124 752
1097 211107 110 721
1217 211624 120 766
1336 211254 118 796
1462 211681 124 782
1574 210346 112 737
1692 211547 117 752
1807 209681 114 721
1922 212239 115 773
2046 211695 123 781
2160 210963 112 756
2279 211051 119 727
2408 212033 128 794
2529 211651 120 769
2648 211796 119 730
2758 212022 109 728
2880 211828 121 776
3001 211817 120 787
3120 210815 117 762
3240 212287 119 767
3353 210841 111 734
3476 211318 122 779
3591 212999 114 772
3712 211655 121 733
3829 212010 116 739
3945 211733 115 766
4070 212814 124 778
4187 211625 117 768
4317 212481 129 806
4438 211278 120 748
4549 211612 111 742
4670 211976 119 762
4787 211366 116 773
4908 211898 120 733
5020 211313 111 747
5139 211598 118 749
5263 211992 123 795
5377 211137 112 744
5494 212023 117 745
5604 210986 110 742
5727 211508 122 764
5842 211330 114 752
5963 211920 121 776
6084 211688 119 765
6201 212008 117 793
6330 211181 127 774
6447 212000 117 765
6572 211199 123 787
6690 211958 118 747
6803 211398 112 760
6920 212399 116 742
7032 209762 111 749
7156 211832 123 774
7265 212634 109 723
7383 212344 117 756
7508 212399 124 765
7623 211021 114 761
7751 211428 127 794
7865 210780 114 734
7984 212414 118 766
8102 210754 117 743
8220 211846 117 782
8346 212342 125 786
8459 211702 112 756
8575 211829 115 732
8697 211947 122 772
8812 211702 114 750
8938 211589 125 766
9054 210979 115 754
9178 212160 124 775
9293 209973 113 763
9413 212129 119 762
9531 211742 117 738
9643 211732 111 742
9761 210569 118 750
9876 211316 114 773
9998 211786 121 758
10113 210852 115 729
10241 210500 127 766
10368 211632 126 770
10482 212028 114 764
10603 212905 120 763
10714 210319 110 728
10834 211324 120 748
10948 211509 113 730
11059 211738 110 746
11179 212304 119 771
11294 211817 113 759
11415 211232 120 729
11530 210620 114 747
11653 210302 123 788
11772 210400 117 740
11882 212349 110 737
12006 212372 123 783
12118 211391 111 747
12239 212259 120 763
12356 211660 116 751
12473 212527 116 768
12589 209651 115 729
12701 211453 111 745
12826 210711 124 771
12941 212006 114 750
13059 211591 116 737
13178 211958 118 762
13295 212757 116 775
13412 212189 117 751
13527 211638 114 776
13652 211057 124 791
13766 211444 113 747
13887 212135 119 776
14008 210638 121 751
14124 211325 115 764
14245 211080 120 758
14367 212085 121 796
14487 211072 119 760
14608 212158 120 764
14719 211499 110 742
14839 211325 120 753
14950 211667 110 742
15069 211086 119 746
15185 212682 115 765
15309 212055 123 780
15437 211068 128 768
15549 211609 111 738
15673 212133 123 770
15792 211877 118 786
15914 212055 121 762
16035 211070 120 767
16147 211009 111 740
16268 211147 120 759
16389 211415 120 803
16511 211744 122 770
16638 211222 126 776
16755 211734 116 758
16879 212175 124 784
16993 211524 112 764
17114 211331 120 761
17234 211242 119 768
17346 211313 111 751
17464 211059 117 757
17578 211288 113 749
17701 211380 122 738
17808 211565 107 721
17935 211695 126 774
18058 212783 122 748
18170 210630 111 726
18288 211076 117 745
18403 211246 115 765
18524 211987 120 772
18636 212142 111 745
18753 211613 116 740
18879 212351 125 806
18996 211914 116 768
19119 211800 122 776
19229 211196 110 745
19346 210881 116 716
19470 211623 123 786
19581 211651 110 728
19700 210776 119 757
19810 211735 109 735
19934 211277 123 766
20047 212381 112 758
20172 211999 125 790
20288 211553 115 743
20402 212447 113 762
20520 210275 117 730
20638 212229 117 775
20762 212401 123 762
20875 210625 112 745
20993 211054 117 754
21115 210948 121 760
21229 210913 114 765
21349 210645 118 752
21466 211867 117 786
21588 212255 121 776
21711 211566 122 782
21825 212146 112 758
21948 211275 123 745
22064 211900 114 770
22180 211797 115 737
22294 211292 113 760
22416 212720 121 777
22539 210898 122 764
22658 212806 119 777
22782 212761 123 765
22900 211862 116 751
23017 210380 116 725
23145 212004 128 794
23264 211968 118 793
23391 212749 126 792
23509 211129 116 758
23628 211780 119 760
23750 212055 121 780
23860 211348 109 735
23982 211188 121 774
24095 211593 112 752
24219 212570 124 786
24336 212348 116 760
24445 211663 107 720
24569 211324 123 770
24681 211494 111 740
24800 211423 118 748
24918 212078 117 780
25040 211872 121 778
25165 211580 124 777
25280 212357 114 752
25402 211148 121 761
25528 212340 125 804
25647 211215 118 731
25768 212666 121 761
25884 212172 115 779
26002 211215 117 746
26119 211963 116 785
26238 211188 118 746
26350 211164 111 744
26466 211657 114 736
26584 210766 117 736
26699 211541 115 761
26814 211678 114 730
26930 212193 116 771
27059 212640 127 778
27168 210137 108 709
27287 210723 118 761
27405 212247 116 755
27520 211936 114 771
27640 210281 120 766
27762 211148 120 791
27881 211552 118 736
27997 211192 115 742
28109 211409 111 747
28225 210609 115 707
28348 212071 122 816
28467 211598 118 751
28587 211539 120 784
28712 212310 124 784
28832 211508 119 762
28945 211844 112 749
29067 212075 121 765
29179 211173 111 755
29300 211243 120 764
29421 211023 120 760
29541 212703 118 783
29664 210404 122 777
29775 210542 110 742
29897 211399 121 763
30012 211371 114 756
30133 211492 120 768
30253 212158 119 762
30367 210403 113 732
30485 211824 118 758
30607 212310 120 791
30735 211277 127 771
30854 211774 118 740
30963 210516 108 719
31084 211011 120 772
31199 210267 114 756
31322 211694 121 754
31436 211527 114 759
31560 211773 123 791
31682 211630 121 757
31797 210497 114 762
31922 211585 124 782
32040 211954 116 777
32160 211020 119 744
32281 211787 121 771
32396 211931 114 764
32513 211803 116 746
32631 212809 118 781
32760 210412 128 745
32887 211159 126 808
33006 212518 117 766
33126 211133 120 751
33236 211046 109 740
33366 211489 128 767
33484 210635 117 757
33602 211028 117 787
33725 212405 122 778
33838 212078 112 744
33957 211357 119 734
34076 211596 118 777
34186 210900 110 716
34308 211415 121 760
34426 212188 117 793
34553 212064 126 776
34665 210151 111 743
34790 212106 124 774
34907 211809 117 740
35016 211218 108 730
35134 210972 117 740
35243 211142 109 730
35366 211024 122 761
35481 211753 114 758
35603 211169 121 780
35724 212050 120 775
35841 210219 116 776
35967 211382 125 765
36087 212162 119 785
36211 211111 123 775
36338 211669 126 807
36456 212635 118 768
36575 212045 118 749
36686 212166 110 745
36808 211504 121 773
36924 211296 115 766
37036 210385 110 721
37158 210750 121 762
37273 211870 114 773
37397 211133 123 768
37518 211964 121 801
37638 211331 119 757
37756 212022 118 761
37875 211113 118 790
38000 211603 124 789
38116 211283 115 777
38234 211067 117 741
38357 212326 122 764
38472 212098 113 747
38595 212272 122 765
38710 212131 114 762
38831 211252 119 761
38948 212085 116 778
39065 211611 116 760
39184 211139 118 759
39300 211281 116 756
39427 211480 126 746
39544 211493 116 766
39671 210812 127 753
39790 211021 118 751
39907 211826 117 761
40023 211551 115 727
40138 210793 115 763
40256 211444 117 744
40372 210775 116 754
40516 211603 143 781
40639 211936 122 752
40750 211253 110 741
40879 210930 128 775
40995 211204 115 756
41116 212792 120 778
41232 211067 115 737
41346 211918 112 759
41474 212438 127 811
41589 211186 114 761
41710 210900 120 751
41826 210601 116 739
41942 212374 115 760
42061 211387 118 754
42174 211902 112 752
42295 211086 120 738
42408 211683 112 746
42527 212136 118 754
42647 211043 120 754
42759 211493 111 726
42876 211009 116 738
42992 212096 115 780
43112 210342 120 742
43229 211710 116 768
43350 211204 121 786
43472 211586 121 750
43582 212055 109 738
43697 210163 114 724
43811 211243 113 752
43934 211407 122 770
44055 211506 120 772
44168 211194 113 758
44287 211793 118 760
44404 211683 117 782
44528 211516 123 785
44643 210285 114 751
44761 211334 117 732
44886 211281 124 800
45003 211847 116 768
45119 211683 115 731
45236 211208 117 775
45351 212036 114 738
45469 211574 116 765
45592 212054 123 801
45718 211190 125 796
45832 212045 113 757
45955 211854 123 748
46071 212424 115 752
46191 212385 119 774
46305 211128 114 726
46424 212420 117 785
46547 211313 123 784
46662 210755 114 751
46780 211506 117 746
46899 211674 118 757
47015 211768 115 764
47135 210588 119 734
47248 211888 113 748
47369 211777 120 774
47494 211706 124 812
47614 211415 119 776
47733 211265 118 762
47844 211251 110 735
47965 210954 120 741
48085 212704 120 798
48211 211604 125 776
48329 210990 116 738
48446 213380 116 776
48564 210970 117 731
48677 211608 112 741
48802 211680 124 786
48918 211562 115 770
49034 210176 115 738
49147 211408 112 726
49264 211839 116 766
49385 210527 120 763
49496 211710 110 750
49624 211759 127 795
49732 211377 107 715
49857 212830 124 780
49975 210677 117 730
50090 212530 114 762
50210 211342 119 751
50329 211631 118 781
50446 211660 116 750
50568 211059 121 767
50683 211492 114 764
50803 211401 120 756
50921 211638 116 777
51046 211332 124 800
51161 210962 115 733
51283 211336 121 776
51401 211189 117 732
51513 211323 112 746
51631 212007 116 737
51740 210995 109 730
51859 210479 118 744
51984 211548 124 796
52105 212350 120 785
52228 211255 121 771
52338 210739 110 737
52468 212452 129 779
52587 211263 118 755
52699 211020 111 734
52815 210818 115 735
52933 212356 117 789
53054 211575 120 769
53172 211882 118 789
53294 212200 121 758
53410 210574 115 726
53525 210380 114 762
53643 211300 117 725
53760 212144 116 787
53888 211476 127 788
53999 210664 110 728
54115 212395 115 752
54236 212577 120 771
54355 210995 118 736
54475 210644 120 738
54589 210843 113 766
54709 210943 119 761
54834 211651 124 792
54947 211374 112 748
55070 211392 122 741
55185 212542 114 768
55307 211677 121 771
55422 211022 114 736
55547 212088 125 769
55672 211562 124 761
55784 211210 111 735
55901 210589 116 740
56009 211435 107 728
56130 211984 119 737
56258 211707 128 784
56375 211386 116 768
56492 212050 116 740
56604 211130 112 753
56726 212239 121 767
56840 212135 113 741
56966 212231 124 778
57088 213318 121 773
57194 211555 106 717
57315 210825 120 751
57436 211901 119 788
57555 210702 118 742
57678 211397 122 737
57793 211791 114 767
57908 211740 115 725
58028 212469 119 790
58153 212516 124 792
58272 211579 118 768
58386 211995 113 753
58505 211113 117 738
58616 211374 111 746
58737 210986 120 752
58856 212369 118 792
58980 211009 123 770
59099 212235 119 757
59213 211195 113 753
59336 210682 122 765
59448 211188 110 744
59567 212214 119 771
59677 210841 109 719
59806 212186 127 819
59922 211791 116 734
60037 211923 114 762
60157 211339 119 747
60274 212112 116 779
60396 211618 122 751
60519 212075 122 790
60632 210655 112 732
60751 211440 118 744
60863 211513 111 735
60980 210595 116 740
61096 211944 114 762
61218 211863 120 760
61335 211787 117 747
61451 211035 115 768
61575 211359 123 759
61694 211512 117 788
61809 212139 115 727
61921 211549 111 732
62037 211481 115 743
62156 211609 118 757
62263 211427 107 708
62383 211510 119 745
62497 211162 113 755
62618 211863 120 762
62735 211938 116 752
62850 210209 114 741
62982 211464 130 794
63095 211780 113 765
63219 212040 123 745
63338 212751 119 785
63458 211490 119 734
63579 213190 120 780
63691 211372 111 742
63810 211449 119 766
63918 210028 107 705
64036 210674 117 731
64154 212638 117 769
64278 212214 123 779
64395 211674 116 742
64508 211736 113 758
64634 212044 124 785
64751 210980 117 761
64871 211341 119 758
64990 210868 118 760
65108 211843 117 786
65232 211504 123 788
65351 212350 118 781
65471 211594 119 752
65601 212442 129 789
65715 212031 113 755
65839 211665 123 788
65953 211837 112 750
66079 211797 126 794
66200 212028 119 768
66320 211756 119 789
66439 211540 119 761
66552 211460 112 751
66671 212506 118 753
66786 211009 114 750
66912 212038 125 773
67031 211666 118 765
67141 211110 110 741
67261 211374 119 776
67381 211938 119 790
67503 211338 121 762
67622 211419 119 748
67733 210621 110 737
67851 211298 117 748
67962 210740 110 737
68080 211549 117 734
68193 211810 112 755
68320 211441 127 793
68440 211285 119 763
68555 210947 114 764
68675 211590 119 752
68788 212434 112 755
68909 211401 120 778
69027 211986 117 779
69151 211769 123 780
69277 212908 126 797
69394 211245 116 779
69521 210164 126 757
69640 211937 118 774
69762 210724 121 776
69879 211929 117 744
69993 211420 112 746
70117 212730 123 778
70228 211041 111 738
70350 211009 120 768
70468 212004 117 747
70580 211100 111 743
70706 209899 125 738
70817 211678 110 735
70935 210962 117 718
71045 211416 109 719
71161 210130 114 722
71283 211964 122 775
71393 210861 109 723
71515 210752 121 782
71647 212542 132 773
71774 212389 126 770
71910 211143 135 741
72054 211850 143 797
72201 211895 147 775
72324 210455 122 760
72435 211510 109 736
72555 212163 120 763
72671 211816 115 767
72794 212410 123 778
72911 210763 116 743
73019 211164 106 720
73140 211389 120 775
73256 211273 115 766
73386 211908 129 795
73502 211213 115 752
73623 211627 121 797
73738 210891 114 718
73851 211357 113 744
73974 211362 121 760
74092 211588 118 780
74210 211001 116 745
74329 210266 118 762
74446 211418 116 775
74571 212287 124 792
74685 211379 113 746
74802 211196 117 737
74917 210968 114 747
75040 211880 122 777
75159 211503 119 750
75274 210874 113 760
75397 211887 122 781
75510 210706 113 750
75627 210200 116 718
75749 210831 121 764
75860 211796 110 735
75981 210959 120 740
76094 211070 112 742
76211 210522 116 715
76329 211698 118 782
76447 211747 116 746
76563 211019 116 749
76674 210587 110 741
76795 211083 120 757
76909 212044 113 754
77027 211998 118 752
77145 211470 117 765
77269 211050 123 752
77392 211703 122 765
77507 213386 115 766
77628 211630 120 758
77742 212174 114 753
77866 211966 122 779
77982 211578 115 729
78095 211491 112 760
78229 211248 133 802
78339 212085 110 734
78466 211594 126 773
78589 211615 122 749
78699 210681 109 714
78821 210406 120 756
78937 211320 115 765
79061 211763 123 760
79181 211512 120 791
79302 211926 120 767
79425 212505 122 792
79535 211410 109 739
79654 211300 118 761
79769 211711 114 764
79892 210389 123 750
80010 212669 117 736
80127 211448 116 766
80246 212112 119 761
80356 211719 109 740
80476 211849 119 750
80592 211939 115 775
80714 211242 121 782
80834 211065 119 756
80954 211562 118 794
81069 210644 114 736
81185 210936 116 775
81304 211348 118 734
81425 210788 120 767
81544 212083 118 777
81663 211818 119 764
81775 211889 111 743
81899 212146 124 781
82013 210915 113 758
82138 212141 124 803
82256 211920 117 744
82372 211492 115 772
82497 211736 124 759
82611 211745 113 764
82731 211824 118 756
82854 212221 123 775
82968 211263 113 746
83085 211589 116 746
83202 212124 116 766
83326 212003 124 779
83440 211195 113 749
83561 211196 120 779
83679 211734 118 748
83793 211132 113 756
83921 212249 128 774
84032 211628 110 725
84150 211287 117 737
84266 211229 115 755
84390 212662 123 802
84516 212523 125 796
84631 211730 114 763
84751 211627 119 763
84866 212331 114 754
84987 211594 120 773
85114 211420 126 767
