fo time ls_time n_ls_moves
18 864580 18 1752
38 864251 18 1735
61 863843 20 1796
83 862744 19 1788
104 862612 18 1770
131 864385 24 1796
153 862210 19 1734
175 861873 18 1780
198 860457 20 1728
219 863399 19 1829
240 860650 17 1697
263 863219 20 1842
286 861867 20 1856
309 864062 20 1772
334 862482 21 1734
357 861871 19 1720
379 863208 19 1789
399 860645 17 1667
422 863198 21 1820
442 860019 17 1702
463 863810 18 1791
489 866155 23 1884
514 864071 22 1843
543 861462 24 1802
564 860945 18 1722
587 865001 20 1873
609 865784 19 1853
632 865951 19 1832
655 864193 21 1897
677 861916 19 1803
699 862280 18 1780
722 860467 20 1806
748 863830 24 1816
772 866098 21 1788
794 862426 19 1778
816 863739 18 1777
838 864218 19 1858
859 865526 18 1837
881 864974 19 1858
902 865175 18 1786
923 864189 18 1677
954 866861 28 1833
976 862966 18 1715
1003 865983 24 1821
1034 864640 26 1783
1059 863731 21 1794
1083 860620 21 1768
1104 861651 18 1732
1131 863234 24 1853
1158 865469 24 1835
1181 864277 20 1820
1203 864633 19 1829
1223 860240 18 1690
1244 862866 18 1744
1266 864171 19 1773
1290 863317 22 1820
1313 863168 20 1758
1335 861753 19 1730
1361 863804 22 1728
1382 865289 19 1781
1407 860433 21 1795
1427 863330 17 1690
1449 863072 19 1781
1471 864247 19 1810
1494 862977 20 1768
1516 863088 19 1771
1539 864077 19 1791
1566 863800 24 1815
1589 861938 20 1768
1611 862897 19 1793
1634 862636 19 1753
1658 865817 21 1897
1679 860974 18 1734
1701 865041 19 1840
1723 865154 19 1876
1745 863763 19 1817
1772 863360 23 1848
1794 865678 19 1805
1817 864350 20 1848
1839 863050 19 1767
1861 863814 19 1787
1883 862410 18 1710
1904 861875 18 1753
1925 864777 18 1747
1949 864411 20 1706
1979 864444 27 1853
2002 862598 19 1715
2026 863365 21 1823
2047 862940 18 1760
2069 863881 19 1803
2090 863346 18 1741
2111 864860 18 1748
2133 863254 19 1845
2156 863021 20 1756
2179 862036 19 1728
2200 863001 18 1764
2221 863862 18 1781
2244 860839 20 1746
2267 864182 19 1756
2288 862953 18 1776
2309 861696 18 1802
2334 862324 21 1792
2365 861860 28 1838
2391 864244 22 1837
2414 863680 20 1794
2438 863473 21 1789
2457 863313 17 1678
2480 864374 20 1698
2501 864430 18 1779
2522 864932 18 1699
2543 864913 18 1772
2572 865882 26 1931
2595 862465 20 1789
2617 864139 19 1836
2640 863992 20 1760
2660 861599 17 1670
2682 863751 19 1773
2703 864654 18 1815
2724 861449 19 1764
2746 862716 19 1801
2775 864035 25 1827
2797 864120 20 1803
2819 862074 19 1747
2841 864237 19 1798
2863 863409 19 1806
2886 864553 20 1795
2910 864981 21 1844
2930 864289 18 1721
2952 860394 19 1757
2981 862112 26 1849
3006 863765 20 1782
3033 864222 25 1826
3055 863935 19 1756
3078 863742 20 1755
3100 865112 19 1816
3120 861315 17 1745
3140 862145 17 1686
3164 861233 20 1734
3187 863766 21 1679
3212 861915 21 1717
3236 863520 22 1808
3261 866070 22 1873
3283 862442 19 1829
3303 862822 17 1706
3325 864665 19 1804
3346 862609 19 1815
3372 864465 23 1812
3398 863108 23 1743
3421 863512 20 1756
3444 862938 20 1834
3466 863843 19 1747
3488 862315 19 1731
3509 864139 18 1820
3530 863346 18 1701
3553 864678 20 1801
3577 864953 22 1841
3606 865950 23 1761
3627 863639 18 1797
3649 862136 19 1734
3671 863661 19 1809
3694 862397 20 1824
3715 860788 18 1732
3735 863083 17 1784
3755 862682 17 1744
3780 863528 22 1740
3804 862663 20 1680
3827 864877 20 1792
3850 864525 20 1805
3870 860724 17 1726
3891 865758 18 1735
3912 864046 18 1794
3932 862013 17 1772
3952 860477 17 1700
3974 863578 19 1748
3998 863279 22 1809
4020 864609 19 1810
4042 863054 19 1698
4063 864850 18 1814
4086 865578 19 1789
4106 862047 17 1735
4128 861123 18 1754
4149 865088 18 1760
4171 862121 19 1826
4197 862039 23 1813
4220 862407 19 1749
4242 862935 19 1709
4265 863426 20 1833
4286 862158 18 1746
4309 864203 20 1849
4330 863459 19 1812
4351 861232 18 1731
4372 863038 18 1747
4400 863879 24 1814
4423 863020 20 1740
4443 861980 18 1673
4466 864961 20 1800
4488 863027 19 1849
4508 863840 18 1801
4530 863272 19 1781
4551 860676 18 1832
4572 861937 18 1742
4600 865276 26 1838
4622 862545 18 1720
4643 861867 19 1768
4664 862922 18 1803
4685 864479 18 1785
4707 864028 20 1790
4730 864396 20 1842
4753 863143 20 1786
4773 860502 17 1721
4799 863760 23 1854
4823 862780 20 1874
4844 863813 18 1737
4866 860625 19 1764
4886 864800 17 1738
4909 861895 20 1818
4931 861967 19 1831
4954 865858 20 1891
4977 863126 20 1810
5004 861319 23 1742
5029 860389 23 1753
5051 862071 19 1749
5075 860935 21 1725
5096 862653 18 1785
5118 864551 19 1853
5138 861110 17 1719
5160 864656 19 1806
5181 863754 18 1774
5207 860931 23 1801
5231 863833 20 1801
5252 862850 17 1668
5272 862018 18 1768
5295 862340 19 1785
5316 865300 18 1789
5336 862912 18 1751
5358 862600 19 1792
5379 861229 18 1719
5400 863635 19 1756
5428 864729 24 1883
5450 862000 19 1830
5471 861517 18 1727
5494 861097 19 1757
5515 862870 18 1831
5537 862990 19 1786
5557 864102 17 1760
5579 861222 19 1690
5601 860659 19 1738
5627 863927 22 1796
5650 861593 20 1780
5672 863324 19 1797
5693 862705 18 1745
5715 864184 19 1827
5739 864749 20 1751
5761 859933 20 1781
5783 861301 19 1770
5806 862622 20 1798
5832 865402 23 1730
5854 862813 19 1716
5875 864161 18 1780
5896 861765 18 1720
5919 865113 20 1813
5939 864312 17 1744
5958 859855 16 1652
5981 861848 19 1766
6004 863461 21 1772
6030 862788 23 1798
6051 862002 18 1728
6072 864788 18 1725
6094 863836 19 1771
6116 865252 19 1826
6138 864201 19 1790
6159 860641 18 1754
6181 863220 19 1833
6203 864440 19 1737
6230 863024 24 1877
6254 863777 19 1723
6276 861247 18 1795
6299 864256 21 1907
6320 864721 18 1768
6344 863697 21 1802
6365 862630 18 1782
6385 862381 17 1730
6406 864715 18 1699
6434 862755 24 1849
6456 863657 18 1782
6478 864879 20 1763
6499 863204 18 1803
6521 864055 19 1756
6543 861720 18 1774
6565 861615 20 1802
6589 861784 21 1830
6611 863166 19 1783
6635 863943 21 1684
6660 862706 21 1812
6681 861707 18 1741
6705 864894 21 1857
6728 862540 19 1824
6749 861976 19 1710
6772 864389 20 1798
6793 863421 18 1760
6819 863062 22 1834
6844 862541 23 1762
6866 863612 18 1756
6886 862282 17 1730
6907 861823 18 1712
6929 861014 19 1847
6950 863878 17 1780
6969 863562 17 1702
6992 866210 19 1804
7013 861558 19 1760
7040 866034 23 1849
7062 864352 19 1780
7083 863966 18 1720
7105 862719 19 1781
7126 863743 18 1743
7148 864720 19 1733
7172 864104 22 1915
7194 863011 18 1803
7216 861324 19 1769
7243 860142 23 1725
7265 860985 19 1761
7286 863179 19 1735
7307 864364 18 1722
7329 862820 19 1732
7354 862808 21 1882
7377 868482 21 1899
7399 861710 19 1748
7422 863865 20 1775
7450 863749 25 1796
7472 862886 18 1757
7493 862491 18 1807
7518 864712 22 1926
7539 860064 17 1691
7561 864104 19 1826
7584 863230 20 1849
7605 862363 18 1775
7628 863324 20 1790
7654 860567 23 1822
7675 862690 18 1750
7697 866088 19 1794
7718 863323 18 1741
7741 864521 19 1904
7764 864126 20 1896
7787 862771 20 1828
7808 863225 18 1719
7830 862769 19 1771
7853 862624 20 1709
7875 862336 19 1803
7897 862142 18 1736
7919 862847 20 1756
7939 861552 17 1719
7962 861894 19 1768
7983 864370 18 1864
8005 862694 19 1793
8026 862301 18 1738
8054 864203 25 1886
8077 862178 19 1804
8100 864146 20 1798
8122 862775 19 1718
8144 863943 19 1810
8165 863683 19 1809
8188 863564 20 1876
8210 862878 19 1779
8234 862782 21 1844
8261 863838 23 1790
8283 865890 18 1863
8307 864519 21 1823
8330 865513 20 1836
8351 864307 18 1685
8374 862762 20 1779
8396 862735 19 1755
8418 862932 19 1781
8442 862756 21 1778
8469 864735 24 1869
8490 862334 18 1748
8513 860203 19 1677
8535 862730 19 1774
8555 864714 17 1721
8578 864646 20 1754
8599 862729 18 1710
8620 865290 19 1771
8643 864787 20 1731
8670 864824 24 1837
8692 861375 19 1752
8713 861091 18 1692
8737 863612 20 1852
8759 862563 19 1842
8779 864759 18 1789
8801 862876 19 1871
8822 863477 18 1723
8843 861966 18 1749
8878 865560 32 1834
8898 859685 17 1725
8921 862748 20 1795
8944 862632 19 1742
8964 861368 17 1704
8987 863927 19 1810
9008 863873 18 1810
9030 862347 19 1867
9053 864764 20 1863
9078 861466 22 1667
9100 864043 19 1852
9119 862363 16 1624
9143 859409 20 1673
9164 862943 19 1768
9186 862602 19 1805
9207 862068 18 1798
9230 863609 20 1824
9253 867667 20 1809
9282 862629 27 1852
9306 864365 20 1816
9328 864626 20 1772
9350 865241 19 1810
9372 862117 19 1790
9394 864148 19 1797
9416 861954 19 1772
9437 860483 18 1712
9460 865984 20 1814
9484 862901 21 1697
9505 863163 18 1768
9526 865497 19 1781
9549 863623 19 1852
9571 864511 19 1833
9594 863981 20 1841
9614 860715 17 1722
9636 863203 20 1802
9660 867126 20 1840
9684 864089 21 1741
9705 863648 18 1696
9725 862403 18 1747
9747 859999 18 1741
9766 860552 17 1669
9789 863422 20 1813
9810 861970 18 1815
9832 864344 19 1757
9854 865314 19 1819
9882 864441 24 1867
9904 862471 19 1792
9926 862691 18 1762
9946 863568 17 1737
9968 864409 19 1749
9991 864164 19 1826
10010 861643 16 1637
10033 863299 19 1769
10055 863439 19 1806
10082 863800 24 1771
10108 863718 22 1810
10130 863302 19 1813
10152 862837 18 1753
10175 863129 20 1872
10195 861545 18 1742
10217 863994 19 1787
10237 860124 17 1662
10260 864901 20 1813
10284 859255 21 1668
10309 864058 22 1877
10331 865041 19 1825
10354 862991 20 1776
10376 862160 18 1710
10397 864272 19 1721
10419 862594 19 1780
10442 864946 19 1742
10463 863213 18 1749
10489 867942 23 1832
10515 862694 22 1816
10539 863297 21 1770
10562 860024 19 1726
10585 863526 21 1785
10607 862737 18 1745
10628 860758 18 1705
10650 865824 19 1822
10675 864004 22 1766
10702 864480 24 1792
10729 862200 24 1830
10751 862801 19 1777
10773 861640 19 1716
10797 862758 21 1854
10819 865616 19 1746
10842 862997 20 1824
10863 864482 18 1746
10885 862244 19 1756
10911 861891 22 1805
10933 864369 20 1794
10956 862852 20 1790
10979 862380 19 1790
11000 862811 18 1729
11024 865700 21 1908
11045 864038 18 1748
11067 863835 19 1818
11093 863932 23 1790
11117 865366 20 1786
11139 862393 18 1788
11160 863834 19 1687
11181 863622 18 1803
11202 861273 17 1704
11223 861646 18 1737
11243 864711 18 1689
11265 864196 19 1794
11287 862305 19 1760
11313 862868 22 1754
11336 864843 21 1813
11360 864663 21 1890
11384 862115 21 1802
11407 863395 19 1796
11428 860422 18 1805
11449 861163 18 1773
11470 864118 18 1754
11491 862659 19 1719
11520 863047 26 1787
11541 863143 18 1772
11564 864232 20 1754
11586 863717 19 1779
11605 861748 16 1625
11628 862812 20 1794
11650 863558 19 1834
11673 863783 20 1825
11695 859025 19 1686
11722 864547 24 1801
11745 863426 20 1766
11771 865437 23 1896
11792 860805 17 1731
11814 867054 20 1795
11838 864280 20 1827
11860 863398 19 1779
11880 860550 17 1771
11905 864138 22 1749
11930 860930 20 1751
11954 865651 22 1800
11976 863513 19 1732
11998 864167 19 1842
12022 865739 21 1790
12043 864534 19 1768
12066 864879 19 1877
12087 863519 18 1837
12111 864997 21 1759
12134 861151 19 1735
12155 863557 19 1699
12179 861926 20 1759
12202 864014 20 1865
12223 863889 18 1823
12245 864465 19 1847
12269 865802 21 1825
12291 862517 19 1769
12316 864937 22 1812
12341 863394 21 1852
12365 864550 21 1807
12389 866127 21 1859
12411 861279 19 1706
12433 862566 19 1831
12454 863878 18 1749
12476 861830 19 1798
12500 863777 21 1792
12525 863099 21 1741
12549 862642 21 1800
12573 864128 21 1829
12594 863568 19 1772
12616 860931 18 1702
12638 863234 20 1767
12660 863633 18 1800
12681 863940 18 1784
12705 864676 21 1797
12732 861070 24 1736
12754 863992 18 1804
12774 862798 18 1711
12799 864918 22 1840
12821 860913 18 1795
12844 864244 20 1793
12865 862027 18 1708
12886 863094 19 1786
12910 863452 20 1767
12937 863145 24 1677
12959 861589 19 1763
12980 863215 18 1746
13003 865544 19 1770
13025 863882 19 1730
13047 864041 19 1710
13069 863393 19 1765
13091 864230 19 1753
13115 863452 21 1835
13142 865454 24 1887
13163 863388 18 1779
13184 863160 19 1814
13207 864468 20 1871
13230 862791 20 1744
13252 864282 19 1832
13277 863221 21 1817
13298 865214 19 1788
13322 863915 20 1766
13348 862667 24 1815
13370 861807 18 1797
13391 863185 18 1717
13414 864411 20 1818
13436 864297 19 1832
13457 862245 18 1758
13479 862178 18 1755
13500 861684 18 1775
13523 864446 20 1790
13550 862776 24 1790
13570 864065 17 1717
13590 862089 17 1710
13615 863361 21 1830
13636 862265 19 1752
13658 864303 18 1799
13678 862574 17 1735
13698 862240 17 1746
13722 864311 21 1800
13746 864220 21 1804
13767 865358 17 1768
13789 865033 19 1789
13815 865053 23 1914
13838 862939 20 1850
13859 863821 18 1827
13881 864653 19 1777
13904 864373 20 1819
13926 865039 20 1796
13954 865221 24 1877
13975 864579 18 1802
13995 863803 17 1778
14017 864650 19 1823
14037 862664 18 1735
14060 864816 19 1776
14082 863262 19 1774
14103 863057 18 1771
14125 863631 19 1808
14153 862624 24 1758
14175 863019 18 1749
14195 861546 18 1666
14217 863865 18 1761
14238 863614 18 1793
14259 863407 19 1770
14281 863040 19 1787
14302 861918 18 1725
14323 861588 18 1732
14351 863522 24 1803
14375 863583 20 1835
14395 861082 18 1713
14419 864242 21 1806
14441 862864 18 1760
14462 863239 18 1753
14483 865503 18 1823
14503 862685 17 1713
14524 862615 18 1767
14549 862837 22 1811
14576 865358 23 1843
14598 862935 19 1763
14619 864660 18 1801
14640 863679 19 1780
14661 863487 18 1743
14681 865143 17 1694
14704 863420 19 1803
14726 862069 19 1758
14749 863010 21 1779
14775 863404 22 1717
14796 861867 18 1723
14817 861296 18 1733
14840 860943 19 1840
14863 864221 20 1807
14884 862042 19 1817
14906 860218 18 1725
14927 863190 19 1734
14956 864932 26 1824
14982 864186 22 1839
15004 863645 19 1782
15028 862889 21 1758
15051 864484 19 1835
15072 862986 18 1754
15094 862487 18 1713
15115 862957 19 1796
15139 865702 21 1866
15165 862615 22 1811
15185 861337 17 1711
15207 860787 19 1744
15228 863800 18 1786
15249 864923 18 1738
15271 863103 19 1802
15292 860577 18 1726
15315 865485 20 1872
15338 863908 21 1855
15363 860661 21 1696
15391 865140 23 1838
15413 863116 20 1797
15436 864796 19 1812
15459 863781 21 1809
15480 861856 18 1733
15502 864547 19 1786
15525 863199 20 1850
15549 863259 20 1749
15577 863569 25 1756
15602 865799 22 1852
15624 863623 19 1828
15647 862098 20 1721
15669 864585 19 1813
15690 862721 18 1757
15711 861505 18 1777
15732 863981 19 1799
15755 861899 19 1706
15779 861459 21 1710
15803 862718 21 1845
15825 862076 19 1784
15847 865175 18 1798
15870 865172 20 1806
15892 863450 19 1779
15914 863756 19 1801
15937 862355 20 1775
15962 863531 21 1759
15989 861605 24 1791
16010 864399 18 1710
16031 862890 18 1736
16052 862217 18 1640
16073 862438 18 1709
16094 862641 18 1687
16115 864111 18 1764
16135 862112 17 1718
16157 862924 19 1826
16185 862614 24 1880
16210 864356 22 1848
16231 865662 18 1773
16256 863132 21 1819
16280 864010 21 1849
16302 862897 19 1801
16326 865449 21 1880
16351 865945 22 1998
16377 862605 23 1797
16402 862872 20 1799
16424 863535 20 1820
16444 861237 17 1708
16466 864259 19 1717
16489 864893 20 1847
16512 864352 19 1819
16533 864191 18 1701
16555 863396 19 1834
16578 862336 20 1792
16601 863253 19 1721
16621 863162 17 1682
16642 862023 17 1726
16663 864613 19 1736
16684 863221 18 1774
16706 862642 19 1761
16727 863403 18 1733
16750 863179 20 1811
16780 861820 27 1804
16809 864413 22 1840
16833 865728 21 1866
16856 863362 20 1765
16879 862987 20 1824
16901 861243 19 1820
16924 866185 20 1794
16945 861532 18 1761
16967 864530 19 1817
16991 861495 20 1684
17014 863840 20 1814
17035 862973 19 1766
17057 863476 19 1793
17078 861548 18 1728
17101 864881 20 1868
17121 861465 18 1748
17142 863427 18 1683
17164 861685 19 1759
17188 863304 21 1846
17215 863456 23 1836
17236 861570 18 1733
17259 862854 20 1759
17279 861668 17 1776
17302 866053 20 1873
17324 862823 19 1682
17346 863276 20 1760
17368 862945 19 1735
17394 863268 23 1704
17419 862931 20 1767
17442 864289 21 1811
17465 863543 19 1855
17488 863685 21 1870
17510 863569 19 1839
17532 861967 20 1763
17555 863418 19 1807
17578 862394 20 1787
17603 863968 22 1809
17624 862904 18 1723
17645 861648 18 1787
17666 862666 18 1744
17690 861316 20 1798
17713 867114 20 1894
17733 863679 17 1721
17755 862992 19 1816
17778 865133 19 1862
17803 865005 21 1783
17827 863422 21 1829
17850 863971 20 1821
17873 862053 20 1755
17894 862343 18 1791
17915 863975 18 1824
17935 861865 17 1729
17957 862076 19 1753
17979 864363 20 1751
18005 861873 22 1855
18034 865063 25 1801
18058 863151 22 1799
18082 864087 20 1829
18103 858802 18 1715
18124 860161 17 1666
18145 865173 19 1768
18167 862552 18 1757
18188 860461 19 1787
18216 864244 24 1804
18240 861743 21 1775
18264 864434 20 1834
18285 860880 18 1768
18309 862995 21 1772
18332 862268 21 1824
18354 861443 19 1766
18374 860323 17 1710
18396 861526 19 1743
18421 862539 21 1722
18442 864075 18 1724
18466 864570 20 1865
18487 864357 18 1742
18510 864720 20 1801
18530 858987 17 1682
18552 863371 18 1803
18571 860540 16 1668
18592 863603 18 1704
18619 863152 24 1782
18640 862743 18 1781
18664 864943 21 1856
18685 861302 18 1759
18706 861930 17 1697
18729 865441 20 1802
18749 864005 18 1688
18770 859841 18 1713
18791 863972 18 1733
18816 861597 22 1711
18840 864716 20 1770
18859 861422 16 1660
18880 862370 18 1726
18905 864127 22 1847
18928 860619 20 1730
18947 864436 17 1730
18969 863434 18 1741
18992 863432 20 1778
19014 863645 19 1704
19038 860266 20 1688
19061 860867 20 1819
19082 861006 18 1689
19103 864110 18 1828
19124 863139 18 1760
19144 862853 18 1762
19165 863162 18 1714
19187 864537 19 1771
19209 861957 19 1698
19234 862519 22 1765
19255 861931 18 1692
19276 862347 17 1721
19299 864751 20 1858
19320 862977 18 1720
19342 864193 18 1764
19364 863021 19 1841
19386 863116 19 1797
19407 862114 19 1653
19438 862547 27 1773
19494 863587 19 1746
19521 864067 23 1871
19542 862037 18 1726
19568 867136 23 1883
19588 863697 18 1773
19613 865619 21 1827
19639 864787 24 1787
19660 862086 17 1746
19680 864471 17 1699
19702 862931 19 1800
19723 862947 18 1815
19743 861875 17 1704
19764 863711 19 1683
19785 860746 18 1710
19807 863949 19 1771
19832 859985 22 1739
19855 859366 19 1794
19877 863686 19 1823
19900 865612 19 1808
19921 859747 18 1739
19943 862504 19 1814
19965 862601 19 1847
19988 864381 19 1793
20008 863090 18 1762
20035 866722 24 1798
20058 864087 20 1776
20080 863303 18 1786
20100 862850 17 1792
20122 864098 20 1841
20143 860584 17 1654
20165 861436 19 1773
20186 862426 18 1772
20207 864274 18 1811
20229 862133 19 1729
20255 864434 23 1754
20278 864591 20 1782
20301 864167 20 1708
20320 862309 16 1692
20343 865052 20 1828
20366 861731 20 1686
20389 865074 20 1830
20409 862284 17 1724
20434 865528 22 1865
20461 865273 23 1866
20482 862302 18 1729
20504 862318 19 1705
20526 865809 19 1830
20547 860025 17 1721
20567 862259 17 1783
20590 862668 20 1813
20612 865598 19 1803
20635 863213 20 1796
20661 862585 23 1786
20683 863805 19 1790
20707 860445 21 1821
20728 864636 18 1801
20751 861523 19 1766
20771 863190 18 1729
20792 862607 18 1790
20815 863237 19 1743
20837 863000 20 1790
20870 864406 29 1882
20891 862923 19 1751
20914 866340 20 1838
20936 861756 19 1757
20959 862034 20 1824
20982 863549 20 1802
21005 863945 20 1847
21026 863205 19 1772
21052 864561 22 1805
21076 861572 20 1788
21095 861484 16 1620
21118 864267 19 1808
21139 862400 18 1738
21159 861994 18 1683
21179 862299 17 1655
21201 863551 19 1809
21222 864614 18 1764
21245 863562 20 1779
21271 863299 23 1768
21295 861350 21 1815
21315 860653 17 1687
21336 859624 18 1691
21357 863963 18 1777
21378 862748 18 1830
21401 863331 20 1770
21421 861493 17 1780
21444 862107 21 1713
21469 863306 22 1748
21490 859162 18 1746
21511 862647 18 1767
21534 863479 19 1847
21555 862487 18 1813
21578 864006 19 1751
21600 865647 19 1844
21621 863130 18 1748
21644 864617 20 1743
21668 861840 21 1753
21691 863971 19 1737
21711 861645 17 1683
21733 863778 19 1835
21754 862693 18 1777
21779 861976 22 1719
21801 861750 20 1732
21825 864105 21 1785
21848 861391 19 1764
21871 861228 20 1696
21892 860071 18 1746
21913 862460 18 1706
21936 861954 19 1782
21959 863905 20 1860
21980 861914 18 1781
22001 861907 18 1738
22022 862048 18 1702
22045 862033 20 1748
22073 865824 25 1790
22099 863129 21 1794
22120 864227 19 1766
22143 862048 19 1768
22167 864298 21 1875
22188 861382 18 1693
22211 862326 20 1892
22234 864307 20 1822
22257 861820 21 1792
22283 859034 23 1764
22304 860260 18 1661
22327 862489 19 1776
22348 864564 18 1827
22369 862807 19 1739
22394 863103 22 1909
22416 864197 19 1724
22439 864102 20 1798
22460 864274 18 1695
22485 863286 22 1793
22508 860069 20 1741
22529 864005 19 1842
22551 863276 19 1751
22573 861225 19 1830
22596 863914 19 1712
22619 865091 20 1844
22642 863907 20 1788
22664 862556 18 1672
22689 860901 22 1694
22710 862710 18 1773
22731 862552 18 1715
22754 862321 19 1720
22776 864334 19 1811
22798 862219 18 1793
22820 864768 20 1802
22844 863796 20 1828
22867 860001 20 1711
22892 863742 22 1754
22912 864559 17 1736
22936 862184 21 1779
22958 861032 19 1686
22979 861902 18 1801
23001 861140 19 1783
23022 864490 18 1761
23044 861418 19 1786
23067 862934 20 1762
23094 862573 24 1754
23116 862213 19 1775
23136 861114 17 1738
23157 862680 18 1780
23179 864076 19 1783
23202 865976 20 1913
23222 862792 17 1712
23242 862751 17 1707
23262 861751 17 1684
23291 862217 26 1765
23314 861383 19 1738
23336 862273 18 1718
23361 864581 22 1820
23383 864587 19 1766
23405 862768 19 1788
23427 863419 19 1838
23448 863817 18 1736
23471 862394 19 1765
23498 863426 24 1801
23520 862570 19 1761
23541 863795 18 1790
23563 862008 19 1771
23585 862558 19 1727
23606 861624 18 1730
23627 859613 18 1707
23647 862929 18 1703
23669 864287 19 1762
23695 864526 22 1750
23717 862869 19 1726
23738 862752 18 1784
23762 864487 21 1854
23784 863692 19 1763
23806 863400 19 1819
23827 864386 18 1715
23848 864468 17 1752
23868 862516 17 1673
23893 864531 22 1882
23915 861769 18 1698
23938 863478 19 1788
23959 863009 18 1807
23979 862457 17 1687
24001 863778 19 1844
24021 864156 18 1722
24041 861478 17 1718
24063 863695 19 1772
24086 863276 20 1784
24111 860981 21 1691
24133 861001 19 1787
24155 861284 19 1725
24175 861179 17 1724
24197 865040 19 1800
24219 862964 18 1763
24239 862217 18 1765
24259 862630 17 1684
24280 863185 18 1681
24305 863122 22 1840
24327 863749 18 1774
24347 861201 17 1677
24368 862734 18 1781
24391 864364 20 1818
24413 861255 19 1715
24436 864966 20 1853
24457 862110 18 1719
24478 863355 19 1753
24504 860566 23 1714
24527 861870 20 1773
24549 859790 18 1731
24572 863238 21 1831
24594 863823 19 1787
24615 864281 18 1761
24636 863948 18 1796
24657 863529 18 1782
24679 860941 19 1754
24711 864492 29 1854
24733 862658 19 1711
24754 862368 18 1737
24777 861838 20 1790
24798 861785 18 1708
24819 863170 19 1816
24842 865165 20 1744
24866 863676 21 1858
24889 863734 19 1741
24917 864971 24 1812
24937 862308 17 1714
24960 865406 20 1797
24983 864316 20 1801
25004 862770 19 1816
25027 863438 19 1818
25050 863621 20 1806
25071 861745 18 1802
25094 862607 20 1753
25117 862322 20 1664
25140 862576 20 1751
25163 863957 19 1767
25185 864001 19 1819
25207 862205 19 1784
25227 861301 17 1765
25249 863174 19 1735
25271 865148 19 1843
25293 862774 19 1749
25320 862573 23 1750
25343 864111 20 1784
25367 864389 20 1816
25391 863652 21 1839
25415 863079 21 1731
25436 863484 19 1784
25457 860815 18 1780
25478 861985 17 1700
25500 860522 19 1713
25527 867577 23 1800
25551 864302 21 1800
25572 862264 18 1861
25594 862806 19 1748
25615 862001 18 1809
25636 866003 18 1790
25658 863789 19 1821
25680 862687 19 1778
25700 861629 17 1729
25727 863742 24 1882
25753 864607 21 1910
25779 863787 24 1725
25802 864077 20 1776
25823 861873 18 1705
25845 863618 19 1796
25866 862415 17 1743
25886 863153 17 1704
25908 863131 20 1766
25938 864412 26 1772
25965 866576 23 1835
25989 862772 21 1723
26014 864424 22 1820
26035 859011 18 1734
26058 864616 19 1828
26078 864653 18 1774
26101 864695 20 1789
26125 864177 21 1740
26148 862536 19 1711
26170 861693 19 1777
26192 862854 19 1763
26214 864457 19 1816
26235 862046 18 1776
26257 861600 19 1766
26277 863273 18 1717
26300 864626 19 1856
26325 862474 22 1785
26350 863683 22 1867
26371 864743 18 1841
26393 864185 19 1807
26416 863361 20 1807
26439 864755 21 1836
26461 862604 18 1712
26482 864835 19 1777
26504 864052 19 1796
26530 862868 22 1804
26555 865345 20 1733
26578 863202 20 1840
26601 862494 20 1842
26624 862089 20 1777
26647 862512 20 1841
26669 864010 19 1789
26689 864055 17 1761
26710 863108 18 1719
26736 862510 23 1769
26761 862097 20 1786
26783 862028 19 1796
26804 863110 18 1730
26825 863039 18 1731
26846 860963 18 1680
26869 863825 20 1874
26890 863515 19 1824
26909 861436 16 1598
26932 859383 20 1717
26960 865279 24 1792
26982 864106 19 1792
27004 863146 19 1835
27026 862121 19 1723
27046 863351 17 1720
27068 864829 18 1790
27091 864821 21 1716
27116 863475 21 1862
27138 864054 19 1702
27165 863611 23 1758
27188 864352 20 1865
27212 863315 21 1754
27234 863992 18 1754
27256 865254 19 1873
27276 864526 18 1775
27298 863429 19 1791
27319 860777 18 1717
27348 862816 26 1750
27374 861678 23 1876
27396 861911 18 1759
27419 863208 20 1884
27441 864765 19 1830
27462 862258 18 1730
27484 862807 19 1749
27507 864399 20 1871
27527 861304 18 1758
27553 862057 22 1732
27573 862546 17 1651
27595 863449 19 1751
27620 863297 21 1832
27642 862110 19 1744
27664 862593 20 1846
27687 861696 20 1844
27710 863176 20 1768
27731 864661 18 1806
27756 861372 22 1775
27777 864601 17 1716
27799 861518 18 1744
27821 861665 19 1712
27842 862983 18 1741
27862 863275 18 1763
27883 861571 18 1783
27905 864415 19 1735
27928 867272 20 1932
27949 864468 18 1723
27972 862636 20 1740
27992 861572 17 1652
28014 862300 18 1727
28036 866507 19 1866
28059 864852 20 1825
28081 865368 19 1925
28102 862537 18 1762
28123 861642 18 1772
28146 862706 20 1768
28170 863915 22 1768
28195 865107 21 1782
28216 863917 19 1796
28241 864280 21 1846
28262 860631 18 1811
28283 865544 18 1797
28307 863607 21 1778
28330 863864 19 1763
28352 862247 20 1763
28378 864803 23 1832
28399 859473 18 1752
28420 861762 18 1750
28443 864697 20 1863
28465 862350 18 1741
28486 861157 19 1709
28507 861821 18 1728
28527 860977 18 1741
28549 863936 19 1726
28578 864861 26 1829
28600 864199 18 1788
28620 864879 18 1776
28641 861532 17 1699
28663 864865 19 1857
28684 863308 18 1823
28706 863701 19 1824
28726 862476 17 1720
28750 864137 21 1792
28778 860909 24 1752
28801 862533 19 1815
28821 864584 18 1747
28845 865989 21 1810
28866 864662 18 1784
28888 863587 20 1880
28909 861407 18 1810
28931 863786 18 1763
28951 862390 17 1731
28978 864556 23 1850
29000 862381 19 1777
29024 863287 21 1858
29046 862252 19 1780
29069 864007 19 1804
29091 862302 19 1747
29113 861745 19 1806
29136 862578 20 1846
29160 861829 21 1808
29185 862661 21 1740
29207 864562 20 1816
29227 861823 17 1769
29250 863046 19 1837
29271 863717 19 1819
29293 862829 18 1754
29315 862216 19 1718
29336 861370 18 1778
29359 861819 20 1779
29384 861910 22 1700
29407 865605 19 1697
29428 861166 18 1738
29451 860292 20 1723
29474 863787 19 1808
29497 862806 21 1762
29518 862917 18 1747
29540 865243 19 1740
29563 865491 20 1862
29589 864713 23 1888
29611 860679 18 1674
29633 864335 19 1820
29656 863283 20 1788
29678 860414 19 1733
29699 863795 18 1787
29720 863297 18 1720
29742 861546 19 1751
29765 864388 20 1821
29791 864609 22 1837
29814 866718 20 1797
29836 863201 18 1765
29858 862530 20 1795
29880 863712 19 1806
29902 864341 19 1718
29923 862033 18 1707
29944 862783 18 1765
29968 864987 21 1886
29994 860891 23 1718
30018 862416 19 1737
30039 862521 18 1788
30063 864695 20 1837
30086 861905 20 1838
30109 866150 20 1774
30129 860788 17 1720
30149 860825 17 1690
30175 863917 23 1815
30202 863893 24 1855
30223 863393 18 1775
30246 866097 20 1769
30267 861655 18 1728
30288 862523 18 1709
30310 864355 19 1765
30331 863430 18 1763
30356 865261 22 1855
30379 862919 20 1740
30405 862027 22 1748
30425 860634 18 1696
30446 862837 18 1749
30468 861888 20 1770
30490 864235 18 1856
30511 861185 19 1765
30533 862888 19 1830
30558 861529 21 1743
30579 859431 19 1655
30605 865109 22 1804
30627 865460 19 1882
30649 862347 18 1762
30670 862327 18 1684
30690 860921 18 1715
30712 864867 19 1833
30735 862843 20 1827
30756 862933 18 1741
30779 866888 20 1827
30805 865497 22 1837
30827 862631 19 1726
30849 861944 19 1740
30874 865342 22 1883
30896 862710 18 1773
30916 860245 18 1719
30938 864668 19 1763
30959 862397 18 1721
30982 861368 20 1758
31009 864349 24 1806
31033 862207 21 1787
31054 862910 18 1770
31075 862289 18 1662
31095 862208 18 1776
31116 862389 18 1741
31137 861023 18 1692
31162 866011 22 1859
31183 862954 18 1732
31210 861732 24 1714
31236 863755 22 1816
31260 866118 20 1812
31281 862075 18 1704
31301 862012 18 1741
31324 863989 19 1778
31346 862552 19 1769
31367 862178 18 1737
31390 862162 20 1744
31411 863601 19 1734
31436 864156 21 1728
31457 861743 18 1781
31479 862995 19 1744
31500 862573 18 1738
31521 863008 17 1731
31543 863763 19 1842
31565 864248 18 1763
31586 861866 18 1741
31608 863597 20 1695
31634 864685 22 1793
31656 863553 20 1879
31677 861265 18 1760
31701 863609 20 1812
31723 862473 18 1789
31744 864113 18 1784
31764 863860 17 1704
31785 862537 18 1782
31808 864305 20 1812
31833 864722 21 1706
31855 864672 19 1807
31876 863081 19 1748
31898 863989 18 1748
31921 863142 20 1823
31941 862055 17 1790
31964 864716 20 1816
31985 863944 18 1831
32008 862275 20 1782
32034 863076 22 1783
32056 860870 19 1782
32079 864970 20 1886
32101 862795 19 1736
32123 861920 18 1785
32144 866659 18 1808
32167 862044 20 1822
32188 861404 18 1702
32209 861953 19 1778
32232 860580 20 1765
32256 861705 19 1735
32279 864440 20 1873
32302 866440 20 1869
32323 864490 18 1790
32344 866370 19 1771
32366 865170 19 1790
32386 862910 17 1699
32407 861971 19 1758
32429 863069 19 1700
32452 862515 20 1731
32474 861941 18 1710
32495 863308 18 1774
32520 862835 22 1835
32541 863523 18 1759
32563 863532 19 1800
32585 861757 20 1783
32606 862296 17 1723
32629 864248 21 1748
32657 863418 23 1741
32678 863280 18 1762
32698 861777 18 1726
32722 863348 20 1806
32744 864804 20 1812
32765 862259 18 1784
32786 864328 18 1719
32807 863185 18 1757
32831 863149 21 1784
32857 862209 23 1821
32879 865005 19 1795
32902 865286 20 1748
32923 862868 19 1769
32945 864177 18 1799
32965 861422 17 1736
32986 865293 18 1792
33007 864009 18 1746
33030 862040 20 1753
33057 865965 24 1785
33078 863352 18 1741
33101 866412 20 1882
33121 862698 18 1797
33143 864323 19 1750
33165 863878 19 1759
33186 865307 18 1819
33208 862571 19 1721
33230 862642 19 1736
33255 860324 21 1798
33280 864982 21 1817
33306 862035 23 1737
33327 863571 18 1777
33350 864128 20 1795
33371 863089 18 1774
33392 861474 18 1764
33415 862321 20 1791
33437 862731 19 1714
33462 861710 22 1717
33487 861525 21 1733
33510 866008 20 1790
33532 862161 19 1815
33554 865370 18 1807
33575 862672 18 1734
33598 864352 20 1830
33622 860483 21 1859
33646 865874 21 1833
33672 861442 23 1758
33692 861119 18 1741
33713 862818 18 1664
33736 862574 19 1796
33759 864560 20 1804
33780 862596 18 1798
33801 860930 18 1689
33823 863198 19 1740
33846 862142 20 1716
33873 862352 24 1711
33896 863148 20 1782
33920 865672 21 1914
33942 861792 19 1742
33963 861771 18 1756
33985 861882 18 1731
34006 860900 19 1731
34029 862605 19 1841
34052 862521 20 1704
34079 864104 24 1766
34099 860173 17 1666
34122 864515 20 1808
34144 864596 20 1913
34169 862664 22 1874
34191 863300 19 1749
34213 866761 19 1858
34234 862679 18 1787
34256 862731 19 1741
34283 864636 23 1870
34305 860758 19 1765
34326 863242 18 1777
34350 863181 21 1870
34372 860611 19 1732
34394 864367 19 1855
34415 863065 18 1752
34437 864061 19 1751
34462 865463 22 1956
34485 862206 19 1655
34508 862998 20 1760
34530 862041 19 1688
34552 864420 19 1772
34574 863250 19 1761
34596 864076 19 1796
34617 861541 18 1765
34639 864219 19 1783
34662 862621 20 1829
34688 864049 23 1777
34710 864992 19 1779
34732 865222 19 1830
34753 860596 17 1683
34776 866317 20 1783
34798 863777 19 1731
34821 863596 20 1771
34843 863665 19 1763
34865 863698 20 1854
34890 861675 21 1689
34912 864584 19 1887
34933 862669 18 1763
34955 864335 19 1886
34977 862256 19 1763
34997 862876 18 1751
35020 861117 19 1817
35043 865468 20 1778
35067 864799 21 1836
35093 862919 23 1748
35115 864220 19 1816
35137 864013 19 1783
35160 863768 20 1827
35181 861216 18 1690
35202 862056 18 1794
35224 863821 19 1849
35245 862488 18 1741
35269 862726 21 1825
35297 862366 25 1706
35318 863679 18 1780
35341 862613 19 1772
35363 864838 19 1866
35385 863134 19 1746
35407 864109 19 1870
35429 864956 19 1865
35449 864017 17 1762
35472 861676 19 1740
35497 862897 22 1807
35519 864235 19 1764
35543 865353 20 1899
35564 865887 18 1802
35586 861804 20 1758
35609 863588 19 1807
35631 862427 20 1862
35653 863805 19 1789
35675 864872 19 1748
35702 863468 24 1793
35723 862853 18 1781
35743 863143 18 1730
35768 867113 21 1951
35790 865283 19 1772
35811 861616 18 1785
35832 863748 17 1741
35854 864510 19 1773
35877 861938 20 1777
35903 863595 23 1800
35924 864156 19 1785
35945 861162 18 1728
35968 862331 19 1693
35989 864557 18 1755
36010 862250 18 1699
36031 863941 18 1740
36052 862909 19 1726
36078 864400 23 1802
36104 861248 23 1715
36127 862836 20 1746
36148 863555 19 1775
36172 864003 20 1842
36197 862591 22 1867
36217 862234 17 1743
36238 863867 18 1783
36260 860469 19 1732
36283 863060 20 1695
36309 864357 23 1846
36330 862768 17 1740
36352 860886 19 1757
36375 865294 20 1779
36395 860877 17 1652
36414 862807 17 1706
36438 863114 21 1833
36460 861854 18 1823
36482 863374 20 1730
36513 864416 27 1823
36535 864883 19 1771
36558 861451 21 1800
36580 863399 18 1760
36601 861791 18 1730
36622 864064 18 1760
36645 864212 20 1856
36667 861729 19 1734
36691 862313 22 1805
36718 866139 24 1773
36741 865190 20 1817
36763 864208 19 1789
36785 861615 19 1813
36806 863193 18 1742
36830 863258 20 1805
36852 862975 19 1811
36875 865545 20 1832
36897 863347 20 1754
36924 865472 24 1756
36945 865335 18 1724
36966 861837 18 1695
36987 864192 18 1739
37009 861557 19 1815
37030 862958 18 1867
37053 863314 19 1853
37075 860540 20 1858
37099 865283 21 1823
37124 862795 22 1733
37145 861921 18 1726
37168 863062 19 1723
37191 864508 20 1854
37212 863196 18 1768
37233 863630 18 1741
37257 859379 21 1795
37278 863112 19 1768
37301 862657 20 1805
37326 862356 22 1785
37348 863326 19 1814
37369 862642 18 1683
37395 865473 23 1870
37418 864281 20 1859
37439 861230 18 1728
37460 861149 18 1751
37482 864190 19 1745
37505 863113 20 1808
37529 863305 21 1781
37552 863400 20 1797
37572 861442 17 1712
37592 862031 18 1750
37613 861454 17 1754
37634 863847 19 1798
37655 860968 17 1711
37677 863602 19 1870
37699 863020 19 1760
37725 863864 22 1819
37747 866126 19 1836
37769 862535 19 1733
37796 863914 24 1868
37817 863335 17 1723
37842 863479 22 1852
37862 862095 17 1730
37882 863284 17 1677
37905 861842 19 1682
37933 860865 25 1738
37957 861993 21 1796
37979 863765 19 1762
38002 865123 19 1811
38023 860839 18 1694
38045 866019 19 1839
38066 862109 18 1718
38086 862606 17 1703
38108 863547 19 1812
38132 861986 20 1666
38153 862531 19 1823
38175 863882 19 1808
38195 861263 17 1712
38217 865167 19 1823
38240 862145 20 1763
38261 862520 18 1823
38282 862122 18 1729
38303 861919 18 1706
38329 862834 23 1811
38352 863563 19 1802
38373 863158 19 1759
38395 861173 19 1729
38415 862604 17 1693
38437 861906 19 1774
38460 863295 20 1824
38480 861662 17 1724
38503 862308 20 1814
38530 864049 24 1830
38554 863262 20 1867
38576 863170 19 1809
38599 861922 20 1712
38621 862181 19 1758
38643 863495 19 1812
38665 860934 19 1758
38687 861773 19 1745
38709 862726 19 1776
38735 861681 23 1724
38758 863844 20 1752
38780 862783 19 1840
38801 862623 18 1757
38823 865097 19 1851
38845 863255 19 1788
38868 865618 21 1853
38888 864045 17 1689
38908 860849 17 1720
38931 861926 19 1729
38958 863300 23 1803
38979 862086 19 1749
38999 861479 17 1715
39023 863120 20 1768
39045 863037 19 1765
39066 863694 18 1777
39091 863987 22 1821
39110 859194 16 1639
39133 864429 20 1781
39161 863610 25 1767
39185 864780 21 1784
39206 861061 19 1688
39227 860882 17 1702
39247 863824 18 1718
39269 861424 19 1814
39292 864866 19 1781
39313 862370 18 1812
39337 862159 21 1740
39360 860797 20 1664
39382 862066 19 1722
39403 862056 18 1746
39425 862247 19 1804
39448 862197 20 1789
39470 863400 20 1805
39492 860842 18 1817
39514 864794 20 1831
39539 862599 21 1819
39565 863209 23 1763
39587 863169 18 1726
39610 864351 20 1746
39632 865049 20 1856
39654 864480 19 1864
39677 863743 20 1785
39698 863809 18 1797
39720 862185 19 1789
39744 862800 22 1808
39769 863065 21 1772
39794 865383 22 1860
39818 863792 20 1779
39838 861860 17 1699
39861 864024 19 1825
39882 864748 19 1729
39902 861929 17 1676
39925 864584 20 1896
39949 865824 21 1851
39973 863310 19 1778
39995 862788 19 1731
40016 862043 19 1829
40038 864929 19 1810
40060 863207 19 1693
40084 863252 21 1908
40105 861479 18 1799
40125 865813 18 1724
40149 862107 20 1881
40173 863343 21 1748
40197 862619 21 1839
40219 862643 19 1812
40240 862974 18 1710
40265 864673 21 1833
40284 862608 16 1690
40306 860220 19 1735
40327 863886 18 1752
40353 860327 23 1750
40379 863694 22 1825
40402 864461 21 1863
40424 862243 18 1754
40446 863403 19 1749
40468 863710 19 1745
40489 864175 19 1749
40510 860713 18 1765
40532 862261 19 1808
40560 865347 25 1803
40584 865158 20 1753
40606 862513 18 1764
40631 863521 23 1917
40651 862772 17 1686
40672 862301 17 1722
40693 861210 18 1747
40714 860698 18 1714
40734 863134 17 1738
40757 862912 20 1785
40783 861299 22 1683
40804 863388 18 1739
40828 862927 20 1758
40850 863403 18 1778
40872 864260 19 1757
40891 861518 16 1649
40912 862393 18 1770
40936 864845 21 1890
40957 861313 19 1694
40982 861145 22 1714
41006 861874 21 1777
41029 862499 20 1823
41052 866903 20 1785
41074 866304 19 1770
41097 863019 20 1758
41119 864017 19 1761
41141 865623 19 1903
41165 863679 21 1766
41192 862214 23 1798
41215 864914 20 1870
41239 864298 21 1853
41260 862614 18 1779
41282 863705 19 1800
41303 864142 18 1766
41324 863405 18 1830
41345 862940 18 1753
41369 865022 21 1847
41395 864744 22 1847
41417 861443 19 1822
41436 863703 16 1644
41458 862001 18 1684
41479 861794 18 1786
41499 861628 17 1701
41520 863642 18 1742
41541 862462 17 1729
41565 864738 22 1832
41592 863120 24 1823
41617 864880 21 1823
41640 863265 20 1789
41662 862237 19 1766
41684 864127 20 1848
41705 861765 18 1700
41725 862367 18 1678
41746 863330 18 1811
41769 862880 20 1760
41795 863803 22 1782
41816 862051 19 1763
41841 865941 22 1832
41863 862560 19 1755
41884 863554 18 1760
41906 863070 19 1777
41928 862663 20 1790
41951 862057 19 1795
41975 862658 21 1714
42005 862549 27 1784
42029 862820 21 1853
42050 860216 18 1711
42073 863437 19 1728
42095 862424 19 1725
42116 863783 18 1788
42137 863907 19 1779
42159 862734 19 1772
42182 860677 20 1676
42208 861492 22 1820
42232 864532 21 1841
42254 863016 19 1801
42278 864793 20 1859
42301 862265 20 1786
42322 863930 19 1752
42343 860485 18 1714
42368 860517 22 1704
42393 863947 22 1845
42415 862379 18 1785
42437 865066 19 1805
42458 861164 18 1726
42479 862683 18 1859
42501 862397 18 1752
42522 862798 19 1770
42544 865545 19 1692
42566 864370 19 1856
42593 860377 24 1785
42619 863970 21 1791
42642 866550 20 1784
42664 862647 19 1795
42686 862577 19 1826
42707 863393 19 1668
42730 862865 20 1825
42751 862869 18 1711
42771 861542 17 1682
42799 862534 24 1837
42823 867863 21 1860
42844 861277 18 1742
42867 861593 21 1757
42889 862580 19 1749
42909 860816 17 1681
42931 860855 19 1781
42952 861878 19 1693
42975 864374 19 1733
43002 864384 24 1868
43025 860794 19 1756
43046 861737 18 1700
43066 859326 17 1672
43089 864080 20 1734
43110 864353 19 1768
43132 862001 19 1752
43153 863777 18 1802
43175 861856 19 1777
43197 860890 19 1643
43226 863732 24 1729
43248 864211 19 1803
43271 862326 20 1749
43293 863145 19 1751
43315 863158 18 1716
43336 863599 19 1818
43360 866479 21 1911
43381 863599 18 1673
43406 863933 22 1751
43431 864070 21 1867
43453 864696 19 1771
43475 863234 19 1732
43498 863810 21 1822
43519 864017 18 1821
43541 861940 19 1784
43562 863155 18 1751
43584 862303 20 1805
43611 866110 24 1874
43633 864108 18 1697
43655 862001 20 1739
43677 862606 18 1803
43699 863469 19 1821
43721 863135 19 1791
43744 863255 20 1810
43765 862318 18 1748
43788 862474 20 1762
43812 861916 21 1763
43835 863964 19 1794
43858 866060 20 1847
43880 861664 19 1827
43900 861991 17 1807
43921 861236 18 1734
43943 863640 19 1845
43965 861012 19 1755
43990 864469 22 1820
44015 861834 21 1806
44038 864475 19 1793
44062 862726 21 1848
44083 862633 18 1775
44106 862468 20 1768
44127 863215 19 1777
44149 861951 19 1781
44171 862405 19 1763
44193 862608 19 1779
44217 865396 21 1736
44242 863301 21 1743
44264 860548 19 1701
44286 861115 19 1792
44307 862688 18 1707
44329 862493 19 1789
44351 862433 20 1770
44374 864732 20 1747
44395 865286 19 1745
44420 862594 21 1831
44445 863673 21 1767
44466 862769 19 1810
44488 863301 19 1766
44511 865450 20 1875
44531 862616 17 1694
44553 862651 19 1776
44574 863592 18 1787
44595 863560 18 1771
44621 862480 22 1715
44648 867297 23 1826
44671 866104 20 1868
44692 861015 18 1693
44713 862208 18 1764
44735 864993 18 1831
44757 862328 19 1786
44780 864787 20 1839
44800 863549 18 1755
44822 862226 19 1712
44848 865906 22 1869
44871 864346 20 1818
44892 862696 18 1729
44913 863676 18 1779
44934 862423 18 1710
44957 865601 20 1906
44977 861234 17 1679
44997 864041 17 1697
45021 865816 21 1784
45045 862807 22 1781
45068 862994 19 1755
45088 860083 17 1623
45111 862293 20 1772
45133 863488 19 1766
45154 862458 19 1785
45175 861743 17 1678
45195 862340 18 1747
45219 863433 20 1825
45244 862268 22 1745
45267 862801 20 1764
45289 863770 19 1754
45310 863044 18 1784
45331 863352 18 1798
45352 863028 18 1810
45373 860451 18 1747
45395 866865 19 1916
45417 864636 19 1759
45443 860618 22 1710
45465 863555 19 1791
45487 864463 19 1812
45510 862587 20 1752
45531 864221 18 1718
45553 861097 19 1775
45574 861633 18 1725
45597 863142 20 1843
45620 865290 20 1765
45645 864007 21 1767
45667 862339 18 1756
45690 864622 20 1831
45712 862694 20 1754
45736 862863 21 1740
45757 861505 18 1739
45780 864999 19 1861
45801 862047 19 1706
45823 862751 19 1771
45852 864493 25 1778
45873 860900 18 1766
45896 863200 20 1747
45918 862939 19 1729
45938 860055 17 1699
45958 861183 17 1713
45979 860195 18 1690
46001 863083 19 1849
46023 861860 19 1843
46049 860755 23 1694
46071 862631 19 1709
46094 864186 19 1821
46118 862321 21 1781
46140 862535 19 1744
46161 862707 18 1699
46182 862939 18 1703
46203 862358 18 1813
46225 861757 19 1745
46252 862910 24 1835
46277 864242 21 1838
46300 864659 20 1776
46321 863131 18 1754
46344 863164 20 1800
46364 861000 17 1717
46385 863561 18 1701
46406 864906 18 1762
46428 862525 19 1833
46454 866372 23 1912
46477 862965 20 1846
46499 863317 18 1706
46521 863280 20 1771
46543 863003 19 1797
46567 865550 21 1809
46591 862098 22 1843
46613 863272 19 1697
46635 860602 19 1799
46663 862644 24 1742
46687 864129 20 1837
46709 864787 19 1796
46729 863881 18 1754
46752 862923 19 1811
46773 864175 19 1767
46796 865036 19 1781
46816 862768 18 1742
46837 860978 18 1698
46865 863848 24 1870
46887 861913 18 1803
46916 865878 26 1898
46940 866422 21 1837
46962 863078 19 1814
46984 863659 19 1745
47006 859614 18 1760
47027 862169 19 1746
47050 863980 19 1758
47074 862828 21 1753
47095 860986 18 1700
47117 862923 18 1791
47138 862014 19 1731
47161 863190 20 1827
47184 862638 20 1822
47205 862206 18 1732
47228 863627 20 1833
47250 862392 19 1756
47280 863878 27 1788
47301 860421 18 1718
47326 863724 22 1843
47347 861841 18 1708
47368 862117 17 1723
47389 866468 19 1873
47409 863764 17 1754
47434 862906 21 1867
47456 862756 20 1718
47482 862921 22 1805
47502 859716 17 1711
47524 863494 19 1738
47545 864140 19 1802
47567 865106 19 1816
47588 863429 18 1765
47610 864028 20 1858
47631 861542 18 1763
47653 864391 19 1817
47679 864610 22 1818
47704 864121 22 1863
47725 862443 18 1752
47747 863030 19 1807
47768 860803 18 1743
47788 859913 17 1721
47812 864729 21 1766
47836 863606 20 1769
47859 862479 20 1768
47885 865120 23 1823
47908 862702 20 1792
47930 861804 19 1776
47955 863550 21 1793
47979 862926 21 1757
48002 862820 20 1705
48024 863041 19 1714
48047 862285 19 1766
48071 862427 21 1758
48096 860355 21 1752
48118 863609 19 1845
48138 863602 17 1663
48158 858820 17 1739
48182 863529 20 1750
48207 862230 22 1799
48233 861289 20 1824
48255 862601 19 1775
48279 863133 20 1732
48303 864718 21 1784
48324 862223 18 1737
48348 863567 21 1776
48369 860997 18 1742
48393 863778 21 1901
48416 864460 20 1895
48438 864597 19 1760
48463 863477 22 1825
48490 862311 24 1830
48515 865203 21 1736
48538 861082 20 1637
48561 864047 20 1807
48582 862264 17 1703
48603 863792 18 1772
48625 864785 20 1864
48646 858925 18 1694
48671 863897 22 1797
48696 860600 22 1779
48724 864701 25 1891
48748 863916 21 1746
48770 862076 18 1817
48792 863869 19 1871
48815 865783 21 1846
48837 862134 18 1727
48858 861408 19 1712
48882 862445 20 1787
48906 861681 21 1705
48927 864057 18 1786
48953 864379 22 1904
48975 864222 19 1758
48997 862710 19 1839
49020 865063 20 1757
49041 862817 18 1841
49065 861639 20 1811
49088 863974 20 1779
49114 862170 22 1744
49136 863755 20 1793
49156 861215 17 1660
49178 862961 19 1789
49202 864880 20 1928
49224 863471 19 1877
49245 860114 18 1658
49267 862705 19 1813
49291 863039 21 1853
49315 859356 20 1718
49335 863682 17 1688
49361 866202 23 1896
49381 862774 18 1768
49403 863619 18 1754
49425 865425 19 1861
49446 864349 18 1827
49468 863001 19 1746
49491 863298 20 1839
49519 864527 25 1807
49542 864197 20 1833
49562 861399 17 1725
49583 863629 17 1753
49604 864068 18 1781
49625 863112 18 1812
49647 864466 19 1831
49671 863723 21 1810
49693 866289 19 1837
49720 864306 25 1754
49740 860775 17 1655
49762 860847 18 1681
49784 863492 19 1784
49806 863888 18 1797
49828 863872 19 1855
49850 863168 19 1810
49871 862915 18 1812
49894 862931 20 1705
49919 863531 22 1756
49942 864341 19 1756
49965 863996 20 1762
49986 861175 18 1790
50009 864028 19 1814
50030 862280 18 1744
50051 859908 18 1734
50070 862917 16 1708
50093 862697 20 1709
50120 865536 24 1814
50142 861320 18 1779
50164 862967 19 1779
50185 864064 18 1799
50206 864267 18 1755
50226 863309 17 1732
50247 863645 18 1739
50267 862635 17 1707
50288 863885 18 1754
50316 863528 24 1866
50337 862616 18 1773
50359 861361 19 1738
50383 863827 21 1812
50404 864915 18 1763
50425 862324 18 1751
50447 864648 19 1799
50469 865565 19 1830
50492 866329 20 1898
50518 862178 22 1782
50540 862058 17 1723
50559 861082 16 1625
50582 862190 20 1756
50603 862069 18 1787
50624 862283 18 1774
50645 861241 18 1748
50667 863899 19 1744
50689 863545 19 1771
50716 866559 24 1905
50742 863131 22 1802
50763 863095 18 1725
50784 861996 18 1740
50807 865042 20 1877
50829 860757 19 1767
50855 863525 23 1863
50876 862233 18 1700
50897 863285 18 1752
50922 863214 21 1757
50944 865177 19 1740
50970 864018 22 1815
50991 860462 18 1725
51011 863686 18 1739
51033 860309 19 1744
51055 864130 19 1723
51075 860452 18 1767
51097 863303 18 1790
51128 864624 28 1812
51154 862196 23 1775
51174 862210 17 1717
51195 863201 18 1793
51217 864402 19 1853
51238 862122 18 1784
51259 860493 19 1741
51280 861570 17 1702
51301 863374 18 1739
51327 866312 22 1822
51349 865926 19 1735
51369 860825 17 1726
51390 863585 18 1783
51414 862514 21 1760
51437 864264 20 1826
51459 862899 18 1827
51481 864909 19 1811
51502 861907 18 1740
51524 865907 20 1780
51550 861891 22 1790
51572 864781 18 1773
51594 864003 19 1734
51615 861288 18 1721
51635 861352 18 1749
51656 866392 18 1806
51678 864913 19 1780
51700 862764 19 1767
51723 865588 20 1829
51750 862917 24 1747
51775 864267 22 1808
51800 862500 21 1777
51821 863448 18 1718
51841 862405 17 1733
51862 863588 17 1750
51882 863235 18 1731
51905 864658 20 1870
51928 862803 19 1785
51954 863463 23 1783
51977 861020 21 1797
51999 863711 18 1775
52025 866637 23 1953
52046 861296 18 1757
52067 864629 18 1790
52090 864626 19 1803
52110 862406 18 1696
52135 866748 22 1833
52158 862723 20 1767
52179 862075 18 1790
52203 862406 20 1670
52223 860528 18 1779
52245 863072 18 1700
52267 861501 20 1802
52290 863185 20 1888
52313 863864 19 1786
52338 862298 23 1884
52368 861457 25 1816
52391 864174 20 1759
52414 863601 20 1755
52438 864072 21 1785
52458 862920 17 1719
52479 863649 18 1768
52500 862619 18 1785
52521 862901 18 1815
52548 864296 23 1847
52569 866311 18 1725
52591 861845 18 1726
52613 864252 19 1815
52635 863032 20 1844
52656 862405 18 1753
52676 861817 18 1690
52699 861530 19 1783
52720 862136 18 1766
52743 860344 20 1785
52767 865171 21 1728
52792 864407 22 1886
52814 865085 20 1876
52837 862925 20 1832
52858 863717 18 1791
52880 863273 19 1811
52901 865241 18 1786
52924 866531 20 1807
52947 863658 20 1761
52971 862361 20 1715
52995 865161 21 1859
53016 861275 18 1718
53039 862999 20 1814
53061 860799 19 1787
53082 861732 18 1676
53103 864328 18 1789
53125 863504 19 1794
53146 861030 19 1723
53173 861444 24 1800
53196 862764 19 1851
53218 861414 20 1695
53238 861574 17 1734
53260 863287 18 1767
53281 865461 18 1809
53300 862146 17 1692
53320 862467 17 1703
53344 864362 21 1874
53368 862932 21 1738
53392 863508 20 1861
53412 861475 18 1792
53435 865714 20 1799
53456 862444 18 1728
53477 863177 18 1789
53497 860646 17 1693
53519 864680 19 1869
53540 864882 18 1757
53566 863034 22 1810
53588 864075 19 1794
53610 863780 19 1825
53631 864109 18 1792
53654 862787 19 1752
53676 863388 18 1696
53697 862572 18 1794
53721 864305 21 1849
53742 863528 19 1741
53769 863072 23 1799
53793 862402 21 1769
53815 865383 19 1792
53836 861628 18 1767
53858 863530 19 1822
53879 861165 18 1748
53901 862664 19 1732
53922 861654 18 1743
53943 865354 18 1809
53968 861678 22 1754
53991 863250 19 1821
54014 864065 20 1761
54036 863548 18 1693
54058 864552 20 1744
54080 863789 18 1792
54102 862635 19 1792
54123 862914 18 1727
54145 863222 19 1704
54168 860650 21 1739
54193 864553 20 1793
54215 862465 19 1752
54237 864073 20 1707
54259 863116 18 1708
54280 862331 18 1770
54301 864156 17 1749
54323 864698 19 1856
54345 864106 19 1848
54368 862432 20 1779
54393 865806 21 1813
54415 863489 18 1756
54435 859836 18 1811
54456 864125 18 1707
54476 862919 17 1758
54498 864903 19 1798
54519 859709 18 1717
54540 860758 18 1725
54562 864222 20 1802
54589 866333 24 1842
54610 863127 18 1743
54634 862208 21 1746
54655 864025 18 1755
54679 864107 20 1802
54700 864209 18 1827
54721 862072 18 1758
54742 864298 18 1837
54765 860475 21 1715
54790 866177 21 1800
54812 863966 19 1818
54834 863864 19 1777
54858 863009 20 1831
54880 863649 20 1776
54900 860991 17 1683
54922 863961 19 1815
54944 862705 19 1788
54971 864487 24 1842
55001 860475 27 1782
55022 862154 18 1783
55043 862942 18 1791
55063 861949 17 1670
55085 861931 19 1762
55107 862908 19 1813
55128 863114 18 1831
55149 863651 18 1789
55174 865646 22 1858
55200 865686 24 1831
55223 864334 19 1802
55246 861481 21 1756
55272 865360 22 1901
55294 862092 19 1751
55317 864316 20 1838
55337 865237 17 1775
55357 861341 17 1687
55380 864302 20 1863
55406 863463 22 1761
55427 862010 18 1780
55452 864069 22 1787
55475 860266 21 1839
55500 863961 22 1842
55525 862345 21 1853
55546 862579 18 1719
55568 864619 19 1796
55590 864206 20 1767
55614 861699 19 1699
55635 861078 18 1717
55657 861969 19 1748
55678 861170 19 1789
55700 865864 19 1786
55722 861183 18 1804
55743 863103 19 1783
55764 863419 18 1757
55787 862912 20 1755
55812 863085 22 1720
55835 862758 19 1818
55857 863796 19 1773
55880 864011 20 1879
55902 862478 19 1765
55923 863994 18 1779
55945 863420 19 1816
55969 862217 21 1861
55994 862623 23 1802
56022 864166 24 1757
56046 864528 21 1812
56070 863595 20 1781
56090 860003 17 1647
56111 864370 18 1713
56134 864163 19 1856
56154 863861 17 1740
56176 863634 19 1788
56199 864622 20 1808
56225 861579 22 1752
56252 861493 22 1777
56274 863552 19 1776
56297 864821 20 1818
56318 861101 18 1736
56340 864669 19 1809
56362 863024 18 1773
56382 862458 18 1711
56410 863215 25 1811
56433 862185 19 1747
56455 862856 19 1795
56478 862312 21 1793
56499 862393 18 1691
56520 861235 18 1735
56541 863425 18 1793
56563 861799 19 1809
56586 860853 20 1694
56611 862587 22 1733
56635 863101 20 1836
56656 861783 18 1744
56679 865439 20 1819
56700 861496 18 1730
56723 863891 20 1829
56745 863011 19 1728
56766 863929 19 1824
56786 861120 17 1721
56813 862695 23 1784
56836 863567 19 1870
56859 864246 20 1783
56884 862717 22 1778
56906 865521 18 1761
56927 864259 19 1790
56950 864220 20 1783
56972 864741 19 1869
56997 865494 22 1857
57025 864434 24 1828
57047 863007 19 1758
57069 865290 19 1862
57089 862412 17 1673
57111 862986 19 1830
57132 862908 18 1765
57154 861681 19 1750
57176 863677 18 1807
57198 862961 19 1725
57224 861502 23 1852
57246 863300 19 1740
57268 862915 19 1773
57292 863995 21 1845
57314 861379 18 1763
57333 861265 17 1706
57355 861989 19 1760
57376 863784 18 1826
57397 861054 18 1719
57425 865361 25 1875
57450 863709 22 1823
57472 864297 19 1832
57493 860411 18 1711
57517 866030 20 1863
57538 863847 18 1760
57558 863085 17 1693
57579 863659 18 1783
57601 863542 19 1746
57626 863226 22 1769
57651 862120 21 1757
57673 863811 19 1755
57695 860915 20 1751
57716 862468 18 1754
57738 863847 19 1717
57759 861342 18 1661
57781 864604 19 1820
57803 864086 19 1765
57832 864185 26 1884
57855 863307 19 1732
57877 867015 18 1765
57898 861960 19 1711
57919 863216 18 1706
57939 864017 17 1708
57960 862723 18 1767
57984 862970 20 1865
58006 861404 20 1803
58032 863833 22 1767
58055 862473 19 1809
58078 865360 20 1782
58100 864096 19 1761
58123 862956 20 1791
58149 863388 22 1856
58170 863576 18 1758
58191 865773 19 1806
58214 863557 20 1822
58242 861576 24 1820
58265 861901 20 1776
58288 862106 20 1836
58311 862086 20 1792
58335 864183 20 1832
58356 861286 18 1678
58377 861415 18 1732
58399 865886 20 1788
58421 861803 19 1709
58447 861435 23 1787
58470 861937 20 1738
58492 864761 19 1839
58514 863949 18 1808
58535 862721 18 1822
58557 862666 19 1763
58580 859083 20 1785
58600 864633 17 1732
58623 863882 20 1839
58649 864259 22 1755
58670 862447 18 1791
58693 864336 20 1914
58717 863592 21 1830
58738 862436 18 1746
58760 863640 19 1782
58783 860623 20 1747
58805 862168 19 1785
58828 861572 20 1776
58853 862134 23 1796
58875 864816 19 1757
58899 863169 21 1788
58920 863839 18 1731
58941 862812 18 1732
58963 863889 19 1782
58984 862992 17 1718
59006 860404 18 1731
59030 864991 21 1798
59060 863190 27 1762
59081 858843 17 1729
59102 862376 18 1702
59122 861655 17 1655
59145 862926 19 1776
59167 862460 19 1745
59190 863934 21 1852
59212 864565 19 1824
59236 862914 21 1819
59262 864293 22 1775
59285 862845 20 1849
59307 862836 18 1792
59328 862397 18 1721
59350 862073 19 1795
59372 864205 19 1756
59394 863295 19 1787
59416 863293 19 1882
59440 863509 21 1827
59466 864435 23 1780
59488 862623 19 1737
59512 863713 21 1782
59536 863923 21 1788
59559 865673 20 1837
59581 862460 19 1802
59604 861941 20 1797
59624 863334 18 1744
59647 864790 19 1776
59674 863849 24 1876
59697 865291 20 1810
59718 861222 19 1710
59739 864622 18 1796
59761 863662 18 1769
59782 863596 18 1811
59803 861748 18 1720
59824 863164 18 1767
59845 863172 18 1715
59873 864935 25 1803
59897 865281 21 1822
59919 863587 19 1756
59941 864625 19 1828
59961 862350 18 1765
59984 864989 19 1843
60005 862767 18 1766
60026 863660 19 1854
60050 864922 20 1764
60075 861836 22 1658
60098 863215 20 1773
60119 862016 18 1686
60140 862548 18 1799
60161 862492 17 1673
60181 860140 18 1708
60204 865785 20 1843
60226 863493 19 1757
60249 862579 19 1754
60279 861818 27 1728
60303 865832 21 1816
60325 864546 19 1672
60348 863214 20 1750
60372 865458 21 1857
60394 860706 19 1774
60416 863094 19 1751
60437 866992 19 1866
60465 865392 25 1785
60488 860754 19 1692
60511 866313 20 1879
60531 863487 17 1698
60554 861829 19 1809
60575 862518 18 1820
60598 864102 20 1764
60618 862376 17 1700
60641 861661 20 1731
60663 861744 19 1719
60689 863666 23 1829
60712 864534 20 1793
60734 862935 20 1768
60756 863805 19 1813
60776 861020 17 1650
60798 863766 19 1841
60823 864914 22 1894
60845 863757 19 1761
60867 862246 20 1762
60895 862856 24 1859
60916 862857 18 1729
60938 864798 19 1754
60961 863732 20 1744
60982 861685 18 1766
61003 863212 18 1846
61024 860755 18 1821
61046 860944 19 1753
61070 864184 21 1833
61095 863352 21 1813
61117 863087 19 1759
61138 862681 18 1837
61159 863105 18 1810
61182 863145 20 1772
61203 863388 18 1735
61224 863677 19 1790
61244 862538 17 1704
61267 864790 20 1831
61293 863676 23 1759
61315 862594 19 1803
61338 861659 19 1816
61360 862258 19 1750
61384 863388 21 1844
61405 861821 18 1758
61425 861609 17 1675
61448 864045 20 1813
61471 863433 20 1810
61499 863878 24 1839
61521 863226 19 1764
61542 865865 18 1804
61564 861036 18 1812
61585 861778 19 1731
61606 862324 18 1729
61629 864790 19 1786
61650 862336 18 1785
61673 862718 20 1733
61705 862073 28 1745
61730 861740 22 1762
61754 864716 21 1865
61775 861760 18 1766
61797 862443 18 1796
61817 861737 17 1689
61837 864302 18 1759
61861 862470 21 1823
61884 864552 20 1866
61909 865273 20 1725
61930 864084 18 1765
61952 863520 19 1834
61975 865549 20 1857
61997 862741 19 1815
62020 865220 20 1791
62043 864973 20 1848
62064 863325 18 1739
62086 859681 19 1743
62112 864559 22 1756
62133 860613 18 1760
62154 861661 18 1709
62176 863046 19 1734
62197 861638 17 1705
62217 860517 18 1798
62239 862859 19 1777
62264 865304 23 1850
62287 863005 20 1718
62313 866491 23 1827
62335 863822 19 1744
62358 862494 20 1756
62380 864025 19 1852
62401 861493 18 1678
62421 862628 17 1730
62442 865260 18 1815
62462 864023 17 1757
62487 865851 22 1861
62511 863502 22 1846
62534 863019 20 1804
62557 863939 20 1757
62578 860707 18 1728
62599 864287 18 1750
62619 862323 17 1745
62640 861478 18 1727
62659 862271 16 1676
62687 863279 25 1767
62714 864133 24 1860
62737 864370 20 1780
62758 862622 18 1767
62780 861863 19 1769
62804 862505 21 1694
62823 863312 16 1673
62845 863701 19 1818
62867 863078 18 1731
62891 864795 21 1743
62916 861980 23 1715
62941 864251 20 1819
62961 863582 18 1701
62985 863352 20 1840
63007 865205 19 1814
63028 863609 17 1727
63049 862480 19 1759
63071 863682 18 1788
63113 863650 23 1731
63135 863381 19 1807
63157 864046 19 1739
63179 863823 18 1773
63199 859780 18 1691
63221 861780 19 1773
63247 864552 23 1877
63271 865585 21 1834
63296 865052 22 1798
63322 860363 22 1676
63345 862367 20 1824
63367 864149 19 1819
63389 863932 19 1762
63411 863664 19 1806
63431 858533 18 1761
63452 862814 18 1806
63474 860944 19 1732
63498 864323 21 1836
63520 860276 19 1615
63544 862540 20 1759
63570 863542 22 1813
63593 861910 19 1818
63615 863913 18 1758
63635 861072 17 1726
63659 864319 21 1807
63681 862115 19 1769
63704 863271 20 1751
63729 863988 22 1816
63754 862441 21 1736
63780 866316 23 1832
63802 862537 19 1681
63824 863209 19 1775
63846 860855 19 1700
63866 861455 17 1661
63887 865943 18 1750
63908 863338 18 1751
63937 864200 26 1723
63959 863596 19 1788
63982 863814 20 1779
64003 862485 18 1702
64024 862091 18 1740
64048 862576 21 1747
64070 861956 19 1765
64092 864776 19 1777
64115 863921 21 1794
64141 863014 23 1780
64163 861938 19 1762
64184 863190 18 1769
64206 863531 19 1757
64228 860904 19 1782
64250 863862 19 1831
64272 864481 19 1782
64294 863980 20 1898
64318 863380 20 1760
64346 863869 25 1799
64368 864701 19 1769
64390 860018 19 1710
64412 864989 20 1867
64435 862416 20 1812
64456 860374 17 1719
64477 864245 18 1771
64498 864002 18 1768
64520 863182 19 1728
64543 862729 21 1732
64564 860303 17 1683
64585 862771 19 1811
64606 860022 18 1699
64626 862392 17 1681
64648 859520 19 1751
64670 864370 19 1773
64692 865369 19 1822
64713 865391 19 1740
64738 863944 21 1718
64760 865762 19 1761
64782 864799 19 1759
64804 862459 20 1778
64825 862610 18 1798
64847 865644 18 1758
64869 860335 19 1726
64889 862159 17 1688
64910 864035 19 1771
64936 861027 22 1705
64959 860680 20 1755
64982 863446 20 1783
65002 863041 18 1791
65027 862338 22 1799
65049 864611 19 1771
65071 863683 19 1798
65091 861334 17 1766
65112 862951 18 1754
65137 861048 22 1744
65159 862403 18 1609
65181 863882 18 1755
65200 863026 17 1683
65222 863185 18 1730
65243 864380 19 1777
65267 865997 20 1832
65290 863333 21 1753
65312 862056 18 1782
65335 863910 21 1844
65363 865686 25 1889
65385 864963 19 1796
65407 863991 19 1796
65428 862748 18 1707
65449 862596 18 1734
65471 863792 19 1831
65494 861052 20 1755
65519 862872 22 1780
65542 860167 21 1677
65568 861545 22 1741
65590 862210 18 1744
65612 865624 19 1781
65633 862167 19 1724
65656 865412 20 1817
65678 862091 18 1668
65700 864900 19 1854
65723 863450 20 1854
65749 866780 24 1872
65773 864463 19 1773
65794 861613 18 1742
65832 862973 20 1860
65857 862987 21 1781
65879 865097 19 1799
65901 865317 19 1848
65923 861072 19 1798
65947 862799 21 1824
65972 862644 20 1701
65994 863329 19 1766
66016 862455 20 1782
66039 863996 20 1796
66060 862859 18 1751
66081 862123 17 1758
66102 861496 18 1828
66123 863637 18 1796
66145 863138 19 1691
66167 862027 19 1618
66188 862847 18 1769
66209 863725 18 1766
66231 865296 19 1807
66252 863081 18 1717
66272 862307 17 1767
66294 864184 19 1764
66315 863404 18 1718
66337 862608 18 1737
66361 863367 21 1804
66386 864479 22 1759
66407 862599 17 1682
66430 860933 20 1808
66451 862649 19 1765
66474 862778 20 1853
66494 859503 17 1695
66517 862735 19 1791
66538 863615 19 1803
66563 863775 21 1752
66588 865225 22 1901
66610 865047 19 1801
66633 861503 20 1771
66654 861932 18 1738
66675 862624 18 1742
66695 860597 16 1651
66718 863253 20 1705
66739 863729 18 1774
66763 861980 21 1790
66787 862334 20 1756
66808 862155 18 1740
66829 863718 18 1750
66852 863533 20 1756
66874 864836 19 1783
66895 863194 18 1857
66917 862794 19 1784
66938 862158 17 1747
66960 861288 19 1773
66989 861951 25 1773
67012 867021 20 1901
67036 862268 21 1778
67058 864380 19 1779
67079 862226 18 1702
67099 861802 17 1688
67124 865172 21 1857
67146 864429 19 1786
67174 862360 25 1771
67196 862462 19 1691
67218 862702 20 1758
67240 863812 18 1783
67264 863637 21 1820
67285 862276 18 1779
67307 863242 18 1741
67329 862110 19 1766
67349 862136 17 1700
67373 861847 21 1780
67397 863523 21 1807
67419 861435 19 1790
67442 862002 20 1812
67465 864362 19 1811
67486 862835 19 1853
67507 863533 18 1743
67529 864163 19 1831
67550 864834 19 1878
67573 863409 20 1751
67598 861879 20 1745
67620 863202 19 1839
67641 863807 18 1787
67664 861722 19 1784
67686 861804 20 1758
67708 865472 19 1768
67731 862564 19 1834
67753 865718 20 1906
67775 862531 19 1681
67799 861669 21 1758
67821 863534 19 1737
67842 863447 18 1765
67865 862439 20 1880
67888 864587 19 1848
67909 865935 18 1740
67930 864171 18 1793
67951 863058 18 1715
67973 863182 19 1694
67999 862267 23 1715
68023 863892 21 1816
68049 865060 22 1818
68072 864047 20 1835
68094 861793 18 1743
68117 863692 20 1774
68137 862991 17 1724
68159 863386 20 1752
68187 862998 25 1765
68215 860417 24 1879
68236 862873 18 1756
68260 864810 21 1913
68281 862024 18 1733
68303 863471 19 1800
68325 862389 18 1746
68347 863479 19 1904
68369 861406 19 1724
68397 863163 24 1802
68419 859815 19 1666
68440 863912 18 1787
68463 863863 20 1789
68485 864177 19 1750
68507 863002 19 1734
68529 862423 19 1743
68550 863119 18 1713
68572 861891 19 1796
68600 861754 24 1815
68623 864876 20 1815
68645 864122 19 1817
68667 861960 19 1713
68690 861397 19 1679
68712 862270 19 1818
68734 863241 19 1691
68756 861780 19 1815
68778 863295 19 1746
68805 862908 23 1814
68828 863910 20 1762
68849 865265 18 1768
68873 864269 21 1775
68894 862754 18 1721
68916 864444 19 1773
68937 865226 18 1748
68961 863115 20 1864
68983 863480 20 1749
69010 863829 23 1758
69035 861446 22 1877
69062 866416 24 1801
69083 861176 18 1740
69107 866310 21 1845
69129 864148 19 1777
69150 864180 19 1819
69173 863607 19 1744
69197 863723 21 1873
69222 863363 22 1744
69245 863384 19 1741
69267 864598 20 1846
69288 863138 18 1675
69310 866034 19 1854
69331 863198 18 1796
69352 863393 18 1840
69372 861938 17 1764
69393 862043 18 1705
69420 862646 24 1810
69442 861156 19 1763
69466 864372 20 1870
69488 862796 19 1779
69509 863253 18 1714
69531 862249 19 1732
69553 864392 19 1848
69575 863251 18 1683
69599 862861 21 1747
69624 865450 23 1894
69647 862793 20 1797
69669 862700 19 1716
69690 860716 17 1711
69712 861927 19 1823
69731 860991 16 1694
69752 861287 18 1692
69774 861606 20 1734
69797 860437 19 1733
69822 866538 22 1803
69844 863325 19 1804
69865 862746 18 1743
69887 862640 19 1759
69908 861812 18 1768
69930 863009 19 1753
69952 865036 19 1831
69974 862776 19 1759
69996 864099 19 1829
70022 863619 23 1770
70043 861769 18 1711
70065 862585 19 1743
70087 860975 19 1731
70108 862923 18 1739
70129 862785 18 1725
70152 866090 20 1837
70175 861549 19 1751
70199 863432 22 1812
70224 863837 22 1752
70244 863855 17 1730
70267 864913 20 1744
70291 864491 21 1776
70313 864198 18 1741
70334 864043 18 1748
70355 861654 18 1805
70376 859446 18 1766
70398 862474 18 1785
70422 862956 21 1738
70447 865336 21 1768
70467 862357 17 1692
70490 862426 20 1756
70511 864850 19 1764
70535 864309 20 1896
70557 864950 19 1771
70578 862578 18 1804
70598 860760 17 1739
70622 861892 21 1731
70646 864213 20 1816
70667 862428 18 1794
70690 861280 20 1764
70712 864419 19 1806
70734 862335 19 1758
70756 861180 19 1706
70777 860719 17 1707
70797 864490 18 1733
70825 863503 24 1797
70854 863143 25 1805
70875 861400 17 1722
70896 861594 18 1777
70918 863199 19 1806
70940 864215 20 1755
70962 863490 18 1698
70983 862215 18 1712
71005 861392 20 1781
71031 861657 22 1723
71059 863924 24 1828
71080 863974 19 1744
71104 862987 20 1817
71125 865154 19 1816
71148 863399 20 1815
71172 862112 21 1779
71193 862622 19 1769
71216 862665 19 1780
71238 863332 19 1697
71264 865084 21 1781
71287 862770 20 1743
71307 861412 17 1674
71330 864892 20 1790
71353 863998 20 1780
71378 862715 22 1853
71399 863386 18 1802
71423 862778 21 1783
71447 862825 21 1729
71473 864070 23 1845
71495 861136 19 1698
71516 863581 18 1773
71537 863509 18 1763
71558 862348 18 1723
71579 861462 19 1785
71600 863125 18 1808
71624 865121 21 1839
71649 863041 22 1775
71672 863341 20 1842
71692 860859 17 1746
71715 861542 20 1747
71737 860551 19 1760
71760 864562 20 1854
71782 859886 19 1764
71804 864130 19 1828
71827 862838 20 1770
71850 863019 20 1768
71872 861972 18 1753
71893 862220 18 1758
71915 861280 18 1795
71938 863183 20 1825
71960 864838 19 1843
71982 864326 19 1815
72003 861112 18 1707
72025 864439 19 1808
72050 862339 21 1769
72076 862804 22 1813
72097 862773 18 1764
72120 861810 20 1721
72142 863273 19 1793
72166 863478 21 1803
72188 864502 20 1814
72210 863288 19 1781
72234 861802 21 1801
72264 861520 26 1757
72286 863292 19 1848
72309 861868 20 1787
72333 863063 21 1763
72354 863119 19 1759
72377 863522 19 1701
72399 863567 19 1770
72420 862433 18 1803
72447 866685 25 1899
72473 862356 22 1745
72495 862103 19 1744
72518 865090 21 1791
72540 862349 19 1764
72561 864329 18 1818
72582 862305 18 1755
72604 862945 18 1781
72624 861362 17 1715
72649 861223 22 1769
72673 862552 21 1744
72696 860513 20 1795
72718 864062 19 1774
72739 864415 18 1768
72760 861489 18 1751
72782 862339 19 1746
72805 863950 20 1831
72827 861971 19 1791
72850 863436 20 1796
72876 862404 23 1690
72897 861982 18 1741
72921 863500 21 1797
72943 862556 19 1805
72966 862983 21 1758
72991 865373 21 1903
73013 862021 19 1793
73035 864245 18 1771
73061 864193 23 1918
73085 862167 20 1771
73106 861005 18 1742
73129 865560 20 1853
73151 860597 19 1738
73173 862798 19 1755
73194 862135 19 1817
73218 863900 20 1864
73239 863485 18 1757
73262 862380 20 1798
73288 861997 22 1831
73310 863355 19 1805
73332 864835 19 1726
73354 863631 19 1801
73377 864569 20 1837
73398 864406 18 1763
73419 861056 18 1748
73441 863136 19 1789
73469 862538 25 1773
73495 862807 22 1759
73516 862071 18 1715
73539 859962 20 1719
73559 861643 18 1701
73579 862019 17 1649
73600 863633 18 1780
73621 861890 18 1781
73642 861204 18 1735
73665 865749 20 1838
73690 863249 20 1769
73711 862608 18 1741
73732 864869 18 1829
73754 865360 19 1838
73777 863500 19 1784
73798 864585 19 1804
73822 863563 21 1861
73845 862962 20 1800
73869 865596 21 1795
73895 861383 20 1774
73919 864101 21 1824
73942 863269 21 1855
73963 861352 18 1686
73986 864678 20 1775
74009 865603 20 1769
74031 864833 19 1787
74052 862850 18 1695
74079 863578 24 1809
74102 864526 20 1789
74123 861623 18 1732
74147 861180 21 1716
74169 862811 19 1813
74191 863739 19 1835
74213 864643 19 1773
74234 861793 19 1790
74255 863651 18 1819
74279 862130 21 1680
74304 863272 21 1790
74325 860146 18 1783
74347 862673 18 1782
74368 864824 19 1769
74391 865145 19 1887
74413 862917 19 1865
74434 866255 18 1857
74455 862386 18 1702
74477 861800 19 1697
74502 862448 22 1745
74523 863290 18 1760
74545 860492 19 1786
74567 863508 19 1803
74588 863759 18 1772
74608 859697 17 1696
74629 862730 18 1748
74652 864024 20 1855
74675 863920 20 1749
74703 865693 25 1881
74725 861813 19 1709
74749 862638 21 1785
74770 862262 17 1757
74792 862307 19 1669
74815 865179 20 1892
74837 864265 19 1799
74858 864823 18 1751
74882 864239 21 1828
74909 864424 24 1828
74931 864403 19 1804
74951 864630 17 1740
74974 861743 19 1807
74996 864709 19 1808
75018 864151 19 1844
75039 863274 18 1793
75063 864791 21 1875
75087 863605 21 1842
75112 861903 22 1820
75134 859772 19 1796
75156 861545 19 1764
75177 863546 18 1740
75197 862429 17 1746
75219 862015 19 1779
75240 861730 18 1693
75262 863218 19 1741
75286 864964 21 1863
75311 862344 22 1705
75334 862508 20 1784
75356 862736 19 1781
75379 863612 20 1865
75399 860455 17 1685
75421 864691 19 1785
75442 862779 18 1753
75462 863556 17 1717
75484 862936 19 1741
75509 864964 22 1785
75531 864438 19 1820
75552 860653 18 1740
75574 864940 19 1792
75597 864167 20 1856
75617 862666 17 1762
75640 864155 20 1796
75662 864148 19 1864
75683 860948 18 1731
75711 864360 24 1765
75733 862294 18 1695
75757 865563 21 1891
75779 863495 19 1825
75800 862654 17 1810
75821 862020 19 1731
75843 861538 19 1763
75865 863063 19 1798
75888 863144 19 1718
75913 862224 22 1719
75934 863948 18 1790
75957 861809 20 1793
75979 861342 19 1753
76000 862818 18 1814
76022 862208 19 1739
76041 862191 17 1664
76061 861815 17 1666
76082 861937 17 1755
76111 861048 26 1744
76135 863911 20 1784
76156 862483 18 1786
76177 859378 18 1759
76199 863826 19 1789
76221 863032 19 1744
76244 863840 20 1804
76265 863750 19 1740
76288 863291 19 1830
76314 861523 23 1744
76337 863306 19 1755
76359 864128 19 1840
76381 861661 18 1733
76403 863005 20 1722
76424 863316 18 1753
76446 863436 19 1744
76468 864594 19 1792
76488 861734 17 1766
76516 863050 25 1859
76539 864926 19 1737
76559 862249 18 1754
76581 863352 19 1721
76603 863939 19 1752
76624 865022 18 1774
76645 860148 18 1774
76668 863475 20 1783
76690 865082 19 1791
76718 866488 25 1929
76744 864601 22 1812
76766 865255 19 1833
76788 864121 18 1756
76808 863449 17 1764
76829 862195 18 1641
76851 864168 19 1779
76871 861511 17 1708
76892 862250 18 1716
76914 862706 20 1817
76940 864285 23 1794
76962 861443 19 1740
76985 864290 20 1855
77005 862237 17 1687
77026 865798 18 1763
77047 860617 18 1765
77068 865044 17 1746
77088 862819 18 1710
77111 859458 19 1768
77136 864242 23 1821
77159 862873 19 1782
77180 864078 18 1783
77201 864800 17 1754
77222 864740 18 1811
77244 863179 19 1792
77265 861232 18 1703
77288 863698 20 1753
77310 860775 19 1726
77337 864136 24 1772
77359 862702 18 1754
77381 863097 19 1749
77403 861523 19 1821
77428 864359 22 1805
77450 866186 19 1872
77471 861346 18 1777
77491 862126 17 1751
77514 861508 20 1733
77538 863038 21 1786
77561 864784 19 1752
77584 863194 20 1760
77608 864037 21 1758
77629 863273 18 1796
77651 863969 18 1765
77672 861634 18 1744
77694 863441 19 1773
77718 865121 21 1788
77744 864258 23 1811
77765 863432 18 1766
77786 861352 18 1755
77810 862956 20 1753
77829 862306 17 1660
77853 863048 21 1748
77875 864467 19 1723
77896 859453 18 1724
77921 863464 22 1769
77945 863755 21 1827
77967 862441 19 1811
77991 865832 20 1870
78013 860522 19 1792
78034 862674 18 1709
78055 860816 18 1755
78076 863998 18 1801
78096 860526 17 1697
78117 862392 19 1736
78140 862874 19 1713
78163 862752 19 1767
78185 863743 19 1728
78207 864279 18 1835
78228 862339 18 1746
78249 863636 19 1765
78271 862246 19 1759
78293 862561 19 1730
78318 863627 22 1864
78341 862861 20 1792
78366 864267 21 1843
78387 863284 18 1683
78410 862279 20 1767
78431 863263 18 1723
78453 861760 19 1767
78476 864016 20 1876
78500 861940 20 1768
78521 862892 18 1782
78544 859287 20 1728
78569 861352 21 1772
78590 862147 18 1775
78612 860743 19 1777
78634 862624 19 1762
78656 865418 19 1756
78679 863234 19 1752
78701 864135 19 1818
78722 861312 19 1800
78751 864875 26 1769
78779 861072 24 1687
78807 864917 25 1862
78829 864559 19 1829
78849 860260 17 1666
78872 863145 20 1816
78893 862562 18 1760
78917 863886 20 1893
78940 862227 21 1821
78967 864479 23 1816
78992 865157 23 1899
79014 863351 18 1687
79035 864278 18 1814
79058 865207 19 1820
79079 864440 18 1760
79102 862394 20 1850
79122 859877 17 1661
79143 863074 18 1759
79169 861250 23 1805
79193 863529 20 1887
79217 864301 22 1776
79239 865416 19 1801
79262 861711 19 1846
79285 864252 20 1872
79306 864401 18 1753
79328 864329 20 1834
79350 862026 19 1791
79375 863811 22 1785
79397 861847 19 1751
79417 862905 17 1715
79437 862251 17 1650
79458 864279 19 1847
79481 861160 19 1750
79503 860938 19 1770
79528 864680 22 1874
79553 864162 23 1834
79579 860317 22 1692
79601 861939 19 1754
79625 864260 21 1811
79645 862340 17 1747
79667 864503 19 1773
79688 860513 18 1758
79709 861518 18 1698
79730 863510 18 1718
79753 861527 20 1736
79779 864082 23 1764
79804 866351 23 1861
79827 861651 19 1765
79849 862440 20 1833
79871 858750 18 1745
79891 862469 17 1719
79912 865028 18 1828
79936 864355 21 1939
79959 864170 19 1755
79991 863216 29 1867
80012 864647 18 1809
80033 861459 18 1741
80055 863414 19 1824
80077 862058 19 1776
80098 863392 18 1788
80119 862834 18 1772
80140 862724 18 1764
80164 862590 21 1772
80190 859663 23 1777
80213 863558 20 1797
80234 863432 18 1788
80255 861420 18 1743
80277 862307 18 1744
80298 864516 18 1756
80318 862941 17 1737
80340 865574 20 1857
80363 861693 20 1717
80388 863153 22 1813
80409 863446 18 1769
80430 862799 18 1716
80452 863310 18 1709
80472 861985 18 1807
80495 862346 20 1826
80516 859846 17 1663
80536 864097 18 1811
80557 862021 18 1673
80583 862776 22 1699
80606 864926 20 1823
80628 863558 19 1811
80650 865035 18 1757
80670 864377 18 1729
80696 863273 22 1818
80717 864979 18 1842
80739 864280 19 1803
80761 862775 20 1834
80789 864756 24 1792
80812 863818 20 1763
80833 860289 18 1712
80855 862814 19 1774
80878 863625 19 1851
80899 863909 19 1783
80923 864314 20 1771
80944 861906 18 1758
80966 861116 19 1707
80992 864006 23 1799
81014 862427 18 1766
81035 862050 18 1803
81058 863780 20 1786
81079 867300 18 1846
81101 863561 19 1843
81122 863239 18 1787
81143 863526 18 1839
81163 861504 17 1669
81190 862304 23 1769
81212 864968 19 1759
81233 863040 18 1744
81253 862112 17 1719
81275 861612 18 1756
81297 862703 19 1776
81317 859797 18 1751
81338 864556 18 1758
81360 864586 19 1790
81386 863706 23 1718
81416 865461 26 1904
81437 860447 17 1694
81460 863415 20 1807
81480 863222 17 1695
81501 862486 19 1716
81524 865145 19 1781
81547 863593 20 1865
81568 860419 18 1687
81591 861648 20 1683
81617 863423 22 1799
81640 866280 20 1764
81661 862097 18 1792
81683 863053 19 1706
81705 863376 19 1771
81728 863201 20 1766
81748 863221 18 1668
81770 863139 19 1746
81796 864189 23 1833
81820 863405 19 1752
81843 862719 20 1776
81864 865335 18 1805
81888 861376 20 1782
81909 863325 18 1775
81929 863217 17 1725
81953 864854 21 1816
81973 865342 17 1721
81999 865837 22 1866
82023 862005 20 1770
82046 864359 20 1887
82071 862465 21 1749
82093 863586 20 1830
82113 862427 17 1728
82136 862353 20 1804
82157 863630 18 1756
82178 862949 18 1752
82202 863006 20 1668
82224 863453 18 1716
82245 860595 18 1671
82266 862560 18 1808
82288 864412 19 1820
82312 863964 20 1817
82333 861314 18 1760
82354 862306 18 1775
82376 864703 19 1851
82403 864209 23 1910
82427 861605 20 1785
82448 862284 19 1780
82468 862071 16 1679
82489 861326 18 1786
82510 863138 18 1729
82532 862437 19 1750
82552 861318 18 1695
82573 866791 18 1751
82595 858989 19 1744
82624 863381 26 1840
82644 860607 17 1711
82668 864387 22 1820
82690 860724 19 1701
82712 864445 19 1802
82734 864237 18 1801
82756 863017 19 1745
82778 863499 19 1857
82803 862131 22 1757
82831 865180 24 1907
82852 862245 18 1750
82875 862024 20 1769
82897 865140 19 1797
82918 863736 18 1733
82942 861856 21 1868
82963 862945 18 1712
82985 862872 19 1788
83008 863945 20 1747
83035 864376 23 1827
83057 863056 19 1815
83078 859407 18 1721
83102 863986 21 1756
83123 861528 18 1791
83145 862340 19 1789
83166 862601 17 1738
83187 863143 18 1719
83210 865834 20 1740
83238 860553 24 1744
83258 860210 17 1699
83279 861732 18 1727
83304 862721 22 1771
83325 862120 18 1801
83347 862203 19 1773
83369 862176 18 1745
83390 863822 18 1781
83414 861915 21 1764
83439 863682 21 1824
83462 865652 20 1870
83483 863162 19 1721
83506 865874 20 1866
83528 863787 19 1822
83549 862113 18 1712
83569 863182 17 1696
83592 862474 20 1791
83616 865754 20 1826
83642 864417 23 1821
83665 863852 20 1788
83686 863585 18 1759
83707 865352 19 1794
83730 864792 20 1861
83751 862678 18 1730
83772 861743 19 1837
83792 862104 17 1738
83815 862833 20 1783
83841 865956 22 1799
83862 863805 18 1780
83885 863078 20 1817
83907 862448 18 1773
83929 861839 20 1871
83950 862630 18 1751
83973 864422 20 1798
83997 864165 21 1803
84023 862768 23 1829
84050 863304 23 1686
84071 864004 18 1710
84095 863520 21 1844
84117 862357 20 1723
84138 860710 18 1717
84159 861791 18 1753
84179 863664 18 1752
84203 862172 20 1754
84225 865190 20 1739
84252 863605 24 1870
84274 862279 19 1817
84296 864008 19 1795
84318 864127 19 1746
84341 860824 19 1826
84361 864008 18 1743
84384 861474 19 1736
84407 864071 20 1925
84428 863477 18 1720
84454 864301 22 1791
84474 865129 17 1783
84497 865173 20 1882
84518 863447 18 1788
84541 865477 20 1860
84562 861585 18 1749
84581 861730 16 1635
84603 862934 19 1813
84625 861043 18 1723
84649 862847 21 1724
84670 866364 18 1764
84690 862335 17 1729
84713 862316 20 1760
84735 864592 20 1828
84757 862683 19 1881
84779 862612 18 1797
84802 864087 20 1767
84823 861250 18 1728
84850 860289 24 1846
84872 862021 19 1804
84895 863168 19 1846
84915 860958 17 1673
84936 863429 19 1755
84959 865135 19 1858
84981 863065 20 1822
85004 862508 20 1725
