fo time ls_time n_ls_moves
16 211683 16 735
36 210723 17 768
55 210310 17 741
75 210992 17 752
95 212093 18 751
122 211501 23 743
144 211099 17 726
163 211223 16 726
183 211408 17 767
202 210920 16 744
221 211739 17 745
242 210400 18 792
260 211201 16 730
280 209729 17 750
299 211321 17 745
325 211605 22 766
347 211430 19 763
366 211042 17 732
386 211512 17 717
406 211352 18 772
426 211161 17 756
446 211251 18 761
470 212084 21 751
490 211058 17 762
512 211530 19 730
538 211757 23 749
557 211101 17 742
577 211787 17 749
598 211213 19 772
618 212635 17 768
669 210762 17 742
690 212393 18 807
712 211903 19 762
739 211311 24 752
760 211373 18 778
780 211847 18 764
801 212705 18 777
822 211998 18 783
842 210817 17 760
862 211665 18 774
882 211764 18 762
902 210535 17 761
924 211357 19 762
954 210933 26 756
984 209904 27 724
1015 211558 25 752
1038 211769 20 737
1058 211689 17 760
1079 212042 18 767
1099 212123 17 765
1119 210393 18 719
1148 210647 25 753
1167 210719 17 767
1187 211437 17 748
1207 211443 17 744
1228 210793 18 781
1247 211424 16 738
1267 211488 18 787
1286 211798 17 741
1306 211676 18 777
1327 210582 18 734
1354 211682 24 758
1375 211978 18 792
1396 211954 18 751
1415 211068 17 750
1435 211744 17 756
1454 210959 17 746
1474 211667 17 759
1493 212004 17 751
1513 211508 17 745
1537 211463 21 769
1563 212819 21 758
1583 212118 17 767
1603 212444 17 756
1623 211546 17 733
1642 211197 17 746
1662 211353 17 762
1683 211814 18 774
1703 211483 17 758
1722 211734 17 736
1750 212110 24 787
1770 211555 17 726
1791 211500 18 769
1811 211141 18 756
1832 210632 18 762
1851 211646 17 739
1871 211940 17 764
1890 211376 16 737
1910 211518 18 767
1932 211570 20 765
1961 212252 26 772
1980 210672 17 760
1999 210344 16 744
2019 210902 17 729
2038 210604 17 749
2058 210953 17 756
2078 210573 18 770
2098 211108 17 746
2118 211710 17 739
2140 211363 19 745
2165 211129 22 749
2184 210711 17 745
2204 212680 17 750
2226 211299 19 786
2245 212176 17 751
2267 211106 19 771
2286 210722 17 751
2305 211030 17 747
2325 211707 17 744
2357 211442 30 747
2384 213164 23 826
2404 211722 18 760
2426 210883 19 792
2447 211570 18 782
2467 210875 17 750
2487 211260 18 758
2508 210966 18 761
2529 211400 19 795
2551 210859 20 763
2576 210726 20 769
2596 211341 17 766
2616 211949 17 749
2636 211121 17 761
2656 211667 18 767
2676 210476 17 767
2696 211259 18 785
2717 211385 17 768
2736 211210 17 741
2762 212037 22 753
2784 211402 18 746
2803 210281 17 732
2824 211743 19 773
2845 210968 17 756
2865 212118 17 764
2885 211058 17 772
2904 211685 17 758
2924 211088 17 766
2946 210892 19 747
2971 211840 22 772
3004 211115 19 793
3025 211395 19 768
3045 211588 17 781
3065 210347 17 761
3085 212347 17 776
3104 211280 16 728
3123 210617 17 747
3144 212749 19 802
3169 211618 22 761
3194 211798 21 745
3220 210613 24 748
3239 211386 16 726
3258 210942 16 740
3278 211966 17 747
3297 211709 16 743
3316 211776 17 761
3335 212136 17 750
3358 211340 20 774
3387 212610 26 782
3407 211060 16 740
3428 211499 19 767
3448 212222 17 767
3468 212047 17 774
3488 210903 17 752
3507 210948 17 738
3528 211516 17 770
3547 212527 17 752
3572 210655 22 767
3601 211547 24 779
3622 211565 18 781
3641 211173 17 752
3661 210191 17 749
3681 210891 17 748
3702 211152 18 783
3722 211918 18 787
3742 211429 17 748
3764 212388 20 737
3791 210725 25 747
3810 210727 17 727
3831 210435 18 774
3852 211462 18 773
3871 211462 17 737
3891 211165 17 761
3911 211198 17 762
3930 210867 17 735
3950 211770 18 779
3973 211968 20 760
3998 212541 20 736
4018 211910 18 775
4039 211023 18 746
4059 211257 17 749
4080 211656 18 765
4099 211760 17 753
4119 211345 17 742
4139 211628 18 782
4160 211521 18 755
4185 210205 21 718
4206 212061 18 777
4225 210388 17 755
4246 212130 18 737
4266 211018 18 788
4286 211912 17 760
4306 211281 17 762
4325 210872 16 730
4344 211773 17 764
4386 210825 22 756
4406 213006 17 748
4427 210936 18 772
4447 211515 17 753
4467 211888 18 777
4487 211862 18 782
4506 210638 16 730
4526 211624 17 762
4546 212186 17 769
4567 211001 19 804
4594 210485 23 721
4614 211926 17 750
4633 211630 17 744
4655 212349 19 773
4675 212297 18 783
4695 211683 17 748
4715 211334 17 775
4735 211303 17 759
4754 211597 17 754
4777 211527 20 769
4803 210934 23 741
4823 211296 17 758
4842 210457 17 758
4863 211377 18 743
4883 211955 18 763
4903 210893 17 741
4922 212002 17 751
4942 213073 17 762
4961 211593 17 749
4983 211238 19 759
5012 211779 26 766
5032 211905 17 774
5052 210526 18 761
5072 210917 17 757
5092 211481 17 744
5111 211402 16 701
5131 210928 17 755
5151 211355 17 764
5171 211318 17 767
5195 211186 22 773
5218 211481 19 798
5239 211656 18 787
5258 211394 17 757
5278 211672 17 747
5298 211840 17 783
5317 211356 17 766
5338 211686 18 792
5358 212042 18 789
5380 211026 19 784
5405 211966 22 766
5426 210901 18 768
5446 211641 17 729
5468 211295 19 755
5488 211379 18 758
5507 211959 17 756
5527 210895 17 753
5547 212498 18 793
5567 211407 17 781
5591 212016 21 828
5616 211062 23 767
5635 211814 17 739
5659 210855 21 745
5679 211840 17 762
5698 211300 17 759
5718 211370 17 771
5738 211993 17 753
5757 211036 16 733
5777 211168 18 775
5801 211745 21 771
5826 211676 21 755
5850 211221 21 748
5872 211883 19 778
5892 211638 17 770
5912 212284 17 753
5931 211599 17 746
5951 211898 17 772
5970 210733 16 733
5992 211805 19 775
6018 211406 23 791
6037 212354 17 739
6058 211701 18 777
6079 210869 18 756
6098 211071 17 727
6119 212441 18 797
6138 210878 16 732
6158 211870 17 766
6177 211583 16 734
6198 211560 19 763
6226 212431 25 749
6245 211321 17 725
6265 212069 17 738
6285 211881 17 759
6304 211640 17 772
6324 210242 17 741
6345 211950 18 780
6364 211664 17 736
6385 212000 18 741
6407 210945 19 781
6433 210802 22 725
6452 210958 17 748
6473 210511 19 777
6494 211574 18 789
6514 211002 17 753
6534 212379 17 763
6553 211125 16 730
6572 211334 17 725
6593 211011 18 763
6618 211836 23 786
6642 211147 21 750
6662 210345 17 726
6683 211064 19 762
6703 211801 18 771
6724 211787 17 756
6743 211360 17 727
6763 210778 17 750
6782 210431 17 753
6803 211071 18 766
6830 211456 23 753
6850 210869 18 770
6871 212141 18 767
6891 211612 17 737
6912 211815 19 802
6932 211549 18 768
6952 212089 17 751
6971 211086 16 733
6991 212349 18 797
7014 211396 20 762
7038 211015 22 741
7059 210506 18 714
7078 211124 17 737
7098 211149 17 772
7118 210775 17 752
7137 211105 17 725
7156 211630 17 744
7176 212035 17 765
7198 212946 19 781
7220 212690 20 767
7245 211071 22 737
7266 211759 18 767
7287 211753 18 759
7307 211875 17 760
7326 210822 17 763
7346 211744 17 741
7365 212228 17 773
7385 210322 17 759
7405 212184 17 769
7429 209189 21 737
7453 211977 19 782
7473 211465 17 779
7492 211716 17 753
7513 211947 18 780
7532 211648 16 737
7551 212024 17 751
7570 210882 16 735
7590 211771 17 749
7610 210899 17 770
7635 210649 23 727
7660 211503 22 769
7680 211451 17 721
7701 212159 19 776
7720 210803 17 741
7740 210708 17 731
7760 211381 17 753
7780 211426 17 751
7800 211178 17 758
7822 211969 19 781
7846 212329 22 742
7867 212217 18 804
7887 211418 17 752
7907 212142 17 746
7928 211094 17 745
7948 211757 17 783
7967 211674 17 741
7986 210687 17 746
8006 211805 17 763
8027 210941 19 767
8053 211346 23 753
8073 211824 18 764
8093 211350 17 741
8112 210787 17 727
8132 210990 17 743
8151 210405 17 739
8170 210492 17 746
8190 210724 17 755
8209 211199 17 751
8232 211576 21 806
8259 211361 24 748
8277 211838 16 712
8296 210925 16 732
8318 211926 18 763
8338 211627 18 789
8357 211279 16 729
8377 211648 17 771
8396 211393 17 751
8415 211435 17 751
8437 211171 19 726
8481 212102 18 752
8503 212116 20 808
8523 211855 17 778
8542 211832 17 738
8562 211801 17 768
8581 211313 17 764
8602 212513 18 777
8621 211806 17 766
8644 211702 20 780
8669 211631 19 743
8688 211518 17 760
8708 211282 17 750
8727 210539 17 745
8747 211777 18 768
8767 211436 17 761
8788 211193 18 785
8808 211345 18 787
8828 211160 18 768
8855 212154 24 790
8880 211259 20 753
8902 212908 19 826
8924 211198 19 775
8944 211636 17 763
8964 211990 18 773
8984 211157 18 774
9004 210391 17 730
9025 210284 19 793
9047 211761 19 756
9075 211532 26 760
9095 211568 17 741
9115 211358 17 768
9136 210997 19 781
9156 212024 17 756
9175 210633 16 739
9194 210637 16 737
9214 212043 17 779
9234 211384 17 747
9259 210538 22 724
9284 211650 20 784
9304 212036 17 765
9325 211540 19 753
9345 211534 17 746
9364 211415 17 760
9384 212026 17 772
9404 211989 17 775
9423 211306 17 742
9445 211781 20 782
9471 212018 23 780
9490 212224 17 755
9511 211793 18 775
9531 210663 18 755
9552 212218 18 800
9572 211864 17 758
9591 212200 17 746
9611 211727 17 780
9631 210932 17 771
9652 211232 19 759
9678 212494 23 759
9698 212165 17 762
9719 211717 18 793
9741 212214 19 809
9761 211420 18 760
9781 211159 18 770
9801 210807 17 725
9821 211897 18 776
9842 211966 18 758
9866 211407 22 762
9891 211854 20 799
9911 212172 18 747
9931 211636 17 762
9951 211957 18 766
9971 212066 17 729
9990 212180 17 756
10010 211961 17 764
10030 210961 17 777
10049 211323 17 731
10083 211292 31 771
10104 211096 17 754
10124 211431 18 770
10145 211835 18 752
10165 211748 17 763
10186 211672 18 782
10206 212757 18 781
10226 211362 18 787
10247 211098 18 764
10272 211866 22 781
10297 211599 21 777
10317 211012 17 753
10337 211271 18 755
10357 211044 17 762
10377 212125 18 763
10398 212641 19 804
10419 212294 18 786
10439 212128 17 764
10460 212266 19 763
10484 211451 21 712
10504 211275 17 757
10524 211203 17 741
10543 209847 17 739
10563 211435 17 760
10584 211677 18 786
10604 212188 18 802
10623 210469 16 700
10643 212090 18 792
10665 211938 19 768
10691 210948 23 745
10710 212001 17 759
10731 212264 18 790
10752 211491 19 761
10771 209792 16 728
10791 211539 17 763
10810 211619 17 753
10830 211935 17 736
10849 210998 17 739
10871 211092 20 758
10898 211489 24 762
10919 211535 17 763
10939 211900 18 780
10960 210475 17 722
10980 211148 17 743
10999 211659 17 737
11019 211665 17 773
11039 211351 17 748
11059 212963 17 752
11080 210688 19 745
11104 211931 21 750
11124 210829 17 737
11144 211168 17 742
11163 211533 17 732
11184 211599 18 787
11204 211982 18 764
11224 211518 17 742
11243 210228 17 758
11262 210786 17 735
11284 210066 19 738
11313 211212 25 762
11334 210689 18 781
11354 212716 18 785
11374 210569 17 751
11393 211082 17 771
11413 211907 17 772
11432 211624 17 747
11452 212086 17 750
11472 210838 18 759
11501 210715 25 758
11521 211175 17 748
11543 212416 19 802
11564 210518 18 747
11584 210539 18 769
11604 211796 17 750
11624 211835 17 761
11644 212300 17 774
11664 211472 17 750
11685 210957 19 758
11711 210411 23 760
11731 212418 18 784
11752 211848 18 769
11771 210737 17 747
11791 210738 17 755
11811 212197 18 789
11832 212308 18 780
11852 211849 17 765
11872 212052 17 771
11892 210983 18 727
11918 212315 22 770
11938 210944 17 760
11959 210979 18 745
11978 212478 17 729
11998 211663 17 748
12017 211059 17 733
12037 211585 17 740
12056 211890 17 777
12077 211340 18 774
12098 210692 19 726
12125 212098 22 782
12145 211565 17 754
12165 211601 17 764
12186 211331 18 752
12206 212042 18 777
12226 211850 17 752
12245 211029 16 736
12264 211480 17 751
12285 211793 18 759
12312 212083 23 776
12333 211882 19 788
12352 210865 16 739
12374 211819 19 799
12393 211092 17 738
12413 212181 18 777
12434 211974 17 751
12453 211509 17 751
12474 212046 18 770
12496 211136 19 768
12521 211339 23 732
12541 212186 18 768
12561 211170 17 735
12581 211303 18 778
12601 211269 17 745
12620 211533 16 719
12639 210901 17 754
12659 211969 17 753
12678 210940 17 752
12699 210724 19 737
12730 210760 27 733
12750 210744 18 743
12771 210006 18 733
12791 211469 17 743
12811 210781 17 745
12830 210241 16 720
12851 211739 19 801
12871 211246 17 736
12890 211299 17 767
12915 211535 22 759
12939 211985 19 750
12959 211693 18 770
12980 212241 18 731
13000 212150 17 748
13019 211293 17 748
13038 210121 17 737
13059 211735 18 773
13080 211472 18 776
13103 210729 20 773
13131 212017 25 771
13152 211196 18 786
13176 211462 21 751
13196 211838 17 764
13215 211837 17 766
13235 210720 18 762
13257 211547 18 773
13276 211822 17 742
13295 210900 16 740
13318 211434 20 772
13343 211887 21 784
13368 212336 22 784
13388 211120 17 743
13408 211184 17 746
13427 211796 17 755
13446 211218 17 747
13467 212259 18 784
13486 212591 17 756
13508 211863 19 758
13534 212318 23 757
13554 211814 18 764
13575 210436 18 733
13597 211893 18 766
13616 211186 17 738
13636 210979 18 755
13656 211691 18 775
13677 211614 18 785
13697 211074 17 780
13719 211617 20 813
13746 211180 24 724
13766 211085 17 746
13786 211487 17 747
13805 211562 17 745
13828 211446 20 768
13848 211171 17 744
13868 212389 17 776
13887 211410 17 741
13907 211525 18 749
13935 210421 24 742
13960 211979 21 755
13980 211851 17 754
14000 212299 18 781
14020 211089 17 763
14039 211225 16 736
14058 211172 17 757
14078 212314 17 776
14098 210909 17 752
14119 212258 18 725
14148 210480 26 801
14168 211220 17 766
14187 210520 17 736
14206 211019 17 723
14226 211243 17 742
14246 210675 17 760
14266 212020 17 758
14285 211324 17 744
14305 211759 17 755
14326 210807 19 753
14353 211374 24 768
14374 212068 18 769
14394 210478 18 758
14415 211349 18 779
14435 212550 17 765
14456 211723 18 770
14475 211626 17 760
14494 211191 16 721
14514 212224 17 766
14537 211371 20 739
14562 211206 21 761
14582 211948 17 739
14601 211945 17 763
14620 211597 16 736
14640 211856 17 762
14661 212181 18 782
14680 211113 17 759
14701 212810 17 776
14720 212800 17 754
14746 211209 23 753
14769 211753 19 755
14789 212159 17 765
14808 210633 16 731
14828 212606 18 775
14848 211817 17 751
14867 212737 17 756
14888 212876 18 779
14908 212167 17 767
14930 211451 20 765
14956 211846 23 740
14976 209475 17 747
14996 211229 17 770
15017 211555 18 767
15038 211726 18 796
15057 210965 16 725
15077 211757 17 764
15096 211076 17 763
15117 211523 18 788
15139 212769 20 772
15164 210556 22 769
15184 210227 18 771
15203 210110 16 725
15223 212108 17 749
15243 211903 17 732
15263 211750 17 785
15282 210500 17 763
15302 211683 17 761
15321 210726 17 753
15348 212238 24 760
15376 212925 22 793
15396 211045 17 754
15417 212223 19 755
15438 211922 18 819
15457 210797 17 728
15476 210673 16 733
15496 211094 17 753
15516 210905 18 781
15538 210612 19 737
15564 210750 23 729
15585 211542 17 756
15605 211808 18 774
15627 212824 19 766
15647 210760 18 764
15667 211822 17 758
15685 210877 16 713
15706 211373 18 799
15727 211539 18 767
15748 211939 19 738
15772 210985 22 762
15792 211150 17 765
15811 210806 16 730
15831 211147 17 768
15852 212540 18 813
15871 211714 17 742
15891 211234 17 757
15911 212310 17 781
15930 210767 16 746
15952 212368 19 777
15977 210557 23 725
15997 211307 18 770
16018 211418 19 761
16038 212123 17 762
16057 212115 16 727
16076 211469 17 725
16095 211198 17 749
16115 211789 17 768
16134 211751 16 729
16156 211794 19 746
16183 210919 25 777
16203 211189 16 743
16222 211156 17 733
16243 212380 18 759
16262 211244 17 733
16282 210639 17 745
16302 212182 17 749
16322 211995 17 759
16341 211144 17 748
16363 210831 19 736
16390 211129 22 780
16410 211628 17 760
16430 210989 18 752
16450 211392 17 762
16469 211481 17 744
16488 211391 17 748
16508 211527 17 759
16528 212283 18 793
16549 211161 18 785
16576 211234 24 763
16601 210641 20 755
16621 211195 18 762
16641 210588 17 759
16660 211908 17 761
16680 211722 17 745
16699 211844 17 747
16718 211647 17 743
16737 210806 16 712
16758 211236 19 760
16787 211182 26 770
16807 211790 18 773
16827 212569 18 782
16848 210840 18 737
16868 211896 17 760
16888 211923 18 777
16909 211871 18 792
16929 211270 18 760
16949 211189 17 770
16971 211454 20 752
16997 210469 22 775
17018 211997 19 782
17038 212482 17 776
17059 211755 18 760
17080 211050 18 769
17099 211791 17 767
17119 210868 17 774
17138 211320 16 728
17158 211676 17 758
17185 211003 24 773
17206 211669 17 739
17226 211424 18 776
17245 211486 17 744
17264 211207 16 738
17285 212195 18 802
17304 211005 16 710
17324 212005 18 785
17345 212065 18 775
17366 211501 18 757
17394 211256 25 770
17414 210741 17 720
17434 211559 17 752
17453 211536 17 757
17473 212467 17 737
17492 211270 17 738
17512 212146 17 769
17531 212443 17 745
17550 212233 17 756
17572 210928 19 745
17597 210611 22 758
17617 211076 18 775
17638 211798 17 780
17657 210986 17 750
17678 212274 18 768
17697 211035 16 705
17716 210853 17 757
17737 210633 18 786
17756 211082 17 750
17778 211306 19 759
17804 211836 23 765
17823 211152 17 738
17843 211447 17 750
17863 211682 17 762
17882 210479 16 714
17903 212053 18 805
17923 211468 17 752
17943 211546 17 767
17963 212248 17 765
17987 211649 21 801
18016 212619 24 764
18037 212562 18 788
18057 211226 18 751
18076 210836 16 715
18096 211529 17 763
18116 212508 18 777
18136 212437 17 783
18156 211668 17 757
18176 210145 18 728
18203 211754 23 775
18223 210981 17 731
18243 211816 17 779
18263 211174 17 746
18283 210985 17 773
18304 211096 17 750
18324 212793 17 754
18345 211701 18 771
18365 212392 18 800
18388 211165 20 775
18413 211224 22 740
18432 210308 17 739
18451 212206 16 741
18472 211231 18 770
18491 211287 17 755
18511 211895 17 744
18530 211430 17 742
18550 212073 17 760
18570 212084 18 787
18592 209882 19 753
18617 211654 22 768
18637 211164 18 790
18658 212172 18 787
18678 211182 17 759
18698 210727 17 748
18717 211311 16 728
18736 211936 17 766
18755 211219 16 733
18775 211411 17 762
18797 212533 19 798
18822 210996 22 731
18842 210447 17 716
18862 211527 17 774
18881 211323 16 736
18901 211772 18 784
18921 211679 17 765
18940 212156 17 770
18961 211681 18 796
18981 210900 17 745
19002 211758 19 757
19029 212019 23 783
19048 211710 17 749
19069 210860 18 739
19089 211957 18 787
19109 212258 17 738
19128 211086 16 732
19148 211184 17 763
19167 210462 16 724
19187 212244 18 761
19215 212295 24 786
19239 211526 21 735
19259 211046 17 749
19279 211397 17 772
19297 210976 16 729
19317 211132 17 734
19336 211891 17 764
19356 211852 17 761
19376 210428 18 766
19397 211445 18 743
19422 212792 22 771
19443 211396 18 776
19463 211025 17 759
19484 210244 19 769
19505 211206 18 773
19525 211694 17 749
19545 212215 18 754
19564 211148 17 750
19584 211911 17 754
19605 211789 18 750
19631 212489 23 774
19650 211749 17 737
19671 212659 18 778
19691 211332 18 737
19712 211485 18 780
19733 210943 18 767
19752 211563 17 730
19772 211701 17 746
19793 212484 18 803
19815 211996 20 788
19842 211267 23 756
19862 210463 17 748
19881 211968 17 743
19900 211727 16 735
19920 211716 17 766
19939 210368 16 731
19959 212599 17 777
19978 210825 17 759
19998 212213 17 750
20024 212318 23 763
20047 211268 19 775
20068 212357 18 794
20090 212466 19 794
20110 211628 17 767
20130 211193 17 783
20150 212309 18 789
20170 211967 17 762
20190 211359 17 758
20213 211924 20 776
20238 211249 22 745
20259 211472 18 745
20279 210551 17 743
20299 212032 18 778
20320 211894 18 764
20339 210993 17 736
20359 210298 17 744
20379 211561 18 767
20399 211173 17 772
20420 211401 19 751
20445 211928 22 758
20464 211439 17 751
20483 212077 16 716
20503 211849 17 772
20523 212609 18 784
20543 211643 17 776
20562 211799 16 736
20582 211619 17 766
20602 212548 17 768
20622 211001 18 738
20652 211595 27 778
20672 211899 17 767
20694 211720 19 787
20713 211770 17 756
20733 211246 17 763
20754 211049 18 801
20773 211824 17 756
20794 212623 18 777
20813 212428 17 746
20838 211665 22 765
20867 212898 23 768
20892 212325 23 778
20914 211241 17 745
20933 211435 17 750
20954 212526 18 810
20973 210447 16 732
20992 209893 17 754
21011 211219 16 727
21033 211510 20 766
21058 211201 22 771
21085 212237 24 747
21107 212646 19 776
21127 211872 18 777
21147 210478 17 715
21166 211584 16 734
21185 210674 17 736
21204 211847 17 746
21225 211115 18 748
21251 211287 22 762
21271 211876 17 765
21291 211636 17 756
21312 211805 19 787
21333 211325 18 787
21353 211320 17 759
21373 211137 18 776
21394 212861 18 782
21414 211282 17 760
21436 211634 19 785
21463 211537 25 756
21483 212764 18 784
21503 210866 17 729
21523 211208 17 739
21543 211712 17 769
21562 211967 17 756
21582 210819 17 756
21602 212576 17 750
21622 211692 18 756
21646 211693 21 740
21670 211949 19 750
21690 211173 18 771
21710 210710 17 759
21729 209747 16 736
21748 211456 16 724
21768 211386 18 760
21789 211334 18 766
21808 211181 17 729
21827 211012 16 729
21859 212179 29 791
21883 211322 20 740
21903 212061 17 759
21923 211772 18 735
21943 210599 17 762
21963 213018 17 778
21982 210917 17 751
22002 211807 17 757
22022 211515 17 763
22044 211743 20 772
22068 211209 22 708
22090 211393 19 786
22110 211162 18 778
22132 211112 19 773
22152 211383 17 753
22172 211090 17 747
22192 211074 17 779
22212 212080 17 769
22231 210338 16 724
22253 211807 20 781
22279 210843 20 757
22298 210974 16 728
22319 210895 19 755
22340 211824 18 810
22360 211328 18 775
22380 211484 17 752
22400 211704 18 789
22420 211097 17 750
22440 211125 18 763
22465 212132 22 738
22486 211426 17 758
22506 211117 17 741
22525 210945 17 757
22544 211934 17 752
22565 212078 18 781
22585 212237 18 756
22605 211570 17 739
22626 212128 18 794
22646 211272 18 755
22671 210944 21 711
22691 211717 17 728
22711 211098 17 748
22731 210474 18 743
22752 210729 18 755
22772 211493 18 785
22791 211599 16 729
22810 210896 17 747
22829 211213 17 747
22851 212255 19 779
22881 211971 26 746
22900 210245 16 732
22920 211787 18 779
22942 211504 19 784
22962 210326 18 752
22982 211788 17 764
23002 211949 17 780
23022 211302 18 782
23042 212530 17 760
23064 211938 19 764
23096 211732 28 795
23116 211036 17 756
23136 211356 17 734
23156 211640 18 763
23176 212006 18 775
23195 211339 17 750
23215 211397 17 763
23234 212193 17 735
23255 212309 18 750
23283 212181 25 760
23304 211319 17 769
23324 211843 18 776
23345 210960 18 742
23364 212666 17 757
23384 211349 17 763
23404 211578 17 766
23424 211894 17 756
23446 212343 18 777
23468 211617 20 752
23494 211435 23 759
23516 211655 19 787
23535 211488 17 745
23555 211334 17 772
23575 210326 18 779
23595 211765 17 747
23614 212090 16 739
23633 211410 17 753
23652 210771 16 733
23675 211902 20 793
23700 211177 21 732
23720 212242 18 773
23740 211444 17 751
23761 212237 18 759
23781 211507 18 769
23800 211018 16 727
23819 210750 17 728
23839 211217 17 755
23859 210806 17 748
23885 211444 23 769
23910 211765 21 741
23929 211089 17 731
23950 211959 18 765
23970 211010 17 760
23989 211283 16 737
24008 210771 17 754
24028 210516 17 748
24048 211114 17 764
24070 211884 19 770
24096 212434 23 793
24116 211901 17 747
24135 211682 17 756
24157 212250 19 777
24177 211904 17 763
24196 210252 16 730
24217 212312 18 813
24237 211211 18 792
24256 211697 17 769
24279 210962 20 783
24306 210780 24 757
24326 210999 17 748
24346 211943 17 741
24366 211535 18 783
24386 212201 17 765
24406 210978 17 758
24425 210230 17 744
24444 211156 17 749
24464 211539 17 734
24488 212460 22 777
24516 210317 22 732
24536 211285 17 753
24556 211385 18 757
24576 211192 17 716
24597 212218 18 782
24617 210622 17 762
24636 211900 16 732
24656 212715 18 789
24678 211212 19 774
24707 213057 26 777
24726 210109 17 721
24747 211366 18 757
24768 211897 19 759
24788 212176 18 769
24809 212253 18 777
24829 212112 17 781
24849 210951 17 774
24868 211685 17 760
24889 211310 18 735
24915 211758 23 791
24935 211490 17 764
24955 210282 17 754
24975 211705 17 756
24994 211673 17 745
25014 211033 17 753
25032 211120 16 732
25052 210991 17 771
25071 211708 16 740
25092 211390 18 718
25117 211566 23 762
25138 211456 18 778
25158 211326 18 762
25177 209979 16 708
25197 212290 17 745
25217 212374 17 771
25236 210682 17 758
25256 211344 18 788
25277 210888 18 787
25302 211475 22 780
25327 210697 20 735
25347 211731 18 769
25368 211577 18 775
25389 211332 18 772
25408 211074 17 745
25428 211935 17 765
25448 212376 17 760
25468 210138 17 735
25489 211006 18 771
25518 212631 26 743
25539 211872 17 770
25559 212239 17 762
25578 211416 17 761
25599 211938 18 781
25618 212098 17 750
25638 212021 18 781
25657 211037 17 744
25676 211122 17 739
25698 210620 19 738
25729 212285 29 768
25750 212493 18 778
25770 211593 18 759
25789 211050 16 727
25810 212103 18 773
25830 211366 17 762
25849 211954 17 749
25868 211969 17 761
25889 210784 18 752
25917 212909 26 769
25939 210650 18 735
25958 211113 17 739
25980 212392 19 775
26001 211706 18 784
26021 211692 18 766
26041 210973 17 752
26061 210799 18 741
26083 212515 18 778
26104 211538 19 758
26129 211821 23 772
26150 212112 18 771
26170 212756 18 790
26190 211811 17 759
26210 210909 17 768
26230 210754 17 775
26251 212052 18 822
26270 211254 17 735
26289 210863 16 715
26311 211426 20 767
26337 212065 24 758
26358 211339 18 756
26379 211606 18 788
26399 211211 17 756
26418 210167 17 756
26438 210613 17 762
26458 211325 17 772
26477 211183 17 748
26497 211344 17 750
26518 210403 19 714
26546 211538 24 761
26567 211822 18 773
26588 211578 18 759
26608 211595 18 782
26627 210838 16 723
26647 211757 18 768
26668 210747 18 778
26687 211397 17 744
26708 210945 19 764
26735 212021 23 750
26756 212168 18 762
26777 211607 18 763
26797 211658 18 757
26818 210837 18 779
26838 211785 17 753
26857 210987 17 740
26876 211919 16 732
26896 210992 17 771
26918 211639 19 769
26944 211626 24 798
26964 211873 17 750
26983 211358 16 723
27004 210565 18 746
27023 210857 17 746
27043 210672 17 767
27063 211237 17 763
27084 211935 19 828
27105 211903 18 773
27135 211346 28 758
27162 210965 23 755
27183 211575 18 776
27203 211549 18 771
27224 211906 19 771
27244 211793 17 764
27263 211570 16 731
27283 211195 17 748
27303 211894 17 773
27324 212125 18 735
27350 210969 23 772
27369 211250 17 764
27389 211515 17 768
27410 212074 18 747
27430 211333 17 777
27450 210575 17 779
27469 211240 17 743
27489 211585 17 765
27508 211519 16 740
27529 212185 19 753
27555 211112 23 779
27575 211463 17 754
27595 212160 18 755
27616 211780 18 782
27635 211592 17 761
27655 211258 17 755
27675 212171 18 797
27695 212080 17 772
27715 212331 17 765
27738 211695 21 757
27764 211506 21 757
27785 212164 19 772
27806 212398 18 774
27826 211755 18 776
27848 211575 19 794
27867 210872 17 752
27888 211949 18 794
27908 211660 17 757
27929 212062 19 745
27955 211975 23 765
27975 210820 17 745
27996 210983 18 765
28016 212514 18 782
28037 211241 18 747
28057 212126 17 771
28076 211384 17 741
28096 212396 18 763
28117 211961 18 759
28138 211215 19 743
28166 210947 26 739
28186 211331 17 762
28206 211035 17 768
28226 212242 17 750
28245 211087 16 742
28264 210453 17 738
28283 211461 17 754
28302 211598 17 745
28322 210898 17 751
28343 210667 19 738
28374 210440 29 765
28398 210111 20 717
28421 211929 19 747
28441 211004 17 738
28460 211134 17 771
28480 211430 17 758
28499 211232 16 732
28518 211181 17 743
28541 212066 21 788
28566 210984 22 758
28590 212384 21 753
28612 212396 19 780
28632 210763 17 751
28652 212323 17 771
28672 211361 18 775
28692 211856 17 758
28713 212346 18 787
28733 211264 17 767
28756 210807 21 748
28780 212084 20 764
28799 211082 17 742
28820 210745 18 750
28840 212018 17 770
28860 211435 18 765
28881 212114 18 763
28900 211034 17 755
28920 211366 17 753
28939 210071 16 736
28967 211563 25 787
28988 211327 18 783
29008 211691 17 776
29028 211593 17 736
29047 212202 17 746
29067 211048 17 741
29086 211365 17 735
29106 210895 17 757
29126 212229 17 748
29149 211695 20 769
29173 211413 21 739
29193 210284 17 749
29213 211334 18 772
29233 211328 17 779
29254 211417 18 760
29273 211319 17 745
29292 209885 17 737
29312 211218 17 757
29332 211115 18 777
29355 211403 20 784
29380 212629 22 736
29400 211751 17 755
29419 210567 17 747
29441 212478 19 783
29461 211305 18 792
29481 211496 18 771
29502 213331 19 818
29522 211453 17 744
29541 210199 17 742
29563 211348 19 753
29588 212354 22 773
29608 211268 18 792
29628 212134 17 763
29648 211899 17 765
29668 211521 17 773
29689 212011 18 773
29710 212289 19 804
29730 211424 17 772
29750 212560 18 754
29778 211815 25 767
29801 212431 20 755
29822 211681 18 781
29842 212635 18 784
29862 211706 17 759
29882 211216 17 757
29901 210468 17 763
29922 211821 18 783
29941 211229 17 748
29963 212048 19 760
29989 211896 23 749
30008 210726 17 743
30029 211673 18 764
30050 211726 19 755
30071 212095 18 765
30090 212005 17 745
30109 212031 17 741
30129 211200 17 752
30149 211751 18 766
30171 211817 19 736
30195 211665 22 752
30215 210939 17 760
30234 210915 17 752
30254 211538 17 763
30274 210022 17 741
30294 211137 18 793
30315 212089 18 766
30335 211679 17 745
30354 211129 17 748
30376 212084 19 723
30401 210703 23 749
30421 212423 17 773
30442 211241 18 743
30461 212110 16 719
30482 211823 18 796
30502 211676 18 761
30522 211618 17 748
30543 210745 18 781
30563 212303 18 781
30588 211594 22 765
30610 210812 18 748
30630 210887 17 764
30651 212209 19 778
30671 210990 17 751
30691 211804 17 750
30711 212005 17 775
30731 211648 17 772
30753 211762 20 750
30774 211367 18 744
30799 210753 22 735
30818 211555 17 750
30838 211416 17 761
30857 211163 17 752
30878 211734 18 791
30898 211549 18 776
30917 210601 17 728
30937 210506 17 745
30958 211400 18 792
30980 211836 20 757
31010 211604 27 779
31031 212044 18 785
31052 211266 19 766
31072 211914 18 764
31092 211049 17 762
31112 210852 17 749
31132 211576 18 789
31152 212168 17 748
31172 211608 18 761
31201 212304 26 757
31222 211332 17 739
31241 211383 17 741
31261 211132 17 766
31282 212177 19 768
31302 211433 18 779
31322 210592 17 754
31342 211696 17 773
31361 212135 17 747
31384 212156 20 794
31410 211783 23 760
31430 211737 17 755
31450 211692 18 768
31471 211475 19 773
31491 212347 17 760
31511 211565 18 763
31532 211371 18 789
31553 210675 18 791
31573 212104 18 775
31595 211421 19 759
31622 211045 22 767
31642 212584 18 783
31662 210978 17 774
31682 211663 17 769
31701 210632 17 745
31721 212289 17 757
31741 211900 17 754
31761 211291 18 784
31782 211482 18 792
31804 211056 19 730
31829 211337 20 742
31849 212013 18 786
31869 211460 18 729
31889 212677 17 766
31909 212046 18 768
31929 211389 18 776
31949 211751 17 745
31968 212136 17 760
31990 212050 20 774
32018 211786 24 761
32038 211272 17 764
32057 211795 17 756
32078 211482 18 743
32099 211445 18 796
32118 211614 17 756
32138 211284 17 750
32157 212103 17 755
32177 211581 17 765
32199 211822 20 772
32225 210885 23 772
32245 211061 17 746
32264 212608 17 737
32284 212306 17 774
32303 211109 17 749
32323 212118 17 763
32343 211441 17 742
32363 211477 18 777
32383 211939 17 754
32405 211781 19 747
32434 210666 27 715
32454 211045 18 748
32475 211723 18 781
32496 210925 18 783
32516 211803 17 766
32534 210850 16 703
32554 211428 17 768
32573 211654 17 740
32593 211600 18 782
32617 211314 21 746
32642 212197 21 776
32662 211658 17 765
32683 210206 18 782
32704 211415 19 776
32724 211344 17 751
32743 210523 17 731
32763 211783 17 738
32783 211050 17 754
32804 211991 18 750
32829 212225 22 763
32849 210704 17 751
32869 210639 17 753
32889 211200 17 751
32908 211724 17 741
32927 211526 16 724
32947 211872 17 751
32966 211379 17 750
32986 210789 17 761
33009 211255 20 744
33034 211273 22 751
33055 211760 18 796
33075 211760 18 766
33096 211284 18 740
33116 211065 18 774
33137 212241 18 767
33157 211932 17 765
33177 211269 17 759
33197 212047 17 755
33219 211530 20 753
33243 210932 21 742
33264 211419 18 754
33283 212496 17 763
33303 211365 17 745
33325 211181 19 766
33345 211928 17 771
33364 211076 17 763
33384 211425 17 773
33404 212371 17 772
33428 211953 21 763
33452 211533 20 776
33473 212123 18 812
33495 211082 19 786
33515 211272 17 759
33534 210873 17 744
33553 211783 17 745
33573 211632 18 771
33593 211398 17 750
33614 211654 18 748
33640 212007 23 763
33665 212203 20 762
33684 210407 17 737
33704 211355 17 755
33724 210884 17 756
33744 212311 18 752
33765 211350 18 777
33785 211835 17 767
33805 211545 17 769
33826 210961 19 750
33852 211772 24 747
33872 210611 17 719
33892 211618 17 749
33911 211537 16 725
33930 211227 17 747
33951 211071 18 785
33971 213041 18 795
33990 210749 17 744
34010 211243 17 745
34032 211820 20 779
34057 211304 22 731
34077 210963 17 756
34097 210935 18 765
34118 211271 17 765
34137 211053 17 738
34157 210474 17 744
34177 212045 17 780
34197 211699 17 772
34217 211868 18 772
34241 211337 21 766
34265 212196 19 777
34285 212077 17 737
34305 210844 18 780
34325 211144 17 762
34345 210693 17 746
34364 211323 17 745
34384 212380 17 769
34403 209995 16 724
34422 211921 17 764
34447 211653 22 763
34470 210340 19 734
34489 211918 17 746
34511 211515 19 777
34531 210665 17 733
34550 211148 17 758
34570 211875 17 765
34589 211093 16 732
34608 212183 16 744
34628 211742 18 761
34655 212533 23 794
34676 211114 18 757
34695 211407 16 730
34716 211498 19 765
34737 211886 18 798
34758 211520 18 789
34778 211095 18 780
34798 212359 17 754
34819 211476 18 763
34841 210627 19 753
34870 212043 26 791
34889 210952 17 740
34909 211343 18 783
34928 211831 16 738
34948 211891 17 775
34967 211412 16 737
34988 211668 18 769
35008 211928 18 772
35028 211126 17 744
35050 211665 20 788
35076 211581 21 763
35096 212289 18 775
35117 210964 18 734
35137 211611 17 761
35157 211973 17 752
35177 211843 17 751
35197 211937 18 771
35216 211200 16 731
35235 211576 17 749
35260 212292 22 738
35283 212120 19 792
35304 211112 18 747
35324 211359 17 761
35343 211387 17 747
35362 211615 17 741
35382 211705 17 772
35401 210465 17 749
35420 211675 16 741
35440 210712 17 768
35467 210833 23 764
35488 212051 17 766
35508 210731 17 760
35527 210984 17 742
35547 212612 17 779
35566 210441 16 733
35585 211169 17 760
35605 212276 17 766
35624 210817 17 742
35645 211451 18 772
35671 212454 22 771
35691 211123 17 737
35711 212159 18 783
35732 211594 18 734
35752 211483 18 765
35772 212579 17 748
35792 211530 18 776
35813 211853 18 765
35833 211260 17 749
35854 211376 19 750
35883 212000 26 762
35904 212366 18 776
35930 212173 23 754
35950 211441 18 784
35971 211771 18 767
35990 211569 16 724
36009 211143 17 723
36030 211302 18 777
36050 211506 18 762
36077 210761 23 733
36101 211022 19 744
36126 212117 22 773
36148 211638 18 765
36168 211327 17 736
36187 211202 17 734
36207 210913 17 771
36227 212336 17 771
36247 212326 18 790
36269 211150 19 765
36295 211565 21 751
36316 211024 18 764
36336 211711 17 725
36356 212241 18 771
36377 212016 18 782
36396 211938 17 744
36415 211603 17 742
36435 211499 17 747
36455 212018 18 763
36481 211853 22 781
36503 210796 18 761
36523 211814 17 761
36544 211014 18 754
36565 211448 19 751
36586 212851 18 779
36606 211827 17 779
36626 212068 18 775
36646 211069 17 738
36668 211352 19 764
36693 211818 23 775
36713 211792 17 746
36733 212152 17 760
36752 211526 17 730
36772 211096 17 765
36791 212135 17 748
36810 211575 17 750
36830 211898 17 772
36850 212009 17 752
36873 211067 20 771
36899 212078 24 780
36918 211847 17 759
36939 212063 18 786
36959 210605 17 741
36978 210629 17 737
36998 211152 17 752
37017 211786 16 736
37036 211504 17 746
37056 212340 17 760
37078 210972 20 775
37105 210385 24 728
37126 212146 18 821
37147 211583 18 762
37167 210892 17 740
37187 210836 17 778
37206 211559 17 767
37226 211757 17 749
37246 211598 18 761
37267 212121 18 771
37293 211606 23 761
37319 211158 21 745
37340 211768 17 748
37361 212010 18 743
37381 210089 17 753
37403 211725 19 740
37423 211492 18 778
37443 211920 17 773
37462 211730 17 758
37484 210971 19 761
37511 211217 24 746
37531 211046 17 762
37551 212049 17 737
37572 211616 18 788
37592 211540 17 743
37611 211143 17 739
37630 211394 17 748
37650 211860 17 748
37669 212084 17 766
37691 211357 19 741
37717 211243 21 777
37737 211985 18 763
37758 211754 19 762
37779 211695 18 778
37800 212212 18 786
37820 211609 17 777
37839 212087 17 746
37859 211172 17 776
37880 211328 19 788
37909 213006 26 801
37930 211748 18 784
37949 211145 17 738
37971 211678 19 759
37990 211132 17 734
38010 211916 17 766
38029 211494 16 730
38048 212164 17 771
38068 211061 17 738
38090 211006 20 744
38118 211926 25 764
38138 211371 18 762
38158 211986 17 739
38178 211405 18 791
38197 210930 16 733
38217 211228 18 762
38237 210936 18 755
38257 211820 17 767
38277 211480 17 746
38298 210760 19 777
38326 211962 24 775
38347 211556 18 797
38368 212425 19 775
38388 210808 17 752
38408 212296 17 752
38428 211668 17 751
38447 211654 17 762
38468 212439 18 793
38489 212090 19 741
38516 212063 23 769
38538 211687 19 770
38557 211344 17 740
38577 211147 17 738
38596 212075 17 742
38615 212264 17 749
38634 211803 17 742
38654 211075 17 748
38675 211714 18 806
38697 211879 20 764
38726 212440 25 764
38746 212646 18 770
38766 211199 17 758
38787 211853 19 817
38807 212691 17 758
38827 212275 18 773
38847 211905 17 763
38866 210842 17 771
38886 210594 17 751
38908 211547 20 733
38934 211580 23 777
38954 211277 17 751
38974 211603 18 759
38995 212069 18 801
39015 212287 17 773
39034 212192 17 743
39055 210986 18 778
39076 211574 18 785
39096 213041 17 760
39122 211794 23 762
39143 212175 17 746
39161 211392 16 715
39182 210499 18 730
39202 211476 17 770
39221 210945 17 748
39240 211314 16 725
39260 212562 18 774
39280 211125 17 753
39299 210969 16 718
39327 211874 25 768
39348 211840 17 745
39368 211901 18 772
39388 211430 17 760
39409 211060 18 756
39429 211768 18 761
39450 211540 18 771
39470 211272 17 751
39491 212271 18 776
39512 211659 18 745
39538 211863 23 764
39557 211543 17 736
39577 211039 17 760
39599 211228 19 782
39619 211661 17 766
39639 211418 18 806
39660 212023 18 788
39679 211678 16 732
39699 211893 18 775
39721 211771 19 750
39747 211671 23 785
39767 211305 17 769
39789 211298 19 796
39809 211513 17 746
39828 211249 17 756
39848 211514 17 768
39867 211291 17 764
39886 210380 16 732
39906 211361 17 757
39934 212020 25 745
39957 211835 20 773
39978 210564 18 775
39998 211852 18 777
40018 211218 18 785
40038 211209 17 771
40057 211323 17 742
40077 210885 17 733
40097 212707 18 774
40119 212266 19 744
40147 211249 25 735
40168 212664 18 772
40188 211969 18 788
40208 211918 17 756
40228 211360 17 746
40249 212112 18 795
40269 211827 18 770
40288 210809 16 700
40308 212188 18 776
40330 211009 20 774
40356 211057 22 748
40376 212039 17 750
40397 211179 19 745
40417 211463 18 761
40437 211420 17 751
40457 211342 17 760
40476 211540 17 749
40495 211453 16 733
40515 211297 17 760
40539 211828 22 752
40562 212551 18 779
40582 212524 18 749
40602 211911 18 797
40624 212472 19 818
40643 211524 17 760
40663 212598 17 765
40682 210600 16 741
40702 211657 17 777
40722 211581 18 768
40749 211432 23 764
40769 212591 18 766
40790 210978 18 777
40811 212106 19 790
40831 212145 17 723
40850 210376 17 753
40869 211950 17 756
40889 212396 17 763
40908 211138 17 744
40931 211092 20 768
40957 211943 24 759
40977 212685 17 752
40997 211438 17 748
41018 211777 18 748
41038 211567 17 771
41057 210890 17 764
41078 210841 18 775
41099 211821 18 801
41120 211674 18 794
41141 210632 18 741
41165 211170 22 731
41185 210380 18 782
41206 211850 18 783
41225 211440 17 738
41245 211330 17 760
41266 210726 18 755
41287 212552 19 800
41306 210817 17 745
41325 210873 16 729
41356 211545 28 736
41382 211287 23 767
41403 211992 18 800
41423 210482 18 755
41443 211884 17 762
41463 211961 17 735
41484 212191 18 774
41503 211827 17 751
41523 210918 17 736
41545 211344 20 779
41571 212121 23 759
41591 211997 17 777
41610 211161 17 743
41631 211816 18 755
41651 211353 17 765
41670 210584 17 732
41690 211565 17 770
41709 211755 17 748
41729 212228 17 759
41751 211210 20 752
41776 212060 23 743
41796 210805 17 749
41817 211847 18 782
41837 211701 17 762
41856 211959 17 752
41877 212721 18 789
41897 211273 17 756
41916 212135 17 722
41936 211949 17 771
41960 210817 21 744
41984 211161 20 762
42004 211483 17 738
42024 212002 18 768
42044 210963 17 764
42063 210235 16 740
42083 212612 18 765
42103 210800 17 759
42124 212000 18 792
42144 211243 18 768
42175 209824 26 758
42196 211716 18 767
42215 212726 17 751
42237 211083 19 773
42256 211897 17 772
42275 211025 17 739
42295 212264 17 765
42315 212680 18 786
42335 210041 17 758
42356 210559 19 744
42381 211124 22 750
42400 210199 17 744
42420 211110 17 739
42440 211392 17 769
42458 211639 16 709
42478 211381 17 749
42498 211482 17 759
42517 212004 17 732
42537 211144 17 739
42559 210967 19 756
42589 212041 28 757
42608 210892 17 754
42629 210399 18 762
42650 212072 18 769
42670 211690 18 773
42690 211229 17 750
42709 212193 17 747
42729 210985 17 750
42749 211614 18 779
42774 211910 22 780
42797 211238 18 737
42818 212010 18 749
42838 212099 18 793
42858 212050 17 770
42879 211585 18 799
42898 210679 16 727
42918 212423 17 758
42938 211536 17 763
42958 210681 18 749
42987 212568 25 793
43007 211104 17 755
43028 212335 18 775
43048 210863 18 764
43068 211584 18 754
43088 211595 17 767
43108 211812 18 790
43128 211877 17 770
43147 210716 17 740
43170 212539 20 826
43199 211465 26 748
43224 211465 22 773
43246 212056 20 785
43267 212144 17 770
43287 211232 17 759
43306 211183 17 736
43325 210353 16 721
43345 210625 17 757
43367 211471 19 779
43392 211805 23 761
43413 211011 17 769
43433 210658 18 780
43454 210693 18 758
43474 210597 17 752
43494 211280 17 762
43513 210832 17 731
43533 212257 17 760
43554 211888 18 760
43576 211454 20 756
43604 211093 26 754
43624 210197 17 735
43647 211112 21 738
43667 212306 18 760
43689 211293 19 818
43710 211973 18 775
43730 211786 18 770
43753 211885 20 764
43775 212253 19 758
43802 211099 24 782
43824 211776 20 742
43845 211455 18 777
43866 212344 18 767
43888 212289 20 808
43909 212907 18 776
43929 211019 17 756
43948 210566 16 730
43968 211471 17 769
44001 211755 31 789
44025 211389 18 770
44044 211191 17 756
44064 210825 18 728
44084 211191 17 736
44103 211449 17 719
44122 211004 16 729
44141 211883 16 730
44161 210967 17 763
44183 211832 19 736
44209 211872 24 784
44229 211147 17 758
44249 210933 17 760
44269 212677 17 771
44287 210633 16 717
44307 212162 17 765
44327 211571 17 780
44347 210542 17 755
44366 211286 16 729
44388 212149 20 762
44413 211664 23 783
44433 211132 17 746
44452 212018 17 742
44473 210199 18 738
44493 211766 17 741
44513 211891 18 769
44534 211691 18 770
44554 211750 18 770
44575 212198 18 773
44597 211824 19 767
44622 211675 21 733
44643 213062 18 812
44663 210948 18 745
44684 211583 18 773
44704 211133 17 752
44723 211200 17 749
44743 211962 18 752
44764 212325 18 790
44783 210644 16 722
44810 211265 24 731
44831 210840 18 770
44851 211359 17 755
44871 211274 17 750
44892 211849 18 798
44912 212054 17 746
44931 211453 17 752
44950 210808 17 756
44969 211182 16 728
44989 211843 17 719
45015 210598 22 756
45035 211120 18 746
45056 211773 18 775
45075 210447 17 728
45096 212438 18 786
45115 211334 16 724
45135 211723 17 776
45155 210418 17 766
45175 211822 18 787
45197 212101 20 752
45226 210945 27 743
45245 211553 16 729
45264 211004 16 729
45284 211693 18 768
45305 210581 17 739
45325 211646 17 785
45344 211949 17 753
45364 211337 17 767
45384 211489 18 779
45407 211599 20 751
45435 211282 24 753
45456 212148 18 781
45477 211749 19 770
45496 211232 17 739
45517 211144 18 768
45537 211218 17 763
45556 211441 17 738
45576 211552 17 750
45597 212351 18 795
45625 212061 25 812
45646 211289 18 759
45665 212493 17 731
45685 211112 17 758
45705 211846 17 748
45725 212171 17 767
45745 211532 18 774
45766 212748 18 808
45785 210939 17 771
45808 212012 20 754
45835 211868 24 766
45855 211284 18 781
45875 210749 17 751
45896 212329 18 765
45916 211767 18 794
45936 210448 17 749
45955 210792 17 759
45975 211528 17 771
45995 211791 18 774
46020 211910 22 790
46046 212843 22 799
46065 211746 17 740
46086 211547 18 754
46106 211015 17 768
46126 212455 17 767
46146 210737 17 756
46166 211124 18 802
46187 212649 18 778
46207 211311 18 766
46234 210684 24 754
46254 211966 17 763
46274 211746 17 754
46294 211382 18 765
46315 211725 18 764
46335 210734 17 774
46354 211902 17 746
46374 212555 17 780
46395 211549 18 779
46416 211615 19 760
46444 211251 25 748
46465 211808 18 779
46484 211671 17 763
46505 211732 18 778
46525 211687 17 756
46544 212097 17 772
46564 211777 17 769
46584 211206 17 756
46603 210597 17 746
46625 212749 19 744
46654 212230 27 763
46674 211075 17 760
46696 211941 19 775
46716 211127 17 744
46736 210718 18 753
46756 212484 17 765
46775 211263 17 752
46794 211852 17 755
46815 211985 19 814
46843 212137 24 775
46863 212102 18 743
46882 211692 17 744
46902 211080 17 779
46922 211903 17 766
46941 210368 17 754
46961 210694 17 757
46980 211353 16 725
47000 211465 17 782
47021 212202 18 778
47047 211485 22 754
47067 211162 17 746
47087 211450 18 771
47108 211250 19 768
47129 213541 18 805
47149 211941 17 763
47169 211435 17 776
47189 212794 18 779
47209 211264 17 740
47231 211335 20 767
47256 210702 23 741
47276 211141 17 744
47296 211203 18 776
47317 211075 18 761
47338 211384 18 781
47358 211552 17 766
47377 210818 16 736
47396 211196 17 756
47417 212485 18 797
47438 211740 19 755
47464 210961 23 769
47484 211770 17 765
47503 211839 17 729
47524 212323 17 751
47545 211977 18 772
47564 212089 17 769
47584 211430 17 779
47604 211945 17 775
47624 212211 17 756
47648 212480 22 776
47671 212109 19 769
47690 211259 17 735
47709 211957 17 749
47730 212583 18 789
47750 211959 18 767
47770 211334 17 777
47790 210475 17 731
47811 212042 18 779
47832 211418 19 756
47866 212333 31 767
47887 212284 18 765
47907 211027 17 735
47927 211463 17 736
47947 212130 17 755
47965 209782 16 731
47985 212639 17 785
48005 211866 17 775
48025 211301 17 762
48047 212013 19 764
48074 210534 24 745
48093 210809 16 736
48115 210985 19 795
48134 211428 17 736
48155 212345 19 759
48175 211516 17 746
48195 211694 17 751
48214 211979 17 769
48233 211318 16 732
48255 210952 19 734
48282 210658 25 741
48302 210843 18 788
48322 211105 17 751
48343 211564 18 799
48363 210903 17 771
48383 212218 17 747
48402 211011 16 727
48422 211165 17 760
48442 211986 17 776
48464 211653 19 771
48489 211707 23 738
48509 210789 18 763
48529 211147 17 742
48550 211473 18 774
48570 211962 18 768
48590 212813 17 769
48609 210482 16 728
48629 212025 17 770
48650 211370 18 787
48672 211022 19 744
48697 210311 20 742
48717 211799 18 798
48738 211433 18 723
48758 210667 17 765
48777 211205 17 744
48797 212014 18 788
48817 211024 17 740
48836 211639 17 761
48856 211626 17 765
48882 211895 23 769
48903 210619 18 767
48924 211460 18 793
48944 211454 17 768
48964 212180 18 791
48984 211574 17 760
49005 211985 18 817
49025 210965 17 748
49044 212045 17 754
49066 211203 19 764
49098 212082 29 801
49119 211629 18 757
49138 210172 17 727
49159 211387 17 761
49179 211150 17 742
49199 211536 17 757
49219 211906 18 770
49239 211450 17 769
49259 211431 17 743
49281 211477 20 764
49307 210830 21 753
49330 212090 21 813
49350 211307 17 746
49371 212514 18 780
49391 211858 17 754
49411 211850 17 756
49429 211598 16 741
49449 212221 17 784
49470 211594 17 744
49494 210981 21 729
49514 210565 17 727
49535 211754 18 785
49555 211504 18 793
49576 211515 18 778
49595 212089 17 761
49615 210854 17 769
49634 210790 17 749
49654 210856 17 759
49676 212376 19 774
49703 211720 24 754
49723 211683 18 771
49744 210758 18 740
49766 212070 19 778
49785 212517 17 760
49805 211411 17 760
49824 210855 17 757
49845 212251 18 776
49866 211635 18 786
49887 212126 19 752
49913 210953 23 739
49933 212486 17 780
49954 211421 19 783
49974 210191 17 779
49993 211944 17 745
50013 210667 17 751
50032 211464 17 737
50051 210990 16 730
50070 210938 16 728
50092 211695 19 762
50119 211728 24 795
50139 211409 17 743
50159 211071 17 756
50180 211305 18 801
50199 211672 17 762
50219 211111 17 771
50239 212897 17 777
50258 210209 16 739
50277 210967 17 741
50306 211966 26 782
50328 210546 19 721
50349 211376 18 780
50370 212057 18 764
50390 212732 17 752
50409 211027 17 768
50429 211979 17 750
50447 211686 16 720
50467 210637 17 760
50489 211591 20 747
50515 210372 23 757
50535 211662 17 767
50554 210466 17 740
50575 212023 18 758
50596 212505 18 780
50616 212536 18 752
50636 210946 18 764
50656 210744 17 737
50677 212689 18 772
50699 212237 20 785
50725 212003 23 760
50745 211475 18 770
50765 210839 17 749
50785 211305 18 761
50805 211341 17 768
50825 211767 17 771
50844 211707 17 761
50864 212374 17 782
50884 212464 17 788
50909 212207 22 776
50932 211327 18 745
50951 212018 17 737
50972 212359 18 758
50992 212082 17 758
51012 211459 18 797
51033 211832 17 775
51052 211553 17 746
51072 211586 17 734
51093 211886 18 772
51117 212354 20 780
51144 212139 22 759
51167 211724 21 759
51189 212583 19 765
51210 211321 18 775
51229 211711 17 732
51249 210923 17 750
51268 210705 16 728
51288 211708 17 763
51310 211171 20 777
51336 212183 22 750
51357 211167 18 770
51382 211821 20 761
51402 210779 17 763
51422 210972 17 755
51441 212268 17 746
51461 210640 17 770
51481 210773 17 765
51504 212079 20 788
51533 210662 26 725
51554 211013 18 746
51578 212040 21 772
51600 212351 19 793
51619 211683 17 737
51639 211368 17 776
51659 212116 17 743
51678 211653 16 710
51698 212321 17 773
51723 211080 23 777
51747 212674 20 797
51767 211155 17 746
51787 211578 18 747
51807 211273 17 758
51827 211031 17 743
51846 210753 17 749
51866 211966 17 773
51885 211358 17 742
51905 211215 18 775
51929 211092 21 748
51950 211948 17 764
51970 212291 17 758
51989 210300 17 755
52009 211518 17 744
52030 212934 18 783
52049 211513 17 745
52083 212121 17 750
52105 211122 18 803
52132 211991 25 767
52154 210943 17 738
52173 210705 16 720
52194 210736 18 759
52214 211704 17 752
52234 212196 17 748
52254 211679 18 781
52274 210871 17 736
52293 211176 16 720
52315 210738 19 744
52342 210507 23 718
52362 211655 17 769
52382 211747 18 780
52404 211629 19 773
52423 210482 16 712
52444 211929 18 781
52463 211382 17 746
52483 211396 17 757
52502 211697 17 745
52523 211141 19 746
52549 211916 23 752
52568 212278 17 735
52588 211547 17 768
52607 211504 17 729
52627 212917 17 771
52647 211197 17 753
52667 210751 17 734
52687 210805 18 768
52708 212151 18 792
52729 212005 18 730
52755 211464 23 762
52775 211917 17 760
52796 212383 18 817
52815 210889 17 764
52834 210865 16 726
52854 211190 17 750
52873 211380 17 753
52894 212495 18 817
52914 211095 17 744
52945 211451 29 756
52968 211373 20 757
52988 212297 17 750
53009 212339 18 757
53029 210769 17 772
53049 211414 17 784
53068 211655 17 745
53089 212682 18 788
53108 212648 17 769
53130 211131 19 737
53155 211294 22 755
53175 211967 17 764
53195 210542 17 734
53215 212173 18 773
53235 210885 18 761
53256 212148 18 790
53275 211534 17 763
53296 212162 18 780
53316 211868 18 792
53339 211751 20 787
53366 211035 24 761
53386 212449 17 776
53407 212323 19 770
53438 210684 16 708
53460 211495 20 769
53489 211742 25 754
53510 211455 18 728
53530 211460 17 754
53557 211599 24 749
53579 211625 18 736
53598 210629 17 737
53619 211292 18 766
53640 211036 19 766
53660 210961 17 767
53679 210746 17 768
53698 210079 16 737
53718 212189 17 749
53742 211596 22 775
53767 211891 22 746
53786 211617 17 744
53806 212079 17 748
53825 211498 17 749
53845 211335 17 775
53865 211186 18 790
53885 211700 17 773
53904 211808 17 737
53923 211420 16 713
53944 211138 19 751
53970 211503 23 744
53992 212232 19 777
54012 212233 17 742
54032 210906 18 762
54052 212288 17 768
54072 211266 17 758
54091 211675 17 746
54111 211955 17 761
54130 211337 17 753
54152 211803 18 728
54182 211483 28 753
54203 212446 18 796
54224 211695 18 765
54244 211227 17 763
54263 211717 17 750
54282 211721 17 740
54302 212084 17 750
54321 211432 17 755
54341 211319 17 770
54368 212731 24 797
54388 210613 17 726
54409 212430 18 782
54429 210625 17 754
54448 211752 17 764
54468 210964 17 742
54488 212155 17 772
54508 212110 17 779
54528 212235 17 782
54549 211407 19 759
54576 211185 23 738
54596 211667 17 752
54616 211440 18 762
54636 210892 18 727
54657 211967 18 793
54676 211725 17 771
54696 212085 17 752
54716 211114 17 766
54735 211877 17 747
54757 211331 19 754
54783 211169 24 759
54817 210847 17 739
54838 211497 19 770
54858 211827 17 768
54877 211942 16 731
54897 212554 18 782
54917 212155 18 776
54937 211888 17 761
54959 210855 19 774
54985 211729 24 760
55005 211446 17 750
55024 210313 16 733
55044 211500 18 794
55064 211433 17 777
55083 211073 17 750
55103 211291 18 777
55124 211535 18 767
55144 211552 18 772
55166 211382 19 749
55192 211777 23 766
55211 211063 17 748
55231 211238 17 746
55251 211305 17 732
55271 211720 18 784
55291 211391 17 741
55311 212408 18 789
55331 211570 17 780
55351 210452 17 741
55373 210969 19 751
55400 211647 23 803
55421 211095 18 752
55441 211989 17 769
55462 211899 18 793
55481 211422 17 758
55501 211050 17 761
55520 211208 17 751
55540 211267 17 774
55560 211652 17 744
55588 211589 25 758
55612 211791 18 743
55631 210869 17 748
55651 211196 18 772
55672 212818 18 789
55692 211896 17 754
55711 211530 17 758
55731 211568 17 753
55751 209976 17 760
55774 212459 20 782
55799 212236 23 755
55819 212192 17 766
55840 211418 18 791
55861 212160 18 772
55882 212006 18 789
55902 211611 17 766
55921 212323 17 763
55941 212127 17 764
55961 212007 17 759
55982 211058 18 731
56007 210277 22 737
56026 211166 16 726
56046 211345 18 763
56067 212486 17 768
56087 211399 18 778
56107 211514 17 751
56127 212933 17 765
56146 210913 16 726
56176 212393 19 756
56200 211317 22 745
56220 211554 16 732
56240 212153 18 780
56260 211871 17 776
56280 211847 17 767
56300 211749 17 756
56319 212701 17 767
56338 210629 16 744
56357 211228 16 725
56379 212520 19 776
56405 210857 23 745
56424 210432 16 729
56445 212710 19 806
56466 211350 19 760
56487 211692 18 776
56506 211351 17 762
56527 212304 18 785
56546 210475 17 746
56567 210442 18 783
56589 211679 20 775
56615 210593 24 714
56634 210862 17 750
56654 212597 17 748
56675 211166 19 773
56694 211185 16 734
56714 211979 18 771
56735 211735 18 771
56754 211557 17 738
56774 210136 17 759
56796 212234 20 784
56828 212117 27 777
56849 211999 17 758
56869 211439 18 771
56890 212435 18 793
56909 211088 17 758
56929 212102 17 768
56948 212019 17 766
56968 211356 17 773
56990 211544 19 734
57017 210761 24 755
57038 212118 18 791
57059 211820 18 790
57078 211017 16 717
57097 212614 17 752
57118 211315 18 776
57139 211701 18 791
57158 211770 17 759
57178 211224 17 753
57199 210796 19 748
57224 212150 23 765
57244 211014 17 769
57265 211192 18 758
57286 211279 18 762
57306 211223 18 803
57326 212190 17 767
57346 211264 17 769
57365 212014 17 770
57385 212070 17 762
57412 211955 24 766
57434 212201 19 786
57454 211367 17 753
57476 211556 19 767
57496 212805 18 765
57517 211630 18 740
57538 211821 18 770
57557 210854 17 726
57589 211372 29 764
57616 211750 24 786
57639 212606 18 781
57659 211133 17 741
57680 211527 19 785
57700 211070 17 746
57721 211031 18 790
57741 211075 18 773
57761 211966 17 750
57780 210793 16 737
57801 211407 19 751
57826 211141 22 742
57847 211107 17 773
57867 212369 17 762
57888 212250 19 775
57908 210848 17 754
57927 211676 17 769
57946 209732 16 720
57966 211543 17 765
57985 211214 17 725
58005 210529 18 705
58033 211345 25 752
58053 211973 18 779
58073 211616 17 772
58094 212460 18 745
58113 211915 17 749
58133 212324 17 747
58153 209640 17 760
58173 212068 17 752
58192 211600 17 747
58215 212085 21 769
58242 211784 22 733
58262 211945 17 761
58282 211476 17 771
58301 211213 17 759
58322 212121 18 774
58343 211509 18 783
58364 212845 18 790
58384 211679 18 796
58404 210745 17 733
58429 210797 21 745
58450 212360 17 754
58471 211856 18 762
58491 211285 17 751
58513 212340 19 796
58532 211095 17 720
58552 211516 18 786
58572 211366 17 762
58591 211055 16 718
58612 211507 19 752
58637 210359 22 725
58662 211357 19 779
58687 211789 22 782
58707 210315 18 731
58727 211660 17 758
58747 211852 18 758
58767 211404 17 765
58787 211978 17 752
58806 212261 16 727
58829 211903 20 777
58853 212135 22 761
58875 211660 19 770
58899 211389 20 776
58918 211581 16 738
58938 211334 17 756
58957 211178 16 724
58977 211589 18 789
58997 211601 17 751
59019 210964 20 770
59044 211599 22 750
59065 212040 18 781
59086 210267 18 741
59105 211401 17 756
59125 211523 17 744
59144 211689 17 755
59164 210942 17 755
59183 211100 17 764
59203 212342 17 764
59225 212316 19 751
59249 211069 22 755
59270 212098 18 796
59290 211735 18 770
59309 211972 17 743
59329 211530 17 754
59349 211688 18 788
59368 211975 17 751
59387 210736 16 713
59408 211457 18 787
59430 211583 19 746
59460 211578 27 754
59479 211321 17 754
59498 210502 16 715
59519 211768 18 785
59538 211377 16 736
59557 212062 17 751
59578 211343 18 771
59598 211691 17 774
59618 211684 17 779
59640 212029 19 758
59665 211629 20 753
59685 211221 18 757
59705 212306 17 778
59724 210463 16 715
59744 212041 18 768
59764 211442 17 775
59784 211382 17 773
59803 210897 17 747
59822 210020 17 738
59845 210904 20 756
59870 211994 21 798
59889 211286 16 726
59911 211483 19 789
59932 212638 18 777
59952 211550 17 751
59971 211735 17 760
59992 211739 18 774
60012 211986 18 764
60034 211979 20 749
60061 211939 24 745
60081 211428 18 751
60102 211482 18 723
60122 211069 17 765
60142 212285 18 772
60163 211705 18 758
60183 210602 17 757
60203 212655 18 780
60223 211435 17 746
60244 211580 18 721
60270 211456 24 796
60290 211221 17 761
60310 211335 17 760
60330 212341 17 779
60350 211557 17 763
60370 212066 17 766
60389 211323 17 752
60409 210762 17 750
60428 211436 17 764
60450 211062 20 760
60474 211678 20 745
60495 210548 18 705
60515 211701 17 748
60537 212150 19 799
60558 210558 18 786
60578 211223 18 752
60598 212052 18 776
60618 210596 17 755
60638 211595 18 761
60661 211410 20 766
60688 210858 24 748
60708 211635 17 765
60728 211576 17 768
60749 212425 19 759
60768 211744 17 753
60788 212019 17 745
60806 211289 16 714
60826 211398 17 774
60846 212203 17 784
60868 210981 20 768
60896 212090 25 730
60916 212403 17 779
60937 211291 18 745
60958 212436 18 788
60977 211420 17 748
60999 211998 19 803
61019 211617 17 756
61039 212628 18 767
61060 212330 19 799
61084 212153 20 707
61105 211162 16 729
61125 211895 17 762
61145 211471 18 765
61166 212291 18 791
61185 211159 16 737
61204 211090 16 740
61223 211790 17 768
61243 211644 17 753
61264 212366 18 781
61292 211384 23 717
61312 211186 17 767
61331 212377 17 731
61351 211922 17 781
61371 211126 17 743
61390 211290 16 732
61410 211740 17 769
61430 211057 18 761
61450 211834 17 756
61471 209923 19 757
61499 211674 25 754
61520 211253 16 737
61539 211639 17 770
61559 210964 17 756
61579 212639 18 793
61599 211416 18 779
61651 211505 18 763
61673 212491 19 802
61699 212140 22 783
61718 212038 17 735
61739 211968 18 791
61759 210811 18 743
61779 211076 17 755
61799 211315 17 770
61819 211071 17 757
61839 211667 18 793
61858 211189 17 752
61880 211257 19 777
61906 211318 22 769
61925 211731 17 742
61944 211062 17 725
61963 211653 16 726
61982 211895 17 747
62002 211262 17 746
62021 211252 17 743
62040 211578 17 755
62060 210855 17 753
62081 211238 19 771
62108 211305 23 735
62129 210511 17 724
62149 210636 17 742
62170 211393 18 751
62189 212011 17 738
62208 211495 17 740
62228 210850 17 752
62247 211647 17 743
62268 211621 18 784
62289 211070 19 763
62314 210035 22 738
62333 211573 17 735
62353 211098 17 754
62375 211333 20 796
62394 211182 17 750
62415 210698 18 768
62435 212137 18 782
62456 211598 18 789
62475 210790 16 719
62497 212414 20 757
62524 211560 23 739
62545 211990 18 784
62564 211776 17 751
62585 211720 18 796
62603 211442 16 729
62624 211659 18 787
62645 211000 18 772
62665 212090 18 767
62685 212538 17 741
62711 211385 22 775
62734 212618 19 766
62753 210931 17 755
62773 211178 17 766
62794 210688 18 743
62814 212076 18 774
62834 211210 18 781
62854 210358 17 759
62874 211765 18 762
62898 212018 21 808
62923 210281 23 776
62945 212054 19 771
62965 212233 18 774
62985 212377 17 781
63005 211449 17 767
63025 211951 17 766
63044 211781 17 772
63064 211832 17 755
63084 211786 17 767
63105 210988 19 768
63130 211928 22 784
63151 212538 18 770
63170 211064 17 745
63190 211584 18 788
63210 211648 17 770
63230 211942 17 762
63252 211406 19 765
63277 212147 22 757
63298 212515 18 753
63331 209784 30 758
63351 210975 17 741
63370 211586 17 774
63392 211271 18 751
63412 212619 17 753
63431 211575 17 726
63451 211575 18 776
63472 211912 18 785
63491 211238 17 744
63514 211271 20 754
63542 212291 24 787
63562 211319 17 752
63584 211765 19 790
63603 210779 17 773
63623 211679 17 773
63644 212237 18 773
63664 212367 17 758
63683 211678 17 747
63704 210524 18 749
63730 211641 23 766
63751 211762 18 751
63770 212310 16 741
63789 211124 17 756
63809 211869 17 772
63830 211154 17 754
63849 211693 17 752
63868 210885 17 742
63887 210134 16 739
63908 211618 18 754
63935 212113 24 779
63956 211535 17 774
63976 211619 17 761
63997 211360 18 752
64016 211573 16 750
64036 212972 18 787
64055 211489 17 750
64075 212594 17 763
64095 210976 17 771
64116 211089 19 728
64141 211516 23 737
64161 211039 17 740
64180 210901 17 743
64201 210193 18 742
64221 212499 17 756
64241 212152 18 779
64261 211412 17 740
64280 211698 17 744
64300 212120 17 768
64321 210759 19 756
64349 211816 25 778
64370 211616 18 791
64389 211951 17 740
64409 211908 17 765
64430 211979 18 801
64450 211138 17 764
64470 211637 18 774
64490 211831 17 759
64509 210075 17 737
64531 211905 19 757
64561 211398 25 756
64582 211362 18 782
64602 212183 18 773
64622 211854 17 747
64641 211089 17 750
64661 212588 17 772
64680 211740 17 749
64700 212010 17 778
64721 211583 19 749
64750 211343 25 780
64770 211962 17 769
64789 210872 17 742
64808 211234 17 754
64829 211151 18 759
64849 211911 17 759
64869 212441 17 785
64888 211967 17 758
64908 210940 17 759
64930 212019 19 778
64959 211203 26 782
64978 210536 16 735
64999 210693 18 763
65020 212113 17 754
65040 212109 18 779
65058 210546 15 682
65079 210972 18 764
65098 210469 17 734
65119 212413 18 764
65142 211471 20 754
65167 211603 21 748
65186 210818 17 754
65206 211587 17 749
65225 210681 17 751
65245 211393 17 777
65264 211857 17 785
65284 211472 17 762
65302 210159 16 713
65322 211220 17 755
65346 211634 21 735
65369 212094 19 747
65390 211599 18 792
65411 211844 19 772
65432 213102 18 797
65452 211207 17 752
65472 211161 17 757
65491 210796 17 732
65510 212180 17 748
65531 211886 18 762
65558 210845 24 730
65578 211138 17 733
65599 211110 18 777
65619 210394 18 755
65638 211102 16 732
65658 211141 17 758
65679 212087 18 816
65698 210704 17 743
65717 210980 16 722
65739 212375 19 765
65765 211697 23 753
65785 211639 17 749
65804 211590 17 747
65824 211318 17 752
65844 211036 17 759
65863 211258 17 742
65883 211991 17 777
65902 211656 17 758
65923 212138 18 790
65944 211015 18 737
65973 211809 27 752
65993 212396 17 767
66013 211931 17 761
66033 210765 17 753
66052 211422 17 770
66072 211069 17 739
66091 211279 17 747
66112 210669 18 786
66132 212250 18 769
66153 211909 19 767
66179 210562 23 757
66198 211441 17 752
66220 210512 19 748
66240 212168 17 784
66260 211662 17 767
66280 211438 18 765
66300 211772 17 757
66321 211260 18 802
66341 212507 17 768
66364 211709 20 763
66388 210714 22 757
66412 211375 21 780
66433 212304 18 767
66453 211072 18 759
66472 210665 17 750
66492 209819 17 722
66513 212549 19 766
66533 212199 18 770
66556 210487 20 726
66585 212166 26 772
66610 211460 23 754
66630 211647 17 732
66651 210290 18 767
66671 211731 18 774
66691 211649 18 777
66711 211531 18 773
66731 210986 17 758
66756 211091 21 770
66781 211216 23 744
66800 211332 17 748
66820 210676 17 756
66839 210983 16 725
66861 211519 19 772
66880 210189 16 715
66899 211721 17 756
66919 211634 18 776
66939 211563 17 763
66961 211893 19 752
66987 211252 24 800
67008 212334 18 772
67027 211312 17 750
67049 210452 18 754
67068 209946 16 726
67088 211316 17 769
67107 210908 17 755
67127 211153 17 752
67146 211819 17 776
67168 210830 19 760
67199 211666 28 758
67220 212075 18 783
67239 211470 17 753
67259 211819 17 762
67278 210318 16 727
67298 211278 17 770
67318 211070 17 757
67338 211387 18 754
67358 212071 18 760
67384 211236 22 753
67406 211261 19 793
67427 212529 18 803
67449 211777 19 761
67468 211573 17 752
67487 210991 16 727
67505 211491 16 725
67525 211436 17 761
67545 212409 17 762
67566 211073 19 735
67593 210427 24 740
67613 210313 17 757
67633 211838 18 775
67654 211770 19 768
67675 212114 18 792
67695 211274 17 751
67714 211641 17 753
67735 210870 18 757
67755 211064 18 766
67777 210962 19 728
67806 211287 25 763
67826 211727 17 754
67845 211970 17 764
67866 213049 17 785
67886 211819 17 775
67905 211619 17 746
67924 210228 16 722
67943 211818 16 739
67962 212011 17 772
67985 211591 20 771
68008 211793 19 758
68029 212563 17 777
68049 211404 17 777
68068 211339 17 746
68087 210897 17 753
68106 211718 16 733
68126 211618 17 767
68146 211384 17 764
68166 211189 17 760
68192 211673 24 798
68215 210825 19 783
68235 210965 17 745
68255 211846 18 752
68275 211629 17 772
68294 211303 16 719
68314 212680 17 778
68333 210888 17 756
68353 211488 17 758
68374 211071 18 774
68398 211933 21 725
68419 211158 18 748
68440 212422 18 784
68459 211688 17 746
68479 210964 17 766
68499 211367 18 797
68518 211586 17 750
68538 211458 17 768
68558 211963 17 776
68578 211502 18 752
68605 212064 24 768
68628 211168 18 765
68650 211994 19 809
68671 212261 19 767
68691 211990 17 761
68711 212398 18 771
68731 211662 17 738
68751 211904 18 776
68771 210872 17 757
68793 210635 19 747
68821 211331 26 775
68841 211966 17 761
68860 211730 17 747
68880 211566 18 721
68901 211647 18 776
68922 211859 18 779
68942 210707 17 752
68962 210568 18 754
68983 212230 18 749
69011 212026 24 784
69033 211632 19 805
69052 211897 16 728
69074 212352 19 788
69094 211833 18 769
69114 211510 17 745
69134 211001 17 754
69154 212276 18 758
69174 211628 17 755
69196 209951 19 730
69222 212297 23 770
69241 210185 17 743
69262 211790 17 781
69281 212261 17 738
69301 211199 17 778
69321 211507 18 795
69341 211303 17 766
69360 211684 17 765
69380 211813 17 748
69402 211147 19 717
69427 211763 22 741
69447 212361 18 778
69467 211155 17 757
69486 212700 17 763
69506 211287 18 789
69526 210695 17 753
69545 211567 17 761
69566 211727 17 774
69585 211567 17 747
69607 211932 20 778
69636 211289 25 782
69655 211288 17 739
69676 211531 18 723
69696 211503 18 772
69717 211605 18 772
69737 210574 18 776
69757 210712 17 728
69776 211312 17 735
69797 212098 18 772
69825 210907 25 786
69846 211879 17 738
69866 210448 17 739
69886 211466 18 767
69906 210828 17 746
69925 211083 16 734
69944 210677 17 759
69964 211993 17 755
69983 211617 17 746
70004 211284 19 748
70029 211452 22 731
70049 212214 17 741
70068 211921 17 740
70089 211840 19 766
70108 211192 16 720
70128 212779 17 773
70148 211356 17 750
70167 211227 17 725
70187 210550 17 727
70209 210751 19 750
70234 211725 23 769
70253 211630 17 750
70273 211700 17 757
70295 211224 19 779
70314 212698 17 745
70334 211505 17 779
70355 212277 18 811
70375 211354 17 743
70394 212159 17 763
70417 211708 20 785
70443 211729 23 758
70463 211934 18 772
70482 211254 16 730
70502 211483 17 776
70522 210706 17 746
70542 211164 18 774
70563 211369 18 781
70582 209897 17 743
70602 212180 17 770
70625 211443 21 794
70651 211195 20 758
70672 212120 18 774
70692 211816 18 762
70713 211960 18 781
70732 211749 17 747
70752 211568 17 785
70772 210824 17 767
70791 210259 16 722
70810 211252 16 741
70840 211827 26 770
70861 211953 17 737
70880 210925 17 731
70899 211431 17 760
70920 211516 18 745
70940 212028 17 777
70960 211760 18 789
70979 211013 16 727
70999 211358 17 746
71021 211360 19 776
71052 210450 29 727
71072 211104 17 754
71091 210543 17 732
71112 211270 17 760
71132 211162 17 739
71152 211482 18 764
71172 210680 17 756
71193 210087 18 760
71213 210944 18 776
71239 212341 24 757
71261 210421 18 754
71282 211661 18 776
71302 210529 17 750
71321 210303 16 717
71341 211574 17 762
71361 211142 17 746
71381 211216 17 740
71402 211297 18 770
71422 210866 17 740
71449 211739 24 763
71470 211650 18 772
71491 211702 18 776
71512 211576 19 758
71533 212512 18 775
71553 211886 17 768
71574 211931 19 797
71596 211967 19 807
71615 210212 17 732
71638 211904 20 751
71667 211724 26 798
71686 210341 17 741
71708 211680 19 794
71728 212006 18 775
71748 211258 17 757
71768 212463 17 757
71787 211712 17 750
71807 211861 18 792
71827 211419 17 727
71857 211631 27 770
71878 212635 18 804
71898 212340 18 771
71918 211470 17 762
71938 211104 17 769
71957 211295 16 728
71978 212633 18 793
71997 211818 17 744
72017 210791 17 744
72038 210458 19 734
72065 211805 24 769
72086 211719 19 748
72107 210851 18 763
72127 210621 18 763
72148 211809 18 770
72168 211229 17 759
72188 212087 18 793
72208 211023 17 758
72227 211391 17 728
72250 211201 20 772
72275 211397 21 750
72297 211454 19 804
72318 211733 19 767
72338 211944 17 760
72358 211587 18 772
72378 210736 17 759
72398 211682 17 746
72418 211278 18 765
72440 211797 20 803
72470 211775 27 755
72490 210428 17 749
72509 211184 17 751
72529 212004 17 768
72548 211709 17 751
72568 211891 17 743
72587 211827 17 749
72607 211922 17 762
72627 211303 17 771
72649 211773 19 751
72675 210958 24 741
72695 212453 17 767
72715 210440 17 732
72736 211990 19 738
72758 211901 19 786
72777 211824 17 741
72796 212485 17 745
72816 212410 17 764
72835 212075 17 751
72857 211228 19 746
72881 211927 22 733
72902 211519 18 788
72922 211720 18 777
72942 210534 17 736
72964 211464 19 779
72983 210815 17 764
73003 210971 17 750
73022 212432 17 753
73042 211186 17 777
73068 211264 23 777
73092 210010 20 766
73112 212279 18 779
73133 210698 18 727
73152 210218 16 716
73172 211582 18 798
73193 211705 18 780
73214 212255 18 777
73233 212025 17 753
73254 210959 19 725
73280 212285 23 759
73300 212007 17 756
73321 211328 18 793
73340 210229 16 725
73359 211402 16 736
73378 210903 17 749
73399 211438 18 773
73419 212435 17 759
73440 212482 18 789
73461 211665 18 737
73488 211429 24 770
73509 211201 19 738
73529 212033 18 769
73550 212149 18 774
73570 211275 17 755
73590 211730 17 745
73610 211505 17 761
73630 211736 17 748
73649 211146 17 766
73670 210624 18 730
73704 212944 30 783
73725 212168 19 806
73748 212106 19 739
73769 212323 18 794
73789 211925 18 744
73809 211298 18 789
73828 211160 16 724
73848 212088 17 792
73872 212121 21 783
73897 212357 23 776
73917 211833 17 775
73941 211415 21 742
73960 212237 17 717
73980 211730 17 736
74000 212006 17 760
74019 211518 17 747
74039 212699 18 786
74059 211148 17 776
74083 211410 20 759
74109 211276 23 717
74132 211015 21 758
74154 211052 19 757
74175 212267 18 787
74195 211187 17 732
74215 211707 17 757
74234 212118 17 757
74254 210948 17 767
74275 210945 19 744
74301 211366 24 786
74322 211653 18 766
74343 212196 19 767
74363 212193 17 789
74383 211385 17 766
74403 212438 18 789
74422 210808 16 750
74443 212588 18 800
74462 211087 16 742
74483 212028 19 736
74507 211018 20 744
74527 211165 17 766
74547 210909 17 738
74567 210395 17 759
74586 211550 17 750
74607 211813 18 806
74627 212010 17 779
74647 212817 17 775
74666 210737 16 747
74690 211559 21 771
74714 210919 20 740
74734 210931 18 754
74755 211503 18 741
74775 211314 18 771
74795 212030 17 744
74814 211151 17 732
74835 211167 18 778
74855 211538 17 753
74876 212102 19 776
74902 211774 23 749
74922 211198 17 739
74942 211195 17 759
74962 210783 18 751
74981 210967 16 710
75001 210962 18 784
75021 211572 17 763
75041 211108 17 770
75062 212300 18 789
75085 211830 20 770
75115 212306 27 794
75134 211815 17 762
75155 212042 18 790
75174 209956 17 737
75195 212534 18 801
75214 212263 16 725
75235 212520 18 820
75254 211118 17 757
75274 212451 17 767
75295 210187 18 729
75321 210700 21 778
75342 212167 19 770
75363 211969 18 789
75382 210634 16 734
75401 211082 17 763
75420 211737 16 735
75439 210162 16 733
75459 211362 17 766
75479 211485 17 756
75499 210783 18 732
75523 210480 20 731
75544 211890 18 769
75565 211562 18 762
75585 210650 17 763
75604 210965 17 768
75625 211921 18 787
75645 212458 18 777
75665 211206 17 755
75685 212142 18 804
75713 212291 24 788
75735 211970 19 775
75755 211980 18 780
75775 211017 17 736
75794 211830 17 757
75814 210591 17 750
75834 211757 17 762
75853 212246 17 742
75873 212091 17 762
75895 210520 19 777
75922 211770 24 779
75941 211241 16 727
75961 211084 17 764
75981 211975 18 747
76001 210940 17 746
76021 211946 17 767
76041 211632 18 790
76061 212308 17 771
76082 212121 18 803
76103 210993 19 716
76131 212183 25 776
76151 211614 18 769
76173 212387 19 779
76192 210544 17 733
76212 210831 17 756
76233 212057 18 803
76253 212486 17 769
76273 211941 18 793
76292 210987 17 758
76317 212028 22 771
76343 211029 21 782
76363 211229 18 781
76383 210432 17 747
76402 212125 17 753
76423 210987 18 768
76443 211438 17 755
76463 212475 18 764
76484 211061 18 768
76506 211380 20 757
76535 211210 24 759
76556 211336 18 785
76577 211327 18 767
76598 211173 17 740
76618 210770 17 775
76637 211825 17 755
76657 210780 17 771
76677 211759 17 766
76697 211175 17 754
76722 211613 23 762
76748 211628 21 754
76769 210010 18 737
76788 211947 17 777
76809 211327 18 786
76828 211978 17 746
76848 212444 17 775
76868 211568 17 760
76888 211407 18 789
76909 211794 18 748
76935 211388 23 772
76956 211442 17 756
76975 210971 17 730
76997 213042 19 789
77018 211963 18 792
77039 212211 18 791
77058 210906 17 744
77080 212612 19 797
77100 210622 17 751
77123 211499 20 755
77148 211500 23 739
77168 211077 17 753
77189 211597 18 791
77210 212200 19 815
77231 211278 18 773
77250 211846 17 762
77270 211332 17 770
77289 211427 17 765
77308 211128 16 735
77333 212002 22 782
77356 212619 19 780
77376 211743 18 764
77397 210561 18 755
77418 212259 18 786
77437 210548 17 744
77457 211338 17 764
77478 212192 18 770
77497 210432 17 730
77520 211150 20 802
77543 210510 21 710
77564 212474 18 785
77585 211591 18 785
77606 210872 18 748
77627 211045 18 784
77646 212664 17 746
77665 211361 16 739
77684 211425 16 730
77704 211578 17 771
77726 211452 19 763
77754 211294 26 769
77774 211105 17 716
77795 211621 18 789
77816 211359 18 784
77836 212526 18 781
77856 211413 17 738
77876 212573 18 772
77896 211826 17 774
77915 211901 17 764
77941 212354 23 786
77965 211208 20 729
77986 210604 17 765
78006 210846 18 744
78025 210932 16 718
78045 210381 17 759
78065 211384 18 771
78085 211037 17 718
78105 210917 18 776
78125 211547 18 753
78152 210615 23 747
78174 210180 18 754
78193 211815 17 739
78213 211585 17 759
78232 211372 17 744
78252 212006 17 766
78272 211838 17 747
78293 211776 18 773
78312 211026 17 743
78335 212252 20 773
78360 211533 22 776
78379 210869 17 743
78398 211510 16 732
78419 211944 18 808
78439 212646 17 768
78459 211580 18 782
78479 211777 17 764
78499 212511 18 763
78519 210839 17 744
78541 211500 20 761
78566 211199 22 750
78585 211510 17 734
78605 212436 17 755
78626 211367 18 739
78647 211727 18 782
78667 211102 17 750
78686 210779 17 752
78706 211260 16 723
78725 212797 17 774
78747 210435 19 743
78772 211443 22 737
78792 211530 17 758
78815 211584 20 802
78835 211393 17 756
78854 210538 17 729
78875 211729 18 773
78895 211330 17 728
78916 212693 18 765
78937 211657 19 788
78966 211988 25 767
78988 212283 19 789
79008 212625 17 756
79028 211750 18 762
79048 211706 17 770
79068 211316 17 754
79087 211818 17 758
79108 211288 18 785
79127 211465 17 753
79149 211386 19 763
79175 211446 23 748
79195 211481 17 746
79215 211090 17 757
79236 211366 18 732
79255 211504 17 763
79275 211195 17 751
79295 211025 17 756
79315 210740 17 755
79335 212156 18 785
79358 211673 20 760
79385 211192 23 762
79405 210604 18 765
79426 210428 18 743
79446 211390 17 740
79466 210596 17 768
79485 211322 17 754
79505 211861 17 761
79524 211780 17 757
79543 211264 17 748
79569 211331 22 778
79589 211788 17 750
79610 211488 18 772
79629 212156 17 752
79648 210713 16 717
79667 210549 17 762
79687 211851 17 768
79707 211416 17 782
79727 211822 17 757
79746 211693 17 746
79771 210947 22 741
79794 211936 19 769
79814 211515 17 780
79834 211065 17 766
79853 211338 17 750
79873 212108 17 751
79893 212172 18 778
79913 211675 17 784
79934 211081 18 755
79954 211798 17 707
79979 211761 22 760
80000 212069 19 793
80020 211165 18 792
80041 211965 18 746
80062 211576 18 811
80082 211172 17 761
80101 210830 17 739
80120 211734 17 755
80139 211776 17 740
80162 212254 20 750
80193 211943 29 778
80214 211368 18 763
80234 211408 17 760
80253 211780 17 782
80273 211078 17 746
80292 210607 17 752
80312 211185 17 762
80332 211550 18 786
80351 211684 17 735
80374 211304 20 747
80402 212304 24 784
80422 212459 18 778
80442 211961 18 749
80464 211919 18 814
80484 211263 18 747
80504 212265 17 747
80524 211343 17 754
80544 211461 17 736
80565 210964 19 736
80592 210924 24 748
80612 211015 17 737
80631 211852 17 746
80651 211218 17 735
80673 211867 19 784
80693 211635 18 776
80712 212671 17 743
80732 211282 17 773
80752 211807 17 781
80775 211455 20 737
80800 210928 23 759
80821 211600 18 778
80840 211012 17 739
80860 211007 17 741
80879 210503 17 741
80899 210838 17 774
80919 211581 17 773
80939 210818 17 777
80959 212205 17 771
80981 212331 19 765
81007 210958 23 780
81029 212019 20 795
81048 211151 16 727
81067 210451 17 739
81087 211638 17 747
81107 211810 18 796
81127 211627 17 761
81146 211139 17 739
81166 211418 18 749
81191 212213 22 787
81214 211787 18 756
81234 211850 18 763
81254 212279 17 742
81274 211712 17 761
81295 210893 18 736
81315 211609 18 761
81334 211130 17 717
81355 211270 18 772
81376 211247 18 770
81401 210811 21 761
81424 211288 20 746
81449 211205 22 756
81469 210322 17 731
81489 210756 18 756
81509 211039 18 772
81529 211313 17 755
81549 211595 17 764
81568 211307 17 738
81595 211328 25 760
81619 210540 21 749
81643 211348 19 770
81669 210822 24 775
81689 211259 17 777
81708 210784 17 741
81727 210607 17 728
81749 212314 19 747
81769 211737 18 782
81791 212398 19 745
81816 210914 23 733
81836 211225 17 759
81856 211773 18 771
81878 211198 19 784
81898 212508 18 784
81918 211396 17 762
81939 210936 17 766
81958 210840 17 769
81979 211519 17 778
82002 211780 21 772
82027 211641 20 802
82046 211210 17 743
82067 211511 18 748
82087 212046 18 764
82107 210806 16 714
82126 212138 17 753
82147 212295 18 791
82167 212345 18 789
82188 211537 18 753
82215 212012 24 788
82236 212309 18 761
82255 210862 17 744
82275 212515 17 744
82295 211253 17 734
82315 212321 17 758
82335 211209 17 743
82354 211848 17 743
82373 210617 16 721
82395 211794 19 764
82421 210375 24 747
82441 210424 17 751
82461 211793 17 773
82482 211524 19 778
82502 212579 17 770
82521 212164 16 735
82541 211698 17 763
82561 212700 18 790
82581 212026 18 775
82602 211205 19 741
82630 211112 25 763
82650 210398 17 743
82670 211845 18 743
82691 210951 17 753
82711 212596 17 761
82731 211746 17 770
82751 212113 18 775
82771 211841 17 741
82791 211352 17 736
82813 212090 20 738
82843 212542 26 739
82864 212126 18 763
82884 211081 18 776
82905 211844 18 764
82924 211242 17 731
82945 212512 18 812
82965 210815 17 776
82984 211519 17 754
83006 210530 19 747
83033 210879 23 755
83053 211048 18 755
83073 210967 17 743
83094 211870 18 753
83115 211315 18 775
83135 211954 18 790
83155 211691 17 751
83175 211630 18 797
83195 210707 17 754
83217 211211 19 773
83242 212276 22 758
83262 212643 17 750
83283 211635 18 767
83303 211116 17 768
83323 212529 18 763
83342 210436 16 740
83362 211691 17 771
83381 212585 17 771
83401 210734 17 766
83425 212704 22 760
83447 211484 17 737
83467 211781 17 731
83487 212263 17 756
83507 213193 18 806
83527 210990 17 775
83546 211664 16 723
83565 211394 16 718
83584 210966 17 768
83603 210466 16 716
83626 211736 20 763
83650 210672 19 724
83669 211107 17 762
83690 210372 18 750
83710 210854 17 759
83729 211132 16 734
83748 210838 17 720
83768 211610 17 747
83788 212459 18 794
83807 212153 17 749
83831 212043 21 769
83855 211627 19 772
83874 210316 16 721
83894 211747 17 762
83915 210301 18 741
83935 211695 18 798
83956 212056 18 775
83975 211606 17 733
83996 211931 18 764
84016 211622 18 741
84042 211219 23 776
84062 212195 17 746
84082 212059 17 769
84103 211036 18 764
84123 211532 17 766
84143 211780 17 775
84162 210287 16 723
84182 211243 17 774
84202 212386 17 785
84224 211240 20 777
84255 211861 28 793
84275 211670 17 754
84296 211876 18 793
84316 211694 17 744
84335 210732 17 764
84355 211724 17 747
84375 211517 18 765
84395 211754 17 754
84415 210883 17 775
84437 210583 20 775
84462 212222 20 757
84482 211497 17 739
84503 211395 18 792
84523 212252 18 766
84544 211551 18 782
84564 211011 17 736
84584 211478 18 775
84604 210582 17 745
84623 211842 17 751
84650 211809 23 800
84671 211349 18 753
84691 211916 17 774
84711 210732 18 727
84731 210987 17 756
84751 211385 18 787
84772 211976 18 793
84792 210495 18 788
84811 210811 17 758
84833 211861 19 762
84859 211353 23 735
84879 211910 18 775
84899 211148 17 757
84919 211237 17 774
84940 211293 18 785
84960 211856 17 756
84979 211634 17 752
84999 211140 17 749
85018 211652 17 753
