fo time ls_time n_ls_moves
228 1616024 228 2108
421 1619469 186 2113
643 1619003 215 2185
865 1619350 216 2140
1134 1618109 263 2160
1287 1615872 146 2021
1515 1617026 222 2108
1719 1619174 197 2133
1900 1619808 175 2209
2102 1618291 195 2132
2309 1621509 200 2235
2482 1619200 167 2069
2730 1620600 242 2220
3004 1617215 267 2112
3213 1619574 202 2082
3366 1616028 146 2039
3520 1615581 148 1974
3693 1620276 166 2189
3919 1620718 220 2173
4099 1617899 173 2045
4257 1616803 152 2080
4459 1616101 195 2117
4652 1617942 186 2050
4786 1617073 127 2089
5034 1620985 240 2182
5258 1619783 218 2168
5526 1622010 261 2324
5691 1618379 159 2173
5881 1616465 182 2142
6060 1615854 172 2155
6327 1621049 260 2232
6524 1616424 191 2135
6718 1617643 188 2134
6901 1615611 176 2154
7128 1622097 220 2201
7358 1619092 223 2070
7569 1620007 205 2153
7791 1621194 215 2151
7993 1616445 196 2106
8190 1618571 191 2102
8383 1619047 187 2193
8584 1618703 194 2117
8770 1618466 180 2148
8959 1621104 183 2143
9208 1622150 243 2240
9411 1620996 196 2196
9633 1617865 216 2180
9791 1615742 151 2050
10006 1621866 208 2160
10217 1622796 205 2277
10397 1617936 173 2078
10599 1619936 196 2145
10834 1618445 228 2238
11057 1616591 217 2091
11275 1618480 211 2148
11474 1618205 193 2096
11646 1621905 165 2101
11803 1618094 150 2111
11981 1618999 172 2065
12182 1618632 194 2189
12382 1620403 193 2134
12585 1617211 197 2132
12778 1622996 186 2216
12976 1620032 192 2047
13155 1617511 173 2157
13391 1617363 227 2109
13569 1618582 172 2295
13766 1618329 191 2141
13952 1618249 178 2046
14183 1617419 224 2194
14393 1613492 204 2042
14564 1619379 165 2152
14750 1617187 177 2045
15034 1620443 277 2211
15297 1621589 256 2293
15463 1618029 159 2078
15633 1619537 163 2145
15894 1618397 255 2194
16094 1616673 193 2021
16261 1614392 160 1989
16453 1618754 186 2155
16623 1618882 162 2063
16760 1616885 131 2059
16966 1618649 188 2163
17144 1616722 171 2033
17313 1617605 162 2120
17486 1618175 166 2051
17850 1621201 358 2160
18108 1623557 251 2259
18368 1615655 254 2018
18556 1623140 181 2243
18787 1622311 224 2260
18980 1617639 187 2100
19222 1618672 235 2141
19401 1615824 171 2023
19559 1617601 152 1989
19769 1619311 204 2112
19968 1616939 192 2095
20181 1618963 206 2106
20375 1618021 187 2174
20561 1616913 179 2047
20739 1623560 171 2227
20945 1619233 200 2122
21185 1619711 233 2192
21418 1618617 227 2084
21626 1617795 201 2121
21823 1618872 191 2072
22083 1621623 253 2194
22247 1616396 155 1911
22521 1622467 267 2310
22723 1620550 196 2225
22856 1616537 126 2091
23018 1617247 156 2005
23234 1621120 210 2186
23416 1621130 175 2164
23664 1622260 241 2273
23855 1615232 184 2035
24039 1618085 177 2095
24331 1620108 286 2140
24494 1620478 154 2143
24742 1620528 241 2109
24978 1621850 230 2172
25277 1617693 292 2108
25509 1619409 226 2188
25722 1621825 206 2249
25905 1619637 175 2157
26066 1618452 155 2142
26271 1619389 198 2127
26483 1616535 205 2110
26709 1615741 220 2089
26878 1616802 162 2101
27069 1616658 184 2069
27261 1618708 185 2195
27469 1617235 202 2123
27626 1615980 150 2102
27865 1618034 231 2128
28058 1617843 187 2072
28266 1621739 201 2124
28427 1621114 155 2092
28614 1621649 180 2151
28804 1619628 183 2139
28950 1616127 139 2099
29109 1618988 153 2089
29437 1620535 321 2293
29592 1617454 148 1970
29875 1620276 274 2166
30066 1612834 185 2057
30353 1621698 279 2101
30524 1617621 164 2110
30715 1617181 185 2064
30877 1619015 155 2102
31073 1621296 189 2092
31215 1616852 135 2048
31355 1618336 133 2026
31584 1617236 223 2152
31800 1619362 209 2136
31970 1619374 164 2089
32176 1619985 199 2159
32382 1617367 199 2106
32544 1617822 156 2033
32735 1621302 185 2182
32936 1615411 194 2069
33104 1617440 162 2128
33290 1619390 179 2164
33452 1616906 155 2036
33646 1616198 187 2145
33950 1619415 297 2052
34129 1617337 172 2038
34327 1613781 191 2052
34562 1618613 228 2148
34781 1619543 212 2117
34979 1619095 192 2126
35157 1617151 171 1955
35311 1617080 148 2069
35565 1618886 248 2223
35761 1616752 190 2088
35941 1617880 173 2053
36137 1617891 189 2077
36369 1619365 226 2055
36576 1620628 200 2137
36760 1620455 178 2151
36990 1617862 224 2173
37162 1611934 166 2068
37332 1618393 163 2168
37473 1618575 135 2033
37742 1621695 263 2220
37934 1615289 185 2043
38160 1623013 219 2162
38303 1616369 136 1983
38554 1623677 245 2221
38796 1621925 236 2330
39060 1619380 257 2101
39257 1622047 190 2204
39461 1619416 198 2135
39638 1620095 170 2191
39873 1620206 228 2138
40061 1618133 181 2094
40253 1616404 185 2098
40491 1618855 232 2050
40663 1619546 166 2110
40852 1616234 183 2084
40992 1615375 133 2021
41139 1618919 141 2115
41451 1618965 306 2241
41644 1614986 186 2118
41802 1617825 152 1981
41969 1615067 160 1970
42254 1617008 277 2128
42420 1622289 160 2153
42588 1617314 161 2116
42868 1624457 273 2311
43073 1619173 199 2206
43232 1619082 152 2064
43378 1618007 140 2053
43536 1616328 152 2208
43726 1620651 183 2175
43919 1618519 186 2043
44095 1613713 170 2003
44321 1619728 219 2239
44540 1615655 212 2109
44759 1618766 213 2058
44944 1619264 179 2097
45200 1620374 249 2189
45388 1616144 182 2106
45611 1617468 216 2142
45788 1619892 171 2132
46014 1618817 220 2111
46200 1616065 179 2053
46359 1616400 153 2000
46549 1618114 184 2046
46732 1620031 176 2120
46938 1618201 199 2087
47089 1615366 144 1961
47302 1618519 206 2195
47502 1619873 193 2158
47708 1620376 200 2128
47868 1621364 153 2104
48112 1618062 237 2129
48266 1617958 148 2136
48481 1623169 207 2220
48734 1616677 247 2123
48983 1617414 242 2134
49162 1620303 172 2061
49345 1616692 176 1981
49514 1618328 162 2064
49713 1616743 192 2075
49907 1617005 185 2162
50092 1619469 176 2163
50278 1617938 178 2066
50486 1620344 202 2163
50673 1617945 180 2103
50828 1618089 149 1981
51222 1621911 387 2252
51467 1618338 239 2227
51655 1617665 181 2104
51820 1618227 158 2088
52004 1617497 177 2091
52171 1622170 160 2112
52365 1618883 187 2081
52679 1617961 307 2198
52870 1619908 184 2143
53083 1615819 206 2072
53262 1619240 173 2125
53469 1618157 200 2076
53649 1621007 173 2245
53803 1617930 148 2124
54022 1616744 212 2068
54182 1619436 153 2051
54331 1616877 142 2068
54570 1617141 232 2237
54888 1619810 311 2232
55084 1622154 190 2177
55286 1619137 195 2051
55448 1618735 156 2113
55635 1620549 180 2129
55826 1616826 184 2118
55972 1614892 140 2130
56187 1616311 209 2020
56386 1621364 191 2156
56579 1622256 187 2223
56759 1619450 173 2139
56926 1622094 161 2077
57127 1617324 194 2078
57317 1615439 184 2045
57495 1615082 172 2044
57665 1614662 163 2061
57810 1616625 138 2011
58010 1618262 194 2076
58181 1617912 165 2128
58395 1618266 208 2118
58638 1618740 236 2114
58886 1618225 240 2081
59066 1619351 173 2116
59234 1618276 161 2173
59430 1619417 188 2230
59602 1619462 165 2150
59826 1620623 218 2076
60144 1619281 311 2338
60373 1616219 223 2091
60578 1618396 198 2106
60818 1619292 234 2162
60986 1613607 162 2024
61195 1620232 202 2104
61421 1620729 219 2206
61618 1619495 190 2126
61909 1616921 285 2238
62115 1619379 200 2052
62242 1615952 119 2021
62484 1619447 236 2097
62687 1616667 195 2126
62923 1616611 229 2138
63121 1619603 190 2220
63257 1618469 128 2098
63402 1613508 138 2033
63573 1617379 164 2064
63736 1620697 157 2124
63923 1621713 180 2213
64091 1618890 159 2082
64316 1620607 219 2132
64505 1619218 182 2155
64661 1614963 149 2058
64853 1617693 186 2061
65066 1622145 207 2157
65259 1616893 187 2015
65543 1620209 277 2253
65724 1617603 174 2064
65916 1619283 186 2200
66084 1618475 162 2074
66296 1619513 205 2219
66452 1617054 150 2082
66635 1619305 176 2075
66877 1621791 235 2146
67111 1616707 228 2093
67287 1618285 169 2163
67448 1618837 154 2057
67620 1620369 165 2144
67779 1619289 152 2114
67999 1619437 213 2061
68189 1619062 184 2125
68351 1617298 153 2047
68552 1619203 195 2094
68772 1620908 213 2127
68994 1619497 216 2199
69176 1621806 175 2153
69398 1617602 215 2158
69590 1619824 185 2115
69748 1615890 151 2054
69929 1616540 175 2025
70100 1618478 165 2091
70287 1618167 180 2087
70467 1617090 174 2157
70654 1618052 180 2162
70845 1616241 184 2107
71015 1622695 164 2144
71272 1618791 249 2217
71504 1617910 188 2157
71684 1617623 173 2127
71879 1619954 188 2101
72138 1618853 253 2191
72313 1616683 169 2075
72484 1618226 164 2094
72666 1618050 176 2138
72868 1616870 192 2090
73025 1617050 148 2008
73216 1621130 184 2155
73403 1618160 181 1996
73651 1616817 241 2150
73831 1618062 173 2002
74036 1619240 199 2115
74223 1620635 181 2196
74404 1618219 174 2119
74604 1619096 193 2114
74837 1617912 226 2220
75021 1617502 178 2058
75182 1619062 155 2004
75450 1618790 261 2129
75663 1615116 207 2083
75860 1616270 190 2103
76022 1619349 156 2084
76186 1619229 158 2098
76429 1623398 236 2301
76616 1620755 181 2175
76794 1617688 172 2171
77015 1620976 214 2222
77235 1621219 213 2197
77484 1621386 242 2238
77751 1614835 260 2161
78100 1617756 342 2141
78293 1618596 187 2164
78551 1619519 251 2152
78779 1618599 220 2070
78935 1617945 149 2112
79123 1615419 181 2141
79325 1617133 195 2144
79536 1621825 205 2232
79743 1617679 201 2168
79917 1618272 168 2061
80143 1616719 219 2144
80323 1616119 173 2060
80548 1622088 219 2236
80726 1620553 171 2098
80896 1616347 163 2045
81120 1618920 217 2198
81343 1622033 217 2258
81538 1618071 189 2099
81780 1619224 235 2148
81972 1620609 185 2230
82167 1618216 188 2066
82436 1618609 263 2167
82648 1619343 206 2160
82837 1620203 182 2100
82991 1620097 147 2072
83135 1615298 138 2062
83330 1620655 188 2135
83535 1615557 199 2022
83777 1619849 236 2213
84013 1620665 229 2162
84305 1621055 284 2158
84459 1619247 148 2089
84654 1615563 188 2151
84892 1621866 231 2199
85168 1616564 270 2163
