fo time ls_time n_ls_moves
182 8066910 182 2932
508 8065596 279 3079
832 8070137 283 3138
1120 8067085 247 2981
1409 8067651 248 2937
1656 8067917 201 2941
2067 8067312 370 3058
2519 8072483 408 3391
2816 8073634 256 3019
3128 8081323 268 3282
3357 8071786 188 3095
3587 8061527 190 2832
3896 8065901 268 3097
4109 8064577 171 2925
4376 8072060 226 3134
4643 8067363 226 2941
4900 8063434 214 2967
5153 8062106 212 3055
5509 8070822 315 3151
5785 8064009 233 3029
6173 8069836 347 3141
6527 8069665 313 3009
6748 8060482 179 2825
7011 8063293 220 3052
7402 8071054 349 3258
7591 8059573 149 2818
7847 8060990 215 2992
8098 8058875 210 2865
8363 8066995 222 3093
8579 8070090 175 2747
9028 8065970 408 3215
9333 8066269 263 3010
9636 8062453 260 2958
9845 8057802 168 2860
10117 8072301 230 3125
10350 8076449 192 3049
10640 8072282 240 3071
10905 8060146 224 3015
11165 8064219 220 3112
11443 8065423 232 3002
11698 8066066 214 2934
12015 8058278 277 2929
12262 8068794 206 3067
12493 8061639 189 2987
12726 8068634 193 2915
12980 8066746 212 2982
13184 8065222 155 2891
13542 8069089 314 3146
13800 8071891 215 3078
13999 8054138 154 2648
14198 8061310 153 2987
14444 8061870 201 2876
14751 8058921 266 2966
14991 8066037 199 3090
15221 8062664 188 2759
15514 8059889 248 2966
15802 8062870 247 2866
16020 8065864 176 2781
16304 8066043 239 2999
16561 8067912 214 3041
16820 8070809 218 2963
17292 8073464 430 3210
17634 8071240 300 3133
17949 8067486 272 3149
18176 8058961 186 2785
18431 8066460 215 2811
18676 8061186 205 2960
19016 8071640 295 3167
19334 8065819 278 2994
19566 8067391 190 2906
19842 8060030 234 2909
20156 8070387 274 3026
20390 8061699 192 2882
20629 8068091 197 2998
20833 8063213 164 3036
21246 8070602 371 3131
21481 8063120 195 2918
21738 8066418 216 3043
21993 8070569 211 3105
22337 8069316 302 3193
22638 8069111 254 3115
22983 8072101 304 3103
23226 8065361 202 2900
23459 8067911 192 2998
23721 8063431 221 2913
24010 8057547 248 2821
24425 8069508 373 3179
24703 8068574 235 2999
24958 8063732 214 2929
25212 8064666 210 2783
25547 8065398 294 3075
25804 8063928 216 3024
26120 8067131 271 2988
26435 8062285 274 3095
26744 8067232 269 3111
27059 8070318 274 2935
27402 8072869 302 3271
27701 8069999 253 3048
27938 8058903 195 2937
28238 8068723 259 3077
28474 8058089 192 2890
28767 8060699 252 2893
29013 8066328 205 2884
29318 8068213 264 3159
29597 8066639 237 3124
30043 8066842 405 3181
30345 8072850 256 3342
30558 8062432 172 2892
30908 8067963 309 3166
31253 8071635 304 2982
31500 8060617 204 2940
31848 8067341 302 3075
32069 8069220 179 3000
32397 8067070 285 3042
32633 8066249 194 2920
32910 8064981 236 2950
33254 8066489 297 3232
33588 8066282 293 3058
33857 8064542 229 3020
34068 8064568 170 2943
34302 8065461 194 2980
34560 8064440 214 2940
34802 8062410 200 2943
35072 8059206 228 2710
35346 8066627 234 3036
35719 8066852 325 3013
35950 8063257 188 2938
36271 8071749 275 2963
36536 8065577 224 2882
36748 8058917 170 2671
37142 8069213 352 2972
37456 8075154 272 2917
37685 8060441 189 2681
38052 8073138 325 3194
38297 8067648 203 3013
38577 8069402 238 3112
38956 8066509 336 3130
39372 8060292 376 3022
39646 8061500 233 2912
39960 8058804 273 2904
40185 8062989 184 2935
40465 8066420 239 3088
40821 8065615 314 3085
41077 8066020 209 2898
41328 8060854 210 2979
41708 8069328 339 3102
41968 8064239 217 2904
42267 8068288 258 3176
42707 8070538 396 3322
42952 8063482 204 3127
43198 8066814 206 3101
43438 8067431 199 3021
43693 8068329 214 3099
43946 8067218 208 3042
44202 8062744 214 3094
44461 8068101 219 2914
44676 8063419 173 2864
44967 8066393 245 3003
45220 8063224 212 3117
45424 8056858 164 2788
45671 8066766 207 3021
46013 8062844 301 3106
46456 8064203 400 3142
46878 8072024 382 3150
47087 8064656 169 2927
47411 8070585 283 3118
47755 8061362 302 3030
47996 8065789 196 2921
48272 8071431 235 3106
48548 8060729 235 2940
48859 8064817 263 3085
49057 8063623 156 2829
49351 8054221 253 2949
49567 8060959 169 2787
49829 8062949 216 2911
50132 8063221 261 2961
50487 8068680 313 2978
50790 8074577 262 3085
51022 8061520 186 2892
51320 8070176 256 3214
51545 8063882 185 3002
51763 8064822 177 2860
51977 8062013 173 2897
52284 8068420 264 3016
52570 8066134 244 2977
52814 8066297 203 3110
53224 8067392 364 3196
53524 8055610 254 3012
53828 8063910 264 3033
54080 8066008 204 2952
54343 8065554 221 3053
54586 8060143 203 2871
54808 8063164 182 2898
55148 8061516 299 3076
55433 8059907 242 3086
55745 8075475 270 3196
56057 8067246 272 3126
56432 8068868 328 3027
56747 8072388 274 3098
57014 8058448 226 2857
57482 8071311 420 2967
57713 8065980 186 2803
58062 8070207 303 3141
58391 8069451 288 3183
58631 8069857 199 2951
58868 8067182 196 3063
59177 8067077 268 2939
59468 8073403 249 3171
59793 8064199 284 2988
60131 8069037 295 3160
60379 8064411 205 2826
60611 8059969 190 2898
60858 8069663 205 2962
61073 8062757 174 2746
61320 8065610 204 2931
61568 8066528 205 2894
61802 8066704 190 2884
62067 8064007 223 2920
62298 8063774 190 2723
62606 8073181 267 3166
62829 8065047 183 3002
63115 8067473 244 2975
63424 8065970 268 3063
63724 8055603 258 2916
64047 8077780 282 3130
64328 8074362 239 3102
64631 8056039 262 2854
64887 8066838 215 3066
65202 8064811 274 3059
65457 8067934 209 2945
65676 8063494 177 2887
65899 8058706 181 2711
66133 8060596 192 2957
66368 8063360 195 2912
66623 8067562 214 2946
66866 8065243 197 3014
67196 8073311 289 3217
67431 8064257 194 2950
67785 8073418 309 3209
67996 8063871 169 2740
68429 8076197 392 3301
68666 8071360 195 3054
69001 8070025 291 3249
69267 8064909 225 2938
69606 8061444 294 2952
69838 8064813 192 2894
70069 8059967 191 2826
70330 8064079 215 2962
70648 8069589 277 3191
70939 8068633 251 3178
71184 8070356 202 3035
71518 8074019 294 3381
71840 8071929 278 3336
72154 8074114 273 3167
72493 8069883 297 3131
72687 8054682 153 2816
72962 8065522 233 3191
73228 8067890 226 2971
73467 8061471 199 2878
73851 8070384 343 3186
74074 8064807 183 2937
74464 8067962 349 3162
74700 8066246 195 2976
74946 8061200 206 2948
75174 8056799 179 2801
75443 8068886 224 2989
75761 8067370 276 3128
76047 8064682 240 3040
76310 8067661 222 3089
76550 8067529 199 2949
76861 8063884 270 2973
77169 8068582 268 3049
77427 8061306 215 2955
77700 8065297 226 3074
77973 8069915 232 3079
78260 8070323 244 3015
78499 8062953 198 2899
78746 8068417 205 3049
79034 8064282 248 2972
79296 8064723 217 2927
79601 8065802 265 2966
79968 8066929 324 3095
80281 8062938 273 3086
80538 8070992 215 2889
80888 8071098 308 3238
81164 8071757 235 3060
81497 8072843 292 3186
81720 8062924 181 2785
81939 8065118 177 2805
82193 8067223 212 3029
82447 8072613 213 3094
82731 8062700 242 3094
83026 8070409 254 3255
83264 8071188 197 2874
83580 8068859 273 3165
83909 8076835 288 3187
84238 8079720 285 3178
84563 8072287 284 3195
84896 8069274 292 3265
85158 8069497 219 2870
