fo time ls_time n_ls_moves
93 862097 93 1135
199 866397 92 1220
310 860503 96 1086
414 863643 90 1155
535 862538 106 1187
641 864581 90 1183
761 861849 106 1225
871 866277 95 1212
998 864380 106 1209
1139 861931 115 1155
1241 861631 87 1127
1357 863598 102 1160
1462 863215 89 1155
1581 863314 102 1151
1684 862781 89 1127
1795 862141 91 1145
1910 863128 100 1176
2018 862192 93 1178
2135 863184 101 1193
2241 863940 92 1178
2360 864658 104 1215
2462 860955 86 1134
2579 861887 101 1152
2681 862841 88 1136
2828 863859 130 1154
2948 859291 104 1113
3058 864407 94 1210
3174 862008 100 1138
3277 861614 88 1142
3390 860655 99 1130
3490 862489 85 1104
3596 860648 91 1037
3704 865918 94 1254
3820 859839 98 1145
3936 865398 101 1218
4046 863710 93 1228
4164 860567 103 1132
4265 861916 85 1088
4378 863867 99 1152
4483 864089 91 1159
4603 865679 106 1234
4704 862754 86 1126
4819 861626 101 1093
4929 865885 95 1176
5044 859615 97 1088
5162 865232 103 1223
5269 864154 93 1171
5384 860052 100 1070
5489 865127 90 1174
5599 862346 95 1122
5704 864219 91 1173
5817 864417 98 1138
5917 861772 84 1109
6027 862879 94 1123
6132 864358 91 1171
6255 864409 108 1235
6361 863745 91 1175
6471 861544 87 1092
6583 861259 98 1157
6688 862626 90 1168
6811 861930 107 1161
6913 860465 87 1118
7028 865980 100 1158
7135 863783 90 1198
7245 863073 96 1117
7347 860309 88 1124
7463 863810 101 1178
7565 861909 87 1129
7676 861832 93 1090
7782 862186 92 1155
7888 863938 85 1111
7994 861414 91 1112
8104 860622 88 1125
8218 861262 99 1090
8318 862122 85 1099
8432 864525 99 1173
8536 865337 89 1154
8650 865227 99 1163
8756 864711 89 1163
8867 861726 97 1127
8973 863632 89 1171
9086 863313 98 1140
9182 861729 82 1089
9297 861865 97 1174
9404 859769 92 1142
9526 862113 94 1164
9633 860710 92 1069
9738 865904 90 1176
9847 862117 95 1107
9950 861587 88 1127
10069 865220 104 1203
10174 860906 89 1163
10296 864530 107 1257
10398 860196 87 1147
10513 862831 99 1156
10614 862923 87 1131
10736 862572 104 1159
10851 862197 101 1173
10961 863318 95 1193
11077 863592 101 1186
11179 861764 86 1108
11294 862647 100 1171
11400 863600 89 1178
11510 860530 96 1122
11619 863669 94 1219
11737 863991 100 1162
11836 858655 84 1082
11950 864094 94 1152
12072 861905 107 1189
12178 862869 90 1147
12295 862313 102 1142
12403 861321 89 1107
12522 863422 104 1148
12630 864344 92 1173
12746 863336 102 1167
12855 864831 94 1216
12967 863850 90 1119
13077 860812 96 1151
13186 864810 92 1172
13306 864647 104 1160
13407 862147 86 1128
13549 861283 101 1108
13656 864293 92 1185
13773 861372 100 1174
13876 862435 88 1111
13991 863707 92 1152
14111 862017 105 1207
14214 860455 89 1098
14329 864737 100 1158
14449 861906 105 1103
14570 862079 101 1143
14675 863188 90 1184
14793 859685 103 1075
14898 863556 90 1142
15013 864302 95 1185
15127 863657 99 1132
15231 863169 89 1141
15346 863020 101 1189
15446 861984 85 1084
15557 862976 97 1159
15658 861627 86 1127
15776 863250 103 1220
15883 865665 91 1199
16004 862015 106 1116
16107 861862 87 1162
16224 862504 98 1197
16331 860998 92 1164
16434 860651 83 1055
16554 865142 106 1249
16660 863387 88 1121
16771 860954 97 1138
16870 860075 84 1111
16982 861145 97 1130
17085 864845 88 1134
17202 863423 102 1189
17299 859498 81 1072
17420 863086 106 1135
17523 864282 88 1150
17642 865562 101 1176
17752 863247 95 1153
17865 863354 92 1163
17981 862557 102 1196
18089 863690 92 1187
18203 862249 99 1158
18306 862903 88 1136
18433 865297 113 1299
18541 865483 93 1203
18664 864383 106 1209
18773 861719 92 1122
18882 864269 91 1160
18994 862267 97 1131
19100 861988 92 1157
19212 863943 97 1136
19315 863456 89 1178
19429 862687 100 1142
19533 866762 90 1183
19652 863583 104 1205
19757 863520 90 1192
19867 862086 92 1105
19968 861429 87 1144
20099 865410 107 1151
20224 866229 110 1253
20327 860554 86 1096
20440 862437 99 1152
20540 860128 85 1102
20655 867295 100 1205
20761 863234 91 1208
20869 859537 94 1078
20975 861722 92 1210
21093 860485 101 1165
21200 863308 92 1150
21316 865703 93 1167
21431 862136 100 1188
21530 860421 85 1113
21642 862565 97 1145
21745 862553 89 1125
21858 860193 98 1151
21958 861476 85 1107
22071 863537 99 1158
22175 864875 88 1157
22293 863533 103 1182
22397 864610 90 1193
22518 864448 103 1219
22621 861737 89 1107
22736 865326 92 1169
22842 862544 92 1067
22945 858858 87 1109
23055 861390 96 1107
23161 862829 91 1189
23270 860986 94 1092
23372 861698 87 1104
23480 861871 94 1093
23582 863412 87 1131
23697 864068 100 1184
23797 863709 86 1129
23928 863632 116 1253
24041 861656 98 1227
24156 863375 94 1162
24267 863039 97 1116
24371 862577 89 1146
24482 860976 96 1122
24588 864071 92 1177
24702 862264 99 1160
24810 863847 92 1175
24918 862630 94 1111
25023 863291 89 1125
25140 863248 103 1115
25244 863921 89 1158
25361 862170 97 1149
25463 863419 88 1100
25575 861779 88 1100
25690 863587 100 1170
25791 862399 86 1093
25908 863649 102 1195
26016 862928 93 1194
26131 864253 100 1130
26232 862009 84 1088
26344 859095 98 1129
26445 862868 86 1135
26574 863346 115 1248
26671 859937 82 1083
26790 864005 98 1174
26897 861254 92 1103
27005 862206 90 1146
27117 863562 97 1153
27220 861952 88 1151
27330 863265 95 1112
27434 863471 89 1135
27550 861946 101 1098
27657 863496 87 1140
27787 864181 116 1172
27887 863500 85 1127
28002 861211 96 1133
28111 865389 95 1205
28225 865290 94 1199
28340 863391 101 1177
28442 863421 86 1125
28555 862835 99 1142
28658 861116 88 1131
28766 861959 94 1081
28869 863785 88 1139
28981 858754 97 1114
29088 864356 92 1215
29205 864784 102 1133
29310 864177 91 1209
29428 863904 100 1169
29539 861019 96 1166
29649 866062 92 1155
29764 864152 100 1150
29862 862491 83 1102
29976 864828 99 1128
30083 864824 92 1190
30199 862868 101 1182
30303 863177 88 1155
30419 862367 101 1081
30521 863416 88 1159
30632 860657 93 1103
30743 861769 97 1125
30862 862664 92 1155
30966 862340 90 1118
31072 863462 90 1080
31176 861811 89 1149
31287 862994 94 1130
31394 863193 92 1170
31502 862633 87 1124
31616 860905 99 1078
31722 862292 90 1185
31837 864235 101 1177
31934 859908 82 1058
32046 860871 97 1096
32150 862770 89 1166
32260 861322 96 1116
32358 860624 83 1102
32468 863085 95 1087
32574 862723 90 1158
32690 863618 102 1173
32797 864273 91 1188
32921 866038 106 1236
33030 862179 94 1084
33131 860706 86 1086
33242 863617 96 1118
33344 861752 87 1111
33456 863843 98 1140
33560 860556 90 1150
33676 862530 101 1159
33780 864189 89 1166
33893 861051 98 1106
33996 862427 87 1147
34113 865367 103 1236
34211 861130 83 1080
34367 863396 136 1149
34520 862797 135 1176
34651 863467 109 1151
34762 861844 93 1120
34872 861844 95 1123
34978 861558 89 1167
35094 862145 101 1127
35202 866380 89 1134
35321 862817 104 1143
35419 863330 84 1104
35542 863090 108 1180
35644 862892 87 1111
35762 861026 97 1166
35877 865260 100 1169
35981 861035 88 1132
36094 863262 98 1130
36204 864090 96 1218
36322 865639 103 1198
36425 860526 86 1140
36541 864001 101 1166
36638 861005 83 1102
36747 859520 94 1106
36852 861899 90 1198
36973 861867 101 1104
37078 862601 90 1146
37189 865919 90 1172
37300 861679 96 1134
37412 864870 97 1222
37524 862701 97 1130
37625 862698 86 1113
37741 865298 102 1182
37840 861224 82 1070
37952 862728 97 1101
38054 864649 87 1143
38171 859781 103 1134
38279 862947 93 1211
38395 863487 94 1109
38497 861953 88 1132
38607 863521 88 1147
38720 863257 99 1166
38821 858991 85 1094
38936 862292 101 1182
39039 863203 87 1104
39150 859226 97 1125
39251 862513 86 1117
39365 861264 99 1117
39464 861738 84 1119
39584 864405 106 1153
39692 863936 91 1199
39804 861626 95 1093
39901 862596 83 1092
40013 862310 94 1135
40122 863153 93 1158
40233 861606 90 1150
40355 864271 107 1261
40461 865208 91 1144
40574 864227 99 1166
40677 865822 88 1166
40800 865441 108 1133
40907 863984 93 1254
41027 863636 105 1195
41128 860189 86 1111
41243 863087 95 1156
41346 861949 88 1106
41454 863730 88 1115
41570 862546 101 1178
41679 865216 93 1180
41794 865588 101 1162
41899 865398 90 1146
42012 864075 99 1157
42112 863956 85 1077
42233 862095 106 1087
42337 863508 90 1156
42448 860648 93 1070
42559 864617 95 1175
42674 860422 93 1085
42782 861724 94 1159
42898 861996 94 1110
43021 865314 108 1255
43122 862653 86 1103
43230 863293 94 1086
43329 863030 84 1109
43451 862028 107 1177
43548 860034 82 1081
43664 864946 102 1184
43774 864107 94 1199
43891 862664 98 1204
44006 861841 99 1174
44110 861822 88 1134
44222 861670 97 1158
44324 860565 87 1162
44437 861253 99 1141
44542 864970 90 1150
44656 863106 99 1141
44761 861748 89 1167
44882 863250 107 1174
44993 864567 96 1179
45105 861338 93 1148
45223 863155 104 1210
45327 860792 89 1150
45444 863440 102 1174
45546 863794 86 1137
45655 862575 94 1097
45759 864032 89 1178
45876 863957 103 1180
45976 863099 85 1111
46097 863941 106 1172
46202 864206 89 1175
46314 860307 95 1109
46421 863899 92 1162
46534 862449 92 1182
46644 861759 95 1134
46745 861080 86 1130
46857 863669 97 1138
46967 864043 93 1199
47083 864313 102 1180
47188 863517 88 1154
47307 863114 105 1231
47412 862374 90 1194
47538 865852 108 1222
47651 863362 98 1175
47762 865972 95 1211
47871 864037 95 1118
47980 864888 94 1225
48089 862162 94 1089
48198 862140 94 1176
48314 863526 100 1129
48420 864864 91 1190
48538 864626 103 1213
48638 865336 85 1133
48761 862341 98 1131
48874 862714 98 1151
48977 860449 88 1100
49084 862785 92 1067
49187 863429 88 1151
49303 867105 101 1194
49409 866335 91 1180
49523 865239 100 1182
49629 861832 89 1173
49740 860521 96 1127
49842 862097 87 1137
49960 861689 104 1158
50063 862793 88 1128
50183 863225 100 1205
50299 862705 101 1184
50413 863753 97 1179
50538 863540 108 1184
50645 862912 92 1203
50763 862883 103 1183
50867 863218 89 1184
50984 863788 99 1168
51088 863676 89 1147
51200 864286 92 1167
51322 862370 107 1162
51433 864981 95 1210
51544 863164 96 1096
51643 859981 84 1113
51756 863223 98 1139
51862 864737 91 1205
51973 862529 97 1097
52080 863475 92 1200
52196 865168 100 1191
52298 863638 86 1139
52417 863482 102 1206
52536 863428 104 1176
52638 862041 87 1083
52755 864768 103 1166
52855 860898 85 1088
52971 862796 101 1163
53077 863535 90 1161
53197 863920 106 1166
53301 866723 90 1165
53421 865577 103 1227
53528 862798 92 1164
53645 863282 94 1186
53759 860229 100 1178
53870 862588 96 1218
53986 864771 101 1119
54092 863010 90 1172
54210 862989 103 1142
54313 863069 88 1164
54428 863723 101 1124
54532 864189 88 1160
54650 863503 101 1191
54765 864576 100 1183
54864 859928 82 1041
54978 862588 100 1180
55079 861167 86 1134
55196 863690 103 1153
55304 859971 92 1155
55420 864138 102 1198
55528 863922 91 1182
55644 864454 102 1174
55748 863187 89 1152
55862 862406 97 1117
55964 861641 88 1092
56078 863285 92 1161
56186 862081 93 1100
56289 862011 86 1103
56399 862423 95 1108
56500 859465 87 1093
56627 865968 112 1207
56739 864085 97 1214
56856 864463 102 1190
56962 863007 91 1176
57081 865697 101 1167
57187 864586 92 1166
57301 863785 92 1185
57408 860566 93 1105
57514 862229 91 1195
57628 862990 99 1175
57732 862605 90 1129
57857 862197 111 1114
57965 859921 86 1111
58086 863056 107 1133
58187 863448 86 1109
58307 865809 102 1244
58406 861589 84 1087
58519 865222 92 1150
58632 863751 99 1163
58735 861155 87 1140
58846 861547 97 1123
58950 859113 89 1108
59073 863135 108 1184
59177 862667 89 1130
59295 862413 104 1189
59400 863602 90 1194
59514 860145 96 1111
59619 862735 91 1148
59729 863286 90 1120
59840 863895 96 1163
59954 862909 98 1210
60070 862513 101 1168
60176 863368 91 1188
60291 863798 100 1134
60394 861144 87 1137
60515 863286 106 1119
60617 862233 87 1144
60736 862955 101 1170
60852 865149 101 1219
60956 863065 87 1108
61066 864463 96 1105
61169 861493 87 1149
61284 862649 100 1137
61390 863058 91 1177
61503 860874 98 1119
61604 864410 86 1136
61727 864845 108 1216
61832 863178 89 1142
61951 862481 103 1132
62055 863764 89 1146
62165 862624 90 1148
62275 863116 95 1155
62380 861722 88 1132
62490 860282 95 1118
62596 864396 91 1155
62705 860541 95 1119
62808 861944 88 1157
62928 866308 106 1256
63028 861229 83 1101
63155 864451 112 1192
63256 864420 86 1137
63369 861608 95 1146
63473 861971 89 1141
63585 860197 92 1158
63693 861915 93 1175
63804 863042 92 1150
63918 862181 100 1148
64025 864165 91 1195
64136 861088 97 1096
64239 861839 88 1131
64362 862899 108 1149
64467 863752 89 1183
64587 863862 106 1199
64688 863984 85 1123
64800 862857 95 1121
64912 864770 98 1203
65021 862775 90 1129
65136 861603 100 1199
65239 863917 88 1159
65349 860926 96 1069
65461 863472 93 1195
65590 864640 114 1240
65694 864284 89 1153
65817 863172 106 1147
65920 863156 88 1112
66030 863587 88 1156
66129 859348 84 1061
66238 864970 89 1149
66349 862287 96 1141
66456 862993 92 1171
66569 863847 99 1181
66676 863312 92 1210
66796 865354 106 1243
66895 861501 84 1095
67012 862128 103 1124
67112 863766 86 1112
67228 863688 101 1145
67333 861694 89 1157
67445 863766 95 1139
67564 865448 103 1249
67672 863477 93 1173
67782 861144 95 1094
67885 865261 88 1164
68001 862697 102 1154
68103 860612 88 1158
68216 860503 98 1132
68323 863724 90 1203
68447 863066 109 1178
68555 862641 92 1169
68666 863260 92 1143
68775 862320 94 1149
68881 861832 89 1127
69001 864225 105 1221
69100 862158 84 1102
69214 864017 99 1150
69317 863826 88 1138
69432 862489 101 1149
69533 862093 86 1120
69649 861697 102 1128
69753 863023 89 1155
69874 861415 105 1186
69982 864885 93 1153
70099 862499 91 1158
70210 862654 96 1133
70310 861896 85 1109
70426 860068 101 1198
70530 864067 90 1170
70641 860791 96 1118
70748 861555 90 1152
70862 862968 99 1173
70965 863371 89 1161
71085 861908 105 1107
71187 861524 86 1115
71301 863920 96 1148
71404 862277 88 1124
71513 861688 88 1147
71617 861842 89 1087
71728 860140 93 1168
71840 863415 97 1136
71945 860460 90 1123
72052 861561 93 1117
72156 863016 88 1153
72275 862447 105 1130
72376 861480 86 1126
72497 864452 107 1205
72601 863134 88 1161
72712 863271 93 1107
72813 862016 87 1147
72931 863076 100 1186
73046 862357 100 1190
73160 862939 95 1154
73278 863252 103 1135
73385 864173 89 1144
73490 860434 91 1047
73598 864803 91 1204
73723 863435 111 1164
73826 863556 88 1161
73942 862801 97 1129
74046 862124 90 1146
74154 860669 88 1139
74270 861849 101 1129
74378 862334 92 1181
74485 861796 92 1076
74587 861029 86 1091
74703 863731 101 1199
74799 862058 81 1072
74906 864830 93 1091
75010 863641 88 1137
75128 860658 103 1146
75229 861451 83 1085
75342 863886 98 1151
75446 864082 90 1152
75565 865620 104 1208
75677 865955 97 1217
75787 859982 89 1119
75887 860528 85 1095
75998 864862 90 1160
76110 861661 97 1163
76211 863197 86 1126
76327 862308 101 1133
76431 863135 90 1144
76547 862957 101 1179
76655 861661 93 1207
76774 866936 105 1219
76872 862664 83 1094
76991 861799 105 1192
77092 860505 86 1098
77204 863938 94 1159
77309 864720 90 1123
77422 863094 91 1169
77534 861522 97 1089
77645 865031 96 1238
77769 862556 109 1176
77870 860235 86 1138
77978 861262 93 1059
78083 862633 89 1160
78195 863434 97 1110
78300 864754 90 1174
78413 863404 96 1169
78523 865301 95 1227
78640 861365 96 1202
78754 860672 99 1181
78859 862039 88 1135
78976 864426 103 1163
79083 862159 92 1190
79196 861621 98 1124
79299 861192 86 1102
79414 863335 101 1153
79516 861996 88 1158
79630 862525 97 1167
79731 862689 87 1117
79843 861440 94 1114
79961 863714 103 1195
80068 862511 91 1139
80185 865258 102 1223
80297 864017 90 1156
80414 863504 102 1137
80520 864477 91 1182
80644 863856 109 1120
80747 863200 88 1159
80871 864828 103 1170
80989 864107 103 1191
81090 862140 86 1088
81205 862800 100 1169
81314 863271 95 1231
81431 866108 102 1216
81533 864705 87 1160
81648 862362 101 1091
81752 863850 89 1145
81867 862996 98 1126
81974 862752 92 1178
82081 862081 87 1124
82193 863511 96 1176
82302 863876 93 1186
82411 862103 94 1097
82523 863955 96 1230
82633 861418 96 1131
82730 861047 82 1073
82844 862115 100 1131
82949 860396 88 1128
83072 861387 109 1178
83173 861326 84 1083
83291 862067 101 1142
83397 862388 90 1149
83509 862155 90 1174
83622 862834 98 1183
83727 864421 91 1176
83834 861495 92 1072
83939 861827 91 1145
84052 864336 98 1149
84154 861392 87 1117
84274 864912 105 1173
84378 862477 86 1144
84493 861818 101 1133
84593 861027 85 1097
84708 863955 99 1178
84805 859538 82 1090
84922 864756 100 1176
85026 861714 88 1136
