fo time ls_time n_ls_moves
53 1603259 53 2120
113 1601628 53 2100
174 1601512 55 2096
238 1606386 56 2246
297 1607908 52 2132
358 1603250 55 2156
424 1607808 59 2178
487 1605369 56 2168
552 1606023 57 2151
618 1604995 59 2173
677 1603379 52 2082
736 1604050 53 2090
807 1603857 64 2162
864 1606547 51 2120
922 1604036 51 2044
998 1602554 70 2232
1086 1603819 79 2191
1147 1604978 54 2131
1211 1605463 58 2053
1269 1603887 51 2041
1332 1602033 57 2150
1400 1604946 62 2044
1466 1603156 59 2160
1529 1605090 56 2158
1589 1604713 54 2149
1654 1605368 56 2181
1711 1600032 50 2033
1770 1607375 52 2109
1833 1604223 57 2145
1893 1605322 53 2073
1953 1601868 54 2184
2014 1600816 54 2063
2078 1602778 56 2165
2140 1602569 55 2133
2201 1604381 55 2137
2267 1601064 56 2088
2326 1601943 53 2112
2385 1604864 52 2126
2458 1603684 65 2200
2518 1606784 54 2136
2582 1606459 57 2273
2650 1605294 62 2250
2712 1604734 55 2236
2769 1604897 51 2093
2838 1606430 62 2181
2897 1602312 53 2078
2962 1604014 58 2188
3033 1607864 65 2284
3095 1607366 56 2199
3156 1603564 54 2079
3216 1602752 54 2082
3286 1602538 63 2051
3344 1602175 52 2080
3400 1603203 50 2004
3473 1604019 65 2088
3531 1601425 52 2066
3597 1610254 59 2278
3665 1601699 61 2036
3733 1606971 62 2267
3790 1602960 51 2091
3861 1606717 64 2196
3920 1603832 53 1989
3979 1601917 53 2144
4041 1603802 56 2035
4106 1604587 58 2171
4166 1602277 53 2057
4234 1610644 62 2296
4297 1604090 53 2163
4355 1601331 52 2133
4413 1605038 51 2104
4476 1601283 57 1932
4534 1602747 52 2066
4594 1602651 54 2090
4658 1599823 57 2086
4723 1605098 58 2164
4784 1605014 54 2160
4848 1603186 58 2165
4914 1607374 58 2152
4972 1604594 51 2088
5035 1601776 56 2144
5110 1606056 67 2154
5167 1605402 51 2167
5225 1602648 51 2103
5293 1605435 62 2199
5355 1606662 55 2223
5415 1602391 53 2106
5479 1604079 58 2083
5542 1606012 57 2210
5600 1602238 52 2104
5664 1605640 58 2119
5726 1603318 55 2068
5789 1605449 56 2194
5851 1603827 55 2138
5916 1601800 59 2182
5983 1605699 60 2203
6042 1602202 53 2042
6109 1603919 58 2074
6171 1602416 56 2097
6229 1604230 52 2146
6297 1603724 61 2065
6359 1607499 56 2183
6419 1604640 54 2127
6489 1601349 63 2023
6548 1602718 53 2179
6607 1604028 52 2094
6665 1604323 52 2074
6731 1605046 59 2165
6794 1606641 55 2206
6850 1603227 50 1996
6915 1604327 59 2068
6979 1605674 57 2138
7041 1599931 55 2148
7100 1598793 53 1950
7163 1604339 56 2125
7227 1603851 57 2196
7289 1604106 56 2046
7351 1604473 54 2148
7410 1606303 53 2118
7471 1608042 54 2166
7530 1604960 52 2016
7596 1604701 59 2175
7652 1605672 50 2014
7719 1600438 61 2116
7778 1602758 52 2074
7838 1602462 54 2139
7907 1601100 62 2132
7965 1600330 52 2083
8025 1600564 53 2157
8088 1604322 57 2128
8157 1606461 62 2288
8223 1606646 60 2180
8282 1600304 53 2079
8343 1601640 54 2036
8398 1601825 49 2011
8459 1605851 55 2212
8526 1604657 61 2185
8587 1604704 54 2033
8644 1604986 50 2100
8703 1601114 53 2119
8767 1603111 55 2146
8832 1602449 58 2124
8892 1603733 54 2065
8956 1602795 57 2104
9017 1605733 55 2249
9081 1604931 57 2155
9151 1603555 64 2079
9214 1604657 57 2145
9278 1605770 57 2104
9344 1602905 59 2099
9410 1602807 60 2169
9468 1604540 52 2141
9535 1603926 60 2193
9598 1605255 57 2165
9659 1605643 55 2180
9722 1604551 57 2168
9794 1602310 64 2128
9850 1602428 50 2029
9915 1604434 58 2151
9985 1605972 63 2077
10045 1605877 54 2199
10106 1605466 54 2086
10175 1605387 61 2192
10238 1606989 57 2184
10300 1603059 55 2117
10367 1606793 61 2021
10431 1602919 57 2079
10488 1603628 50 1996
10552 1601540 58 1982
10615 1603687 57 2057
10674 1605595 52 2202
10738 1604433 57 2092
10802 1608760 56 2192
10859 1603590 50 2032
10920 1606681 54 2091
10987 1603131 60 2082
11047 1606369 53 2152
11105 1606221 51 2066
11169 1603431 57 2108
11228 1603683 53 2120
11287 1602487 53 2086
11360 1605374 66 2199
11422 1606557 55 2184
11479 1605023 51 2081
11543 1604075 57 2161
11608 1602985 57 2146
11673 1605388 59 2203
11742 1607974 63 2303
11808 1603497 56 2043
11868 1604775 54 2088
11931 1604161 57 2142
11993 1603698 55 2061
12053 1605202 53 2153
12113 1606593 53 2216
12177 1602962 58 2112
12235 1602717 52 2024
12294 1603793 52 2117
12357 1604560 57 2145
12429 1610194 62 2295
12494 1605015 59 2244
12552 1602534 52 2107
12617 1604509 58 2058
12678 1606459 54 2092
12739 1607693 55 2232
12803 1603504 58 2140
12864 1605466 55 2225
12922 1604250 51 2104
12982 1597943 54 1972
13041 1604005 52 2040
13099 1604505 52 2089
13159 1602729 53 2118
13230 1605029 63 2201
13290 1603589 53 2129
13352 1603201 55 2083
13420 1608230 62 2214
13481 1604927 55 2185
13541 1605581 54 2203
13605 1599800 57 2073
13662 1603177 51 2012
13721 1602989 53 2085
13786 1607690 58 2219
13849 1605121 57 2144
13911 1603207 54 2119
13969 1606705 52 2132
14036 1604978 61 2140
14095 1599862 51 2037
14151 1602651 50 2085
14214 1603265 56 2039
14276 1606338 56 2217
14338 1604705 56 2142
14399 1605111 54 2133
14468 1606672 60 2198
14526 1605055 52 2099
14584 1603629 52 2160
14654 1603140 62 2123
14715 1601840 54 2075
14773 1604907 52 2190
14842 1607670 62 2188
14903 1604263 55 2262
14963 1601017 53 2129
15035 1608560 66 2256
15095 1601689 53 2054
15156 1603552 54 2188
15220 1604937 58 2117
15284 1606889 56 2131
15346 1604901 56 2284
15416 1607446 64 2276
15482 1609056 57 2160
15546 1605033 58 2160
15613 1603977 60 2217
15678 1603756 59 2134
15737 1602332 52 2044
15799 1604641 56 2170
15870 1604377 65 2191
15931 1608926 54 2148
15995 1605570 58 2144
16063 1603194 61 2173
16124 1605618 55 2195
16184 1600349 53 2108
16248 1601075 58 2056
16309 1602162 54 2120
16367 1601097 51 2035
16426 1605111 53 2130
16486 1602078 52 2009
16545 1604121 53 2042
16608 1603315 56 2115
16671 1603215 57 2131
16734 1605754 56 2258
16792 1604177 51 2083
16855 1601737 57 2072
16916 1604893 55 2079
16973 1605622 50 2132
17033 1604120 54 2184
17101 1603797 61 2188
17164 1605429 55 2094
17225 1605607 54 2152
17298 1601368 66 2092
17363 1604754 58 2157
17421 1605849 51 2085
17488 1606769 61 2133
17547 1600924 52 2070
17606 1608732 53 2145
17671 1598462 58 2085
17734 1603298 56 2137
17791 1606633 51 2115
17853 1599754 55 2012
17923 1606164 63 2135
17987 1604943 58 2250
18060 1607889 66 2409
18130 1607833 61 2194
18190 1603628 54 2170
18250 1607370 53 2028
18316 1602083 59 2120
18382 1605576 59 2254
18442 1602372 53 2110
18507 1607787 58 2132
18565 1601639 52 2036
18624 1606203 52 2136
18692 1598361 62 1991
18753 1606868 55 2121
18815 1606563 55 2221
18886 1603335 64 2137
18949 1603871 57 2164
19009 1606032 54 2064
19069 1602785 53 2121
19133 1603602 56 2118
19191 1606925 52 2103
19249 1604140 52 2175
19313 1602548 57 2071
19370 1603642 51 2101
19426 1602586 50 2049
19492 1604227 59 2152
19557 1605971 58 2265
19613 1604462 50 2089
19676 1605621 57 2173
19739 1604013 55 2092
19797 1605956 52 2133
19882 1600538 52 1979
19949 1605619 59 2124
20011 1602328 55 2189
20070 1601239 53 2067
20135 1601519 57 2047
20199 1603796 57 2179
20267 1604611 62 2210
20338 1608487 65 2288
20394 1604163 50 2066
20453 1605366 52 2133
20524 1602914 64 2146
20584 1602993 54 2074
20641 1604867 51 2104
20711 1605867 63 2137
20774 1603499 56 2105
20834 1606878 54 2107
20894 1602602 54 2080
20956 1606813 55 2035
21016 1605012 53 2145
21074 1602139 52 2072
21145 1604305 64 2206
21206 1604524 55 2134
21266 1606946 53 2101
21337 1602873 65 2155
21399 1600835 55 2092
21457 1605344 52 2161
21522 1606174 59 2096
21585 1607089 56 2226
21647 1606857 55 2124
21712 1606224 59 2225
21772 1604816 51 2047
21834 1605593 55 2107
21887 1603023 47 2009
21955 1603123 61 2072
22013 1606572 52 2159
22074 1605498 55 2142
22140 1605640 60 2109
22197 1602920 50 2050
22257 1607003 53 2174
22317 1601111 54 2113
22382 1604287 58 2222
22443 1607959 54 2157
22503 1601832 54 2072
22576 1602945 66 2196
22639 1605859 56 2219
22698 1604945 53 2083
22768 1603751 64 2101
22828 1606216 53 2102
22886 1600243 51 2065
22953 1600912 61 2194
23011 1601163 51 2096
23066 1603756 49 2037
23125 1603487 53 2060
23191 1604811 59 2152
23249 1604361 52 2026
23308 1601837 52 2146
23373 1607225 58 2130
23435 1604156 55 2124
23498 1603076 57 2054
23565 1604585 61 2111
23624 1599515 52 2042
23680 1600333 50 2060
23744 1603196 57 2168
23804 1600952 52 2047
23863 1603354 52 2074
23923 1600350 54 2069
23996 1606356 66 2204
24053 1603386 50 2023
24114 1605927 55 2243
24184 1605483 63 2145
24244 1604173 54 2094
24301 1601792 50 2110
24366 1606586 59 2110
24427 1602358 54 2103
24487 1602092 54 2131
24549 1603786 56 2079
24609 1603533 54 2057
24670 1604956 54 2145
24727 1601778 50 2025
24794 1602391 61 2065
24856 1605849 55 2176
24913 1605799 51 2106
24982 1604366 63 2145
25046 1608812 57 2242
25107 1602419 56 2157
25166 1603466 53 1991
25231 1605447 54 2089
25307 1605489 54 2109
25369 1601422 56 2118
25434 1604036 56 2101
25492 1607442 52 2076
25550 1602134 52 2039
25626 1607179 69 2284
25688 1606628 55 2217
25749 1603919 55 2104
25820 1604340 64 2172
25880 1601868 53 2111
25936 1601495 49 2028
26002 1604546 60 2178
26062 1608081 54 2184
26126 1607226 57 2230
26193 1606831 61 2263
26254 1600303 54 2119
26311 1603803 51 2028
26370 1603788 53 2150
26432 1603757 54 2028
26491 1605505 53 2098
26555 1601112 57 2141
26627 1604278 65 2156
26689 1601675 56 2063
26742 1599350 47 1969
26807 1601811 58 2051
26870 1604630 56 2157
26927 1602529 51 2049
26990 1601060 56 2134
27053 1605361 57 2228
27113 1606706 53 2096
27173 1603968 54 2151
27239 1601322 59 2053
27304 1604369 58 2185
27365 1603875 55 2208
27428 1600787 56 2001
27486 1602086 52 2011
27546 1602364 54 2111
27615 1602355 63 2141
27675 1602800 53 2026
27733 1601495 51 2138
27794 1604179 54 2132
27860 1602038 59 2075
27918 1603525 52 2106
27977 1606256 52 2152
28047 1605684 63 2168
28104 1603106 51 2089
28162 1603183 52 2150
28227 1600868 59 2079
28289 1605794 55 2209
28349 1606861 53 2093
28408 1604477 53 2067
28475 1601882 60 2117
28535 1602472 54 2116
28599 1607287 57 2192
28662 1603674 55 2047
28720 1603608 51 1955
28776 1605729 50 2073
28842 1605087 60 2128
28900 1600716 51 2040
28956 1606486 50 2113
29015 1602879 52 2055
29077 1602508 56 2084
29133 1607764 50 2097
29193 1606937 53 2179
29261 1603846 61 2070
29317 1602579 50 1957
29372 1599980 49 1983
29439 1605888 61 2119
29504 1604588 58 2170
29563 1602654 52 2124
29627 1606534 58 2183
29695 1609487 62 2224
29754 1603541 52 2071
29809 1601655 49 2070
29875 1606503 59 2123
29934 1605713 52 2123
29992 1602762 52 2067
30054 1604723 55 2101
30116 1605417 55 2101
30172 1603665 50 2109
30229 1602876 50 2060
30293 1607578 57 2144
30350 1602679 51 2070
30409 1603363 52 2090
30476 1605245 61 2051
30536 1602531 53 2080
30596 1602527 53 2086
30656 1604462 54 2096
30722 1607235 58 2193
30786 1603056 57 2255
30850 1604539 58 2204
30910 1606773 52 2093
30969 1604107 52 2061
31028 1604098 52 2080
31092 1606344 58 2113
31148 1601228 50 2094
31204 1604168 49 1970
31272 1604685 61 2103
31331 1602742 52 2108
31400 1607830 63 2268
31471 1602224 63 2078
31532 1604010 52 2075
31593 1603577 55 2227
31653 1600243 53 2109
31715 1601741 55 2090
31773 1604686 52 2186
31837 1604505 57 2087
31909 1602593 65 2046
31973 1604768 57 2195
32028 1600157 49 2061
32093 1601794 58 2151
32156 1602970 57 2076
32212 1604302 50 2022
32277 1606572 59 2197
32336 1603219 51 2085
32399 1606278 56 2149
32457 1602622 52 2136
32524 1603382 60 2152
32584 1599794 52 2106
32643 1599638 53 2073
32709 1605633 60 2129
32767 1601881 51 2069
32825 1599320 52 2103
32884 1602724 52 2086
32941 1604329 49 2000
33000 1602889 53 2112
33057 1603433 50 2083
33132 1601337 69 2190
33193 1605734 53 2024
33253 1604145 53 2170
33320 1605455 61 2117
33385 1603789 56 2198
33443 1604694 52 2095
33508 1602386 59 2205
33576 1605678 61 2260
33632 1603709 50 2073
33696 1601904 58 2228
33759 1604876 55 2140
33821 1604342 56 2127
33880 1603059 52 2060
33945 1600825 57 2102
34010 1606158 59 2231
34069 1605887 53 2171
34131 1603358 56 2018
34195 1602911 57 2200
34255 1603134 53 2126
34314 1604701 53 1992
34377 1602766 56 2116
34434 1605433 50 2102
34496 1604448 56 2220
34565 1602157 62 2113
34623 1601043 51 2037
34684 1605975 54 2167
34750 1600494 59 2100
34811 1603905 55 2127
34873 1604794 55 2129
34938 1605600 59 2166
34996 1602304 52 2033
35054 1603862 51 2175
35117 1603344 57 2169
35184 1603762 58 2189
35246 1604899 55 2166
35304 1606051 52 2134
35365 1600924 54 2125
35425 1605345 53 2176
35486 1603909 55 2180
35551 1603672 58 2165
35611 1603388 54 2141
35674 1605609 56 2213
35735 1601043 55 2089
35802 1604149 57 2091
35859 1606093 50 2055
35925 1603981 60 2183
35988 1601266 56 1999
36045 1602394 51 1985
36105 1603977 53 2090
36174 1606803 63 2169
36238 1608245 57 2214
36296 1605471 51 2126
36363 1602436 61 2192
36423 1601637 54 2041
36484 1601479 54 2207
36548 1606551 57 2179
36613 1602475 57 2242
36669 1605080 50 2015
36731 1604056 56 2207
36795 1602980 57 2020
36857 1605784 56 2086
36916 1601057 53 2115
36981 1604861 58 2082
37041 1602230 53 2080
37100 1604199 53 2098
37171 1605371 64 2170
37228 1602951 50 2063
37287 1606638 53 2120
37350 1603467 57 2158
37412 1608094 55 2058
37477 1603713 57 2172
37535 1603076 52 2072
37603 1606770 61 2237
37666 1606392 57 2240
37724 1604195 51 2011
37789 1604518 59 2138
37846 1602840 51 2054
37906 1603642 53 2144
37974 1607745 62 2217
38035 1602671 54 2154
38094 1605476 52 2077
38152 1599458 52 2018
38213 1605180 55 2046
38272 1603392 52 2057
38334 1604682 55 2181
38400 1602696 59 2023
38463 1604129 56 2121
38524 1605189 54 2157
38588 1603412 58 2075
38646 1602103 52 2123
38700 1602640 48 2015
38758 1601028 51 2050
38825 1604236 59 2164
38885 1604058 54 2181
38942 1601086 51 2050
39003 1601503 55 2056
39061 1603903 51 2084
39121 1605428 54 2194
39185 1603733 58 2200
39253 1605338 59 2226
39315 1606703 55 2179
39378 1604968 57 2156
39441 1607462 57 2197
39503 1604008 55 2137
39561 1604757 52 2123
39628 1603986 61 2131
39688 1605658 53 2093
39749 1604300 54 2216
39818 1602054 64 2045
39880 1605155 55 2113
39935 1600968 48 2009
39999 1604006 58 2207
40061 1602395 55 2108
40124 1606691 56 2319
40180 1605707 49 2063
40245 1602608 57 2110
40303 1605242 52 2141
40364 1605093 55 2173
40432 1604499 61 2212
40492 1600281 54 2105
40553 1605192 54 2106
40619 1606061 60 2074
40685 1601021 57 2061
40741 1600412 50 2084
40801 1603776 54 2112
40875 1605999 67 2269
40938 1606473 56 2128
40999 1601075 54 2169
41068 1604113 63 2095
41127 1603498 52 2059
41183 1602490 49 2027
41256 1609164 67 2275
41320 1605122 57 2145
41382 1604318 56 2158
41451 1603180 62 2096
41519 1604102 62 2245
41578 1605481 53 2148
41640 1601440 56 2005
41703 1604530 57 2178
41760 1602892 50 2040
41823 1601693 56 2076
41886 1608918 54 2154
41946 1603332 54 2172
42004 1602931 51 2145
42075 1605928 65 2167
42131 1602475 49 2043
42189 1603373 52 2082
42254 1601588 58 2084
42312 1601814 51 2016
42375 1602104 57 2160
42451 1605250 70 2221
42522 1608409 63 2331
42584 1603205 55 2112
42648 1605988 58 2173
42706 1606029 51 2071
42762 1601797 49 2103
42829 1606826 61 2233
42893 1604843 58 2174
42950 1600781 50 2026
43007 1602541 51 2108
43072 1603346 58 2110
43138 1608790 60 2185
43196 1605610 52 2098
43261 1604326 58 2165
43320 1606354 52 2149
43379 1605802 53 2181
43437 1601465 51 2031
43502 1602454 58 2106
43563 1604338 55 2145
43621 1605195 52 2128
43690 1603768 62 2112
43750 1605323 54 2081
43811 1605597 55 2168
43878 1601814 60 2135
43936 1602137 52 2024
43989 1598981 47 1954
44060 1605567 64 2185
44126 1603635 57 2144
44187 1605411 54 2109
44245 1605027 52 2036
44310 1607553 58 2066
44375 1606261 58 2225
44437 1606106 56 2284
44507 1603182 63 2141
44570 1605220 57 2168
44630 1603762 53 2100
44695 1602003 59 2130
44757 1605760 55 2196
44816 1603974 52 2132
44885 1604500 62 2172
44941 1604264 50 2075
44998 1607742 51 2144
45055 1598531 51 2084
45127 1602054 64 2129
45191 1601233 57 2155
45250 1606299 52 2110
45321 1607616 65 2247
45386 1606966 59 2266
45445 1601351 51 2013
45513 1605924 62 2171
45570 1601077 51 1962
45634 1607232 57 2235
45696 1605814 56 2152
45758 1606899 55 2175
45819 1606460 53 2111
45879 1605656 54 2096
45942 1603341 57 2106
46004 1604477 55 2205
46063 1604948 53 2141
46130 1607332 61 2160
46188 1603928 51 2106
46247 1601973 52 2181
46318 1604149 64 2094
46375 1598815 51 1964
46434 1604499 52 2112
46497 1605969 56 2172
46575 1607071 70 2351
46630 1604480 49 1948
46688 1602901 52 2047
46757 1601463 63 2261
46817 1603749 53 2120
46877 1604783 53 2027
46943 1601538 60 2034
47003 1605968 53 2100
47064 1600386 55 2108
47133 1602656 63 2088
47193 1605227 53 2103
47254 1606774 55 2172
47321 1604866 60 2166
47379 1605003 52 2116
47439 1606317 53 2065
47497 1599329 51 2024
47565 1607058 62 2215
47630 1608959 59 2218
47688 1602298 51 2089
47762 1607076 68 2273
47823 1605029 55 2142
47885 1603818 55 2194
47946 1603109 55 1999
48008 1606104 55 2132
48066 1603117 52 2097
48133 1600820 61 2112
48204 1606716 63 2205
48264 1603490 53 2174
48334 1604617 64 2220
48398 1600734 57 2116
48460 1603103 55 2195
48522 1604934 55 2145
48593 1605014 64 2226
48655 1601513 55 2151
48716 1601507 54 2067
48782 1605162 59 2136
48844 1607139 56 2165
48904 1604680 54 2189
48971 1605311 61 2122
49035 1605281 57 2099
49094 1605393 52 2125
49165 1605500 64 2216
49228 1602413 57 2179
49286 1602703 51 2074
49352 1604147 59 2117
49408 1602134 49 2054
49468 1603286 53 2135
49525 1599133 51 2037
49587 1603003 54 2036
49649 1607727 56 2166
49708 1604547 52 2110
49773 1603474 59 2103
49836 1604947 56 2144
49894 1604590 52 2118
49959 1604247 58 2142
50018 1605820 52 2103
50077 1606500 53 2157
50140 1605369 57 2236
50203 1602279 56 2097
50267 1607983 58 2236
50325 1602754 52 2110
50396 1603988 64 2104
50453 1602753 51 2050
50514 1606680 55 2200
50579 1604789 58 2060
50641 1602539 56 2169
50702 1603795 55 2119
50767 1606375 58 2130
50832 1608496 57 2249
50891 1603820 53 2179
50948 1601117 51 2016
51012 1604094 56 2141
51067 1604446 49 2014
51128 1602249 55 2190
51193 1604182 59 2097
51252 1602829 53 2084
51310 1601393 51 2095
51370 1607500 54 2100
51434 1605044 55 2110
51493 1604313 53 2141
51551 1602395 52 2127
51624 1602454 66 2167
51689 1608888 58 2202
51753 1608999 58 2156
51826 1602515 67 2254
51888 1604301 55 2112
51947 1602590 52 2085
52011 1602893 58 2107
52075 1608359 58 2256
52134 1604013 52 2157
52198 1609328 58 2171
52263 1603575 58 2289
52323 1605088 54 2110
52394 1603955 64 2191
52458 1602236 57 2098
52516 1607602 52 2085
52578 1601867 55 2171
52640 1604972 56 2095
52704 1605566 57 2214
52762 1601782 51 2048
52830 1602287 61 2138
52888 1600253 52 2033
52948 1607883 54 2169
53014 1602311 59 2161
53073 1602607 52 2004
53133 1604885 53 2145
53194 1604052 54 2090
53257 1603051 56 2121
53316 1605302 52 2067
53376 1601582 54 2152
53442 1602693 59 2109
53499 1600433 50 2004
53558 1604133 53 2106
53621 1606265 57 2162
53681 1604048 54 2131
53736 1600145 48 2002
53805 1603812 62 2134
53869 1604982 56 2068
53933 1605834 57 2186
53991 1603111 52 2020
54055 1604874 56 2093
54117 1604581 56 2272
54174 1603413 50 2058
54241 1602363 60 1982
54301 1606197 54 2061
54357 1600379 49 2033
54417 1605948 53 2123
54480 1602724 53 2061
54536 1603589 50 2095
54595 1603243 52 2101
54661 1601317 60 2028
54719 1602940 52 2108
54775 1605980 49 2047
54846 1605868 65 2212
54910 1604418 57 2108
54971 1605857 54 2165
55039 1604168 62 2171
55107 1605478 61 2312
55166 1604020 53 2122
55222 1602265 50 1975
55291 1606775 62 2247
55351 1603538 54 2187
55410 1603170 52 2158
55483 1604643 66 2214
55543 1607291 54 2084
55600 1604163 51 2123
55675 1605370 69 2193
55738 1604081 56 2128
55800 1606263 55 2214
55866 1603817 60 1987
55929 1602069 56 2095
55991 1603928 55 2156
56059 1607098 61 2241
56123 1601338 58 2058
56184 1602108 55 2144
56242 1601132 51 2005
56314 1606201 64 2229
56374 1605794 54 2142
56434 1604637 53 2133
56500 1600783 59 2081
56557 1600427 50 1986
56619 1605978 55 2154
56683 1601428 57 2000
56744 1598703 56 2131
56809 1605887 58 2238
56878 1602542 63 2063
56939 1601510 55 2047
56996 1603465 50 2104
57063 1602080 60 2164
57127 1600262 55 2101
57186 1604092 53 2107
57243 1601974 50 2053
57309 1601044 59 2031
57367 1599743 52 2048
57427 1602650 53 2134
57495 1606560 62 2219
57554 1605160 52 2133
57615 1607435 55 2212
57681 1607841 60 2192
57739 1603855 52 2056
57799 1603908 53 2099
57860 1600832 54 2104
57925 1603887 59 2079
57987 1604774 56 2215
58047 1602457 54 2094
58113 1602383 59 2174
58178 1606973 59 2181
58237 1601481 53 2102
58304 1602235 60 2046
58364 1602168 54 2123
58426 1604581 55 2139
58493 1606706 61 2094
58556 1602214 55 2170
58615 1605103 53 2118
58675 1601421 54 2125
58742 1605556 60 2197
58804 1603464 55 2144
58867 1606441 57 2204
58930 1603301 55 2070
58990 1602354 53 2093
59046 1604039 50 2100
59111 1602882 58 2113
59173 1603378 56 2183
59230 1604734 50 2116
59293 1607115 57 2166
59350 1602951 49 1968
59413 1604592 57 2168
59470 1601558 51 1996
59544 1603851 67 2186
59602 1601533 51 2108
59665 1605272 57 2199
59736 1607199 64 2121
59796 1600542 54 2109
59851 1600663 48 2018
59918 1602876 62 2171
59980 1603200 55 2145
60037 1607463 51 2117
60099 1602838 55 2082
60165 1601925 59 2162
60224 1599969 53 2135
60282 1600803 51 2083
60349 1602562 60 2121
60409 1605584 54 2051
60469 1605068 53 2168
60536 1603617 61 2119
60599 1606717 57 2178
60657 1602590 52 2073
60727 1602562 63 2175
60792 1604349 58 2171
60851 1603809 53 2062
60921 1606525 63 2181
60988 1603117 57 2072
61048 1606043 54 2161
61107 1604105 53 2147
61171 1602573 56 2128
61238 1603956 61 2176
61299 1602425 54 2128
61364 1601139 59 2054
61421 1605793 51 2072
61483 1603037 55 2190
61549 1605563 60 2200
61608 1602339 52 2094
61666 1605354 53 2110
61726 1605737 53 2112
61791 1604580 58 2161
61846 1599444 49 1984
61904 1605186 51 2090
61971 1601413 61 2158
62029 1602143 51 2003
62090 1603853 54 2147
62167 1606094 70 2130
62222 1595610 49 1995
62281 1608253 53 2117
62349 1603754 62 2120
62408 1601075 51 1998
62468 1606003 54 2193
62538 1605423 63 2214
62603 1603426 59 2165
62662 1603231 52 2087
62719 1604856 50 1997
62787 1606652 61 2225
62845 1605569 52 2060
62902 1600341 50 2027
62967 1602305 59 2119
63023 1605711 49 2034
63083 1604033 53 2097
63149 1606648 60 2267
63220 1608711 62 2184
63280 1603416 54 2102
63336 1603939 49 2035
63407 1604266 64 2212
63471 1606351 57 2149
63528 1603816 51 2053
63597 1602126 63 2066
63660 1604867 57 2049
63720 1603260 53 2071
63789 1604513 62 2115
63850 1601615 54 2091
63910 1602797 54 2085
63973 1603205 56 2096
64031 1599290 51 1963
64088 1601823 51 2009
64148 1606513 53 2181
64211 1606581 55 2045
64271 1603789 54 2143
64330 1600554 52 2068
64394 1597082 58 2009
64454 1604900 53 2120
64514 1600800 54 2133
64573 1600790 53 2073
64643 1604021 61 2237
64702 1605754 52 2115
64761 1604479 52 2124
64834 1602894 66 2158
64890 1604094 49 2015
64948 1601125 52 2078
65021 1604776 66 2215
65081 1604328 53 2099
65141 1601521 54 2083
65207 1603230 60 2102
65272 1605435 58 2195
65330 1602280 51 2050
65390 1602671 54 2125
65451 1604258 52 2186
65513 1601084 55 2154
65579 1606949 59 2183
65641 1604122 55 2053
65701 1605569 54 2129
65760 1602037 53 2101
65829 1604774 62 2188
65889 1602786 53 2075
65950 1607266 54 2147
66018 1607152 62 2188
66084 1607931 60 2299
66146 1602927 56 2192
66214 1602518 61 2044
66278 1605222 58 2169
66340 1605854 55 2184
66398 1599112 52 2001
66463 1604121 57 2099
66527 1604599 57 2215
66586 1604453 53 2147
66656 1604179 62 2151
66716 1601502 54 2101
66780 1602937 57 2196
66843 1605189 57 2049
66900 1602106 51 2059
66961 1606638 55 2092
67026 1603296 58 2081
67093 1608072 60 2297
67150 1601884 50 2046
67215 1603427 59 2168
67271 1600590 47 2010
67328 1600599 50 2001
67389 1603416 55 2133
67456 1603977 60 2145
67512 1602657 50 1972
67570 1603414 52 2099
67651 1603144 74 2235
67717 1606379 60 2328
67775 1604866 51 2078
67839 1599938 57 2041
67898 1603607 53 2092
67964 1607659 58 2269
68022 1603689 52 2066
68092 1605287 62 2192
68157 1602913 59 2267
68220 1604896 56 2155
68291 1604288 64 2112
68357 1606562 60 2271
68413 1600761 50 1965
68476 1601303 55 2067
68536 1603990 53 2096
68594 1604604 52 2105
68660 1603943 60 2133
68720 1605908 54 2130
68785 1604685 59 2182
68844 1606300 53 2030
68918 1603824 60 2271
68974 1602613 49 2045
69033 1601488 53 2080
69101 1606201 61 2142
69165 1605648 58 2181
69227 1604164 55 2108
69291 1604687 57 2114
69348 1603594 50 2094
69402 1601447 49 2044
69466 1601970 57 2062
69524 1605673 52 2147
69584 1605353 53 2165
69643 1603078 53 2041
69707 1603165 58 2162
69767 1605939 53 2173
69827 1601851 54 2191
69897 1602712 64 2129
69958 1602920 54 1999
70019 1607316 54 2184
70091 1608350 66 2173
70152 1601283 53 2070
70208 1605796 49 2052
70282 1608447 68 2180
70347 1604912 58 2193
70408 1603380 55 2172
70468 1606259 54 2047
70532 1599232 57 2034
70593 1605811 54 2140
70655 1604706 56 2143
70723 1603954 60 2170
70783 1601318 54 2097
70843 1602870 54 2160
70913 1603638 63 2102
70980 1606852 60 2127
71039 1602765 52 2115
71101 1600121 56 2035
71158 1602779 50 2062
71218 1604574 54 2136
71278 1605186 54 2154
71338 1602322 51 1979
71397 1601289 52 2055
71458 1605816 54 2184
71527 1606374 63 2111
71595 1606990 61 2221
71651 1605470 50 2041
71718 1606462 61 2119
71773 1601980 49 2010
71832 1604115 53 2061
71899 1605738 60 2175
71956 1598483 50 2009
72020 1603462 57 2174
72081 1605380 55 2043
72145 1605449 58 2149
72202 1598051 50 2052
72261 1604479 52 2172
72326 1603735 58 2102
72392 1607210 60 2229
72457 1606340 59 2132
72523 1604784 59 2124
72586 1606148 57 2269
72643 1599842 51 2136
72711 1606095 61 2167
72771 1605435 54 2148
72830 1603013 52 2087
72892 1601845 56 2080
72958 1602596 57 1996
73017 1600482 52 2125
73075 1602858 52 2094
73144 1605615 62 2149
73200 1602249 49 2032
73256 1603677 50 2075
73319 1603402 57 2054
73387 1608102 60 2293
73443 1601667 50 1964
73507 1603496 57 2184
73573 1604168 58 2154
73634 1601339 55 2131
73694 1604312 53 2068
73757 1602613 57 2129
73819 1602463 56 2128
73882 1606996 56 2205
73949 1604271 60 2100
74012 1603589 56 2179
74070 1603169 52 2096
74130 1603285 53 2061
74201 1604549 62 2313
74260 1602317 53 2126
74317 1604060 51 2085
74380 1606458 55 2080
74437 1601735 51 2101
74498 1602223 54 2094
74563 1602714 59 2113
74624 1602708 54 2089
74685 1604568 54 2182
74746 1601334 55 2046
74811 1603573 56 2159
74868 1604097 51 2034
74926 1602608 52 2115
74992 1603486 58 2162
75056 1605120 57 2171
75122 1607201 59 2272
75185 1602410 57 2011
75250 1605082 58 2121
75312 1604551 55 2213
75384 1605212 65 2136
75445 1603712 55 2191
75505 1603252 53 2142
75570 1599512 58 2045
75627 1604455 51 2145
75690 1602724 56 2108
75748 1602571 51 2014
75812 1605061 57 2160
75875 1604086 57 2181
75938 1605381 56 2250
76007 1603270 62 2066
76066 1602661 52 2075
76126 1603946 53 2156
76196 1602667 63 2137
76256 1602617 54 2112
76314 1607411 52 2171
76376 1601021 55 1970
76435 1605946 51 2032
76493 1602474 52 2123
76552 1604799 52 2134
76625 1604159 65 2161
76685 1604962 53 2125
76740 1601714 49 1973
76810 1607764 63 2184
76876 1605222 60 2162
76945 1606081 62 2293
77013 1604355 62 2191
77074 1604713 55 2132
77138 1608055 57 2220
77199 1601941 55 2114
77256 1603370 51 2067
77312 1602211 49 2045
77367 1601035 49 2065
77433 1603625 59 2173
77498 1602530 58 2188
77558 1607890 53 2150
77624 1601016 60 2095
77682 1601200 52 2053
77739 1603834 51 2124
77805 1605445 60 2165
77863 1599369 52 2060
77932 1605245 62 2268
78003 1608980 65 2264
78075 1600578 62 2132
78140 1603770 58 2164
78204 1607878 58 2169
78274 1605361 63 2176
78335 1603990 54 2180
78400 1606748 58 2205
78460 1601200 52 1996
78523 1605463 55 2127
78579 1605063 50 2060
78642 1601304 57 2162
78698 1604842 49 1977
78751 1601260 47 1895
78813 1600604 56 1991
78874 1604452 54 2043
78930 1602999 49 2026
78989 1605234 53 2132
79053 1602460 56 2088
79113 1602054 53 2111
79175 1606566 56 2182
79248 1603277 66 2129
79309 1608986 55 2214
79368 1606328 52 2108
79440 1606450 65 2219
79501 1603404 54 2106
79557 1604361 50 2067
79616 1601390 53 2064
79679 1605583 54 2147
79737 1601297 52 2150
79797 1600919 53 2099
79864 1604451 60 2086
79922 1605907 52 2040
79982 1606166 53 2095
80048 1600519 60 2031
80109 1604186 55 2197
80168 1599459 52 2049
80235 1607239 60 2204
80297 1602476 54 2151
80354 1600979 51 2075
80416 1607325 55 2126
80482 1603621 60 2146
80541 1603564 52 2061
80603 1606072 56 2135
80671 1605835 62 2160
80739 1602419 61 2127
80795 1600102 50 2027
80857 1598707 56 2001
80918 1606283 54 2132
80978 1607274 54 2200
81038 1604187 53 2079
81097 1604088 50 2030
81156 1604975 53 2148
81214 1602605 51 2119
81281 1609325 61 2196
81341 1601056 54 2091
81398 1603476 51 2105
81468 1606163 63 2157
81525 1600428 51 2062
81586 1605385 54 2175
81644 1603478 52 2011
81706 1601588 55 2097
81767 1603606 54 2186
81827 1604587 53 2198
81894 1599482 61 1980
81956 1606636 55 2161
82013 1602332 50 2072
82081 1606391 62 2184
82138 1602706 50 2076
82199 1607562 54 2119
82266 1604714 60 2152
82330 1605219 56 2149
82389 1605397 53 2122
82449 1604123 54 2134
82517 1605791 61 2245
82582 1603353 59 2214
82642 1604214 54 2083
82706 1603468 57 2049
82762 1602267 50 2069
82818 1599990 50 2038
82887 1605412 63 2180
82949 1604504 55 2144
83006 1602871 50 2051
83071 1601980 59 2117
83139 1605217 58 2254
83200 1603798 55 2161
83267 1605864 61 2179
83334 1603004 60 2123
83397 1603842 56 2151
83459 1605131 56 2192
83526 1606067 60 2206
83588 1601667 55 2128
83647 1603919 53 2151
83713 1604627 60 2060
83773 1600321 53 2056
83832 1604681 53 2087
83897 1598849 59 2143
83952 1598371 48 1988
84007 1603209 48 1971
84068 1604310 55 2135
84137 1606429 61 2204
84202 1606998 58 2167
84267 1605138 59 2218
84332 1602624 58 2149
84392 1603010 53 2045
84448 1604949 50 2080
84518 1605745 63 2089
84579 1602905 54 2132
84637 1605033 52 2105
84700 1601865 57 2070
84764 1606963 57 2115
84828 1604396 57 2117
84894 1607283 59 2228
84957 1605381 55 2178
85017 1605614 54 2190
