fo time ls_time n_ls_moves
15 202050 15 713
35 202731 17 757
55 202494 17 750
87 202713 29 725
109 203359 19 729
128 203305 17 734
147 201786 17 750
166 202647 16 730
184 202509 16 733
203 203356 16 740
222 203408 16 748
240 202983 16 750
260 202924 17 769
283 203566 21 747
305 201816 17 717
324 203008 17 754
344 203538 18 771
363 202662 16 731
382 203261 16 739
401 202008 16 734
421 202848 17 781
440 202301 16 742
469 202884 27 791
493 202618 21 720
513 202877 17 729
532 202605 17 767
551 202874 16 739
570 202300 17 739
590 202311 17 755
608 203759 16 742
628 202917 17 760
647 203006 17 764
668 203480 18 776
694 203576 23 750
715 202413 18 743
735 203255 17 781
755 203327 18 764
774 202864 16 733
793 202760 17 730
812 202772 17 739
832 203490 17 772
850 202818 16 735
871 203745 18 755
897 203629 22 754
917 203302 17 746
936 203158 16 739
958 203227 20 774
991 203947 30 757
1015 204018 21 747
1039 202900 20 759
1058 202458 17 731
1080 202188 19 756
1105 203095 22 764
1124 203120 17 747
1143 202485 17 758
1163 202078 17 739
1182 202310 17 721
1201 203931 17 739
1220 202157 17 738
1239 203558 17 754
1258 203085 17 742
1278 203088 17 746
1306 203376 24 730
1328 202322 17 756
1347 201885 17 735
1368 203002 18 750
1388 202998 17 744
1407 202954 17 746
1426 203168 16 749
1445 202987 17 758
1466 202892 19 780
1487 202306 19 735
1513 202993 23 734
1532 202815 16 731
1552 203002 17 750
1572 204042 18 774
1591 202401 17 752
1611 203732 17 747
1629 202933 16 721
1648 202410 16 734
1667 202866 17 760
1689 203757 19 741
1717 203422 24 764
1736 202382 17 746
1755 202501 17 746
1776 203191 18 762
1796 203327 17 763
1815 202818 17 752
1835 203566 17 769
1854 203286 17 770
1874 201622 17 754
1894 202971 18 685
1917 202500 21 730
1939 203551 18 769
1963 203006 21 745
1983 203652 18 765
2002 203048 17 745
2021 203048 16 738
2040 202272 17 758
2059 203113 16 754
2079 203450 17 780
2101 203468 20 751
2126 202882 23 732
2150 202026 21 759
2171 202300 18 741
2190 203894 17 732
2209 202101 17 749
2228 203008 17 748
2247 202564 16 745
2266 202913 16 751
2285 203635 17 774
2307 203510 19 763
2332 202716 23 788
2353 202044 18 760
2372 202785 17 729
2391 202694 17 744
2411 203189 17 759
2430 203169 17 749
2449 203292 17 767
2467 202151 16 722
2486 202757 16 732
2506 202733 18 752
2529 202278 20 706
2548 202988 17 754
2567 202800 16 729
2586 203860 17 769
2606 203109 17 760
2625 202691 17 735
2645 203365 17 781
2663 202747 16 725
2682 203706 16 754
2704 201602 19 777
2734 203384 27 769
2754 202857 17 756
2773 202991 17 755
2794 203863 18 767
2813 202649 17 769
2832 203039 16 755
2851 203507 16 746
2870 203241 17 751
2890 202131 17 772
2914 202925 22 788
2939 202899 22 769
2958 203085 17 730
2977 203420 16 721
2997 202630 18 730
3016 203360 17 736
3035 202192 17 747
3054 203335 17 767
3073 203572 16 750
3092 203289 16 722
3113 202719 19 742
3138 203158 23 785
3158 203185 17 775
3176 203224 16 722
3196 203554 17 749
3215 203902 16 745
3233 202206 16 732
3253 203392 17 765
3272 203754 17 766
3290 202755 16 717
3309 202658 17 724
3337 203582 25 744
3356 203022 17 755
3377 203036 18 751
3394 203271 15 697
3415 203706 18 775
3434 203535 17 754
3453 203353 17 764
3472 204051 17 759
3492 203686 18 764
3511 202221 16 734
3537 202634 23 740
3557 202744 17 735
3577 203577 16 723
3596 202820 17 734
3616 203631 18 736
3635 202184 17 751
3655 203247 17 767
3674 203146 17 764
3693 203240 16 738
3712 203136 17 751
3737 203502 22 759
3758 202906 17 750
3777 202590 17 746
3797 203210 17 763
3815 203047 16 718
3835 202727 17 743
3853 203172 16 745
3872 202813 16 742
3890 202464 16 734
3909 203045 16 727
3930 203098 19 745
3959 202320 26 711
3979 203301 18 757
3999 202775 17 772
4019 202084 17 754
4039 204322 18 780
4058 203111 17 760
4077 202487 17 755
4097 204003 17 780
4116 203408 17 730
4139 202119 20 733
4162 203516 20 725
4181 202729 16 732
4200 203425 17 757
4221 202400 18 767
4240 202865 16 732
4258 202239 16 725
4278 204011 17 752
4297 202061 17 740
4317 203401 17 756
4339 203885 20 796
4364 202252 21 716
4383 202916 16 740
4402 201279 17 739
4422 203754 17 763
4442 203150 17 774
4461 203855 17 769
4481 203745 17 770
4499 201679 16 740
4518 202925 16 750
4539 203559 19 775
4562 202484 21 709
4582 203284 17 777
4601 202938 17 741
4621 202992 18 763
4640 203780 16 746
4658 202787 16 731
4677 202582 17 759
4696 203295 16 750
4715 202551 16 738
4735 201535 17 700
4759 203263 21 754
4778 202703 16 731
4798 204099 17 752
4819 203953 19 802
4839 202865 17 756
4859 204147 17 767
4877 202540 16 745
4897 202004 17 762
4916 203143 17 746
4937 203046 18 733
4961 202386 21 739
4982 202639 18 760
5000 203113 16 721
5020 203331 17 748
5038 201962 16 717
5058 203245 17 780
5077 202666 17 763
5095 202548 16 732
5114 202720 16 732
5133 203446 16 754
5159 203282 23 744
5180 202999 17 751
5199 202676 17 759
5219 203149 17 770
5237 203849 16 751
5257 204393 17 757
5275 202927 16 733
5294 204051 17 778
5313 203473 17 757
5332 202362 16 732
5360 202975 26 750
5386 202521 22 768
5406 203199 17 750
5425 201597 17 756
5445 203536 18 797
5463 203089 16 729
5483 202952 17 782
5502 203653 17 761
5521 204495 16 738
5539 202153 16 722
5560 203417 19 744
5584 202586 19 743
5602 201804 16 713
5623 202918 18 797
5642 203302 16 731
5662 202737 17 770
5680 202654 16 730
5699 203122 16 755
5718 203914 17 766
5738 204281 17 769
5758 202930 18 730
5781 203569 21 753
5800 203085 16 729
5819 201726 16 751
5838 202827 16 760
5858 204037 17 789
5876 202254 16 715
5894 202117 16 701
5913 203497 17 764
5935 203792 18 773
5957 203706 19 766
5982 203523 23 753
6002 202853 17 739
6021 202765 17 756
6041 203280 17 722
6060 202374 17 751
6080 203625 18 786
6100 202792 17 776
6118 203234 16 728
6137 202384 16 740
6157 203350 18 753
6184 201874 23 753
6204 202840 17 784
6223 203256 17 745
6242 203528 17 760
6262 203420 17 734
6281 202326 16 748
6300 202706 16 746
6318 203111 17 758
6337 203875 16 747
6358 203344 18 746
6386 203985 25 792
6405 203233 16 734
6424 203015 17 751
6445 203213 18 757
6464 202631 17 724
6485 203493 18 779
6504 203408 17 748
6523 202014 16 750
6542 203455 17 754
6563 202510 18 749
6591 204085 26 747
6610 202816 16 717
6629 203625 17 756
6649 203981 17 775
6668 202973 16 730
6687 201725 16 728
6706 203304 17 761
6724 202234 16 727
6743 203854 17 766
6765 203603 19 762
6794 203229 26 789
6814 203074 17 752
6834 204418 17 786
6853 203701 16 742
6872 202824 17 754
6891 202281 16 722
6910 202403 17 747
6929 203046 17 773
6948 202712 17 757
6968 202273 17 736
6994 203491 23 782
7014 202798 17 767
7033 202744 17 747
7054 204273 18 771
7073 203211 16 750
7091 203098 16 725
7110 203230 16 723
7129 203215 17 771
7148 202820 16 734
7166 203066 16 755
7192 203414 23 751
7211 202446 16 712
7230 202886 16 726
7249 203081 16 730
7268 202471 17 736
7287 203460 17 745
7324 202464 17 753
7343 203220 17 747
7362 202822 16 747
7383 203337 18 737
7408 203004 23 740
7428 202577 17 782
7447 202453 17 775
7467 203209 17 717
7487 202542 17 764
7506 203126 17 757
7525 203094 17 768
7545 204094 17 770
7564 203572 17 754
7584 202747 18 730
7611 203172 25 770
7631 203727 17 761
7650 203594 17 741
7671 203784 17 764
7689 203304 16 732
7708 203477 17 772
7727 202454 16 751
7747 203447 17 797
7766 204225 17 763
7788 202410 19 734
7812 202676 22 755
7831 202812 16 716
7849 203014 16 735
7868 203125 17 775
7887 202030 16 741
7905 202086 16 730
7925 202963 17 750
7944 203499 17 761
7963 203954 17 742
7985 203210 19 743
8020 202666 31 717
8039 203184 16 718
8059 202480 18 739
8078 202710 17 783
8097 202879 16 723
8116 202774 17 762
8135 202165 16 744
8153 202851 16 727
8172 202694 16 743
8194 203258 19 746
8219 203034 23 734
8239 204135 17 776
8258 203662 16 737
8277 203433 17 748
8298 202813 17 772
8316 203232 16 738
8335 202388 16 729
8353 202907 16 728
8373 203365 17 771
8393 202201 18 736
8419 202305 23 746
8438 203817 17 756
8458 202322 17 761
8478 203460 18 750
8497 203458 16 727
8516 202950 16 757
8535 203360 17 757
8554 202730 17 758
8572 203079 16 731
8592 202714 17 747
8618 202319 23 731
8639 204002 18 787
8678 203365 16 739
8698 202160 17 764
8716 202516 16 723
8736 203142 18 808
8755 203203 16 751
8773 202551 16 730
8792 202349 17 747
8818 203452 23 748
8838 202788 17 729
8857 203149 17 771
8877 202295 17 727
8896 202121 16 742
8915 202841 16 736
8934 203553 17 760
8952 202892 16 698
8972 202897 17 771
8991 203473 16 733
9012 202525 19 719
9037 202826 22 743
9056 203004 16 732
9075 202249 17 725
9095 203133 17 754
9114 203112 16 744
9132 202379 16 728
9151 202506 16 749
9169 203451 16 738
9189 203891 17 769
9210 203058 19 733
9240 203416 27 786
9260 204355 18 783
9280 202394 17 753
9300 203799 17 758
9319 202984 17 766
9338 203404 17 751
9357 202453 17 754
9377 202924 17 743
9395 203388 16 738
9420 202992 22 745
9443 203145 20 730
9469 203137 23 759
9492 202864 21 709
9512 202839 17 752
9532 203394 17 777
9551 203674 17 772
9571 203738 17 773
9589 202814 16 727
9610 203027 18 745
9637 203306 24 770
9661 202774 21 748
9682 202497 18 739
9703 203943 19 785
9722 202811 16 717
9742 203449 17 797
9762 203779 17 788
9781 203459 17 758
9800 203205 16 750
9822 202806 20 748
9845 202862 20 730
9865 203070 17 778
9884 203231 17 764
9904 203687 17 796
9922 203144 16 741
9941 203122 17 761
9960 202130 16 717
9979 202429 16 726
9997 203029 16 751
10027 203963 19 766
10052 203111 21 751
10071 202266 16 733
10090 203139 17 742
10108 201969 16 721
10128 203204 17 761
10147 202808 17 761
10166 203781 17 764
10185 203208 16 725
10203 203276 16 710
10223 202832 18 723
10250 202973 24 759
10268 202368 16 742
10287 204147 16 724
10306 204300 17 775
10326 202157 17 732
10345 203631 17 759
10364 202679 17 760
10383 203270 16 748
10402 203561 17 754
10423 203194 18 759
10450 203160 24 762
10469 203413 17 763
10488 203086 17 752
10509 203998 18 778
10528 201804 16 740
10547 203264 17 757
10566 203068 16 731
10584 202667 16 722
10603 203191 17 752
10622 202469 17 726
10653 202400 27 724
10673 202819 17 754
10693 203185 17 758
10713 202864 17 758
10733 202996 18 775
10752 203247 17 778
10771 203125 17 759
10790 203144 16 751
10809 203733 16 743
10830 202010 18 736
10855 203174 22 754
10874 203098 17 752
10893 202812 16 733
10914 203376 18 772
10933 203135 16 740
10953 203121 18 767
10973 204071 17 748
10991 203002 16 718
11011 202594 17 740
11031 204245 18 752
11056 202003 22 763
11075 203325 16 734
11094 202541 16 715
11116 204111 20 757
11140 202589 21 752
11159 203644 16 749
11178 203813 17 754
11197 202509 17 756
11216 203348 17 757
11237 203848 19 769
11263 202305 24 734
11282 202664 16 746
11301 202344 16 740
11320 202933 17 760
11339 202489 16 718
11357 202790 16 728
11390 201459 16 729
11409 202745 16 733
11428 202870 17 765
11449 202702 19 731
11473 202528 21 756
11492 201926 16 741
11512 203514 17 779
11531 204028 17 751
11550 202368 16 737
11569 203650 17 773
11588 203103 16 734
11607 203485 17 745
11627 204108 18 790
11648 202697 18 746
11673 203174 22 725
11692 203413 16 731
11710 202741 17 724
11730 202118 17 706
11750 203523 17 742
11769 202061 17 738
11787 202739 16 733
11806 203270 17 734
11825 203873 17 741
11847 204426 19 774
11878 202361 29 719
11898 203345 17 753
11916 203057 16 732
11935 203886 17 755
11954 202936 17 724
11973 202475 17 748
11992 203301 17 761
12011 202485 16 728
12030 202316 16 738
12051 203083 19 732
12076 202022 23 743
12095 203689 16 726
12114 202895 16 724
12134 201793 17 720
12153 204245 16 741
12172 203777 17 785
12191 202591 16 722
12210 202389 16 735
12230 202639 18 785
12251 202739 18 767
12274 202044 21 748
12294 203924 17 760
12313 204380 17 740
12333 202696 17 709
12352 203027 17 750
12372 203913 17 779
12390 203648 16 712
12409 203535 16 749
12428 202507 17 755
12447 204152 16 733
12472 202574 23 778
12494 203708 18 762
12515 204375 18 820
12534 202372 17 744
12553 203774 17 766
12573 204140 17 768
12592 203090 17 760
12612 203673 17 770
12630 202876 16 728
12649 203520 17 765
12672 202805 20 759
12695 202973 20 758
12716 201969 18 759
12735 203616 16 750
12768 202398 16 716
12787 202973 16 738
12805 202528 16 721
12824 202851 17 749
12843 202897 17 764
12864 202603 18 745
12890 202580 23 734
12910 203240 17 752
12928 202730 16 735
12948 202707 17 753
12969 201866 17 764
12988 203684 17 758
13009 203576 18 785
13028 203171 17 744
13047 202405 16 741
13068 203529 19 755
13093 203942 22 761
13111 202207 16 725
13131 203641 17 767
13149 201965 15 701
13167 203118 16 732
13186 203722 17 760
13205 202326 16 707
13224 204403 17 753
13244 204439 17 762
13264 202060 17 727
13299 203023 31 768
13318 202482 16 740
13336 202356 16 731
13358 203333 19 780
13376 201999 16 736
13396 204465 17 762
13415 203408 17 768
13433 203671 16 733
13452 203182 16 740
13474 203200 19 760
13499 202787 23 774
13519 203380 18 778
13540 202904 18 781
13559 203073 17 722
13579 202473 17 742
13598 203592 16 718
13617 202710 17 761
13637 203198 17 792
13655 203738 16 754
13676 202722 19 755
13701 203406 22 770
13720 202766 16 707
13739 202371 17 736
13758 203124 16 740
13777 202721 17 752
13796 203611 17 772
13815 202855 16 732
13833 202086 16 739
13852 202956 17 758
13872 203523 17 752
13897 202497 22 737
13918 202363 18 721
13938 203833 18 800
13959 203689 18 742
13977 202283 16 734
13997 203963 17 774
14017 203840 17 759
14037 203497 17 772
14055 203170 16 737
14075 203651 18 759
14101 203322 22 753
14121 203062 18 792
14141 203573 17 779
14161 202779 17 737
14180 204192 17 763
14199 202871 16 726
14219 203532 17 795
14238 202942 16 750
14257 202784 17 766
14276 203033 17 768
14301 202888 22 740
14323 202993 18 758
14342 203186 17 753
14364 203176 19 761
14383 203674 17 756
14402 202640 16 732
14422 203350 18 788
14441 202791 17 753
14460 202612 17 736
14480 202591 17 733
14505 203249 22 742
14530 201907 21 760
14549 202709 17 741
14568 202239 17 745
14587 203251 17 762
14606 202893 17 736
14626 203363 17 782
14644 202880 15 696
14663 203339 17 759
14683 203769 17 768
14709 202866 22 752
14730 203764 18 753
14750 201962 17 751
14769 201977 17 719
14789 202778 17 757
14809 203147 18 773
14828 203345 16 728
14847 203794 17 758
14866 202088 17 735
14887 203567 18 798
14913 203304 23 755
14933 203101 17 731
14953 202825 17 737
14973 202527 18 763
14992 202450 17 756
15011 203208 16 725
15030 203484 16 744
15048 202802 16 739
15068 203319 17 758
15086 203721 16 758
15108 202282 19 740
15131 203767 18 744
15151 203187 17 762
15169 202781 16 737
15189 203514 17 769
15208 202540 17 757
15227 203159 17 734
15247 203598 17 761
15267 202258 17 753
15286 203364 17 766
15307 203358 18 739
15332 202659 23 760
15351 203630 17 758
15370 202654 17 732
15390 201535 16 695
15409 202938 17 740
15427 203675 16 739
15445 202487 16 716
15464 203549 16 727
15483 203054 16 747
15504 203419 18 720
15530 201485 24 734
15551 203226 18 761
15570 203142 16 736
15589 203680 17 741
15608 203695 17 722
15626 202007 15 707
15645 202491 17 771
15664 203354 17 756
15683 203027 16 727
15704 203853 19 790
15728 203176 21 753
15747 202642 16 719
15766 203150 17 771
15785 203220 16 741
15804 202348 16 721
15822 203091 16 741
15840 202386 16 697
15860 203546 17 776
15879 202366 17 745
15899 203041 17 765
15926 202321 24 742
15950 202767 20 737
15969 203352 17 729
15990 203264 18 760
16009 202975 16 730
16028 202943 17 755
16047 202977 16 726
16066 202992 17 758
16085 203649 17 747
16104 203031 17 733
16130 204113 22 771
16150 203105 17 747
16170 204130 17 775
16190 203116 18 751
16209 203131 16 728
16227 203176 16 740
16246 202990 16 741
16265 203322 16 734
16283 203073 16 738
16303 203246 17 757
16324 203772 19 737
16348 203222 21 760
16367 203532 16 753
16387 202658 17 732
16407 203790 17 766
16426 203269 17 728
16444 204101 16 740
16463 203200 16 753
16483 203022 17 731
16502 202369 16 721
16523 203093 19 750
16548 203418 22 721
16567 202931 16 742
16587 202718 17 785
16607 203083 18 771
16628 202749 18 817
16646 202558 16 739
16665 202381 16 744
16684 204430 17 756
16704 203818 17 768
16725 202700 19 779
16750 201996 22 710
16768 202683 16 725
16786 202484 15 701
16806 203271 17 721
16824 202605 16 742
16844 202696 17 765
16863 202913 17 768
16882 203381 16 742
16900 202815 16 746
16919 202347 17 722
16941 202609 18 726
16967 203266 22 759
16990 202931 20 739
17011 203698 18 775
17030 202469 16 719
17049 203283 17 778
17068 202703 16 742
17087 202524 17 755
17107 203279 17 759
17129 202300 19 755
17158 203694 27 766
17184 202913 23 755
17207 203461 20 766
17226 203231 17 743
17245 202217 16 736
17264 202988 16 752
17282 201687 16 716
17301 202635 16 732
17320 202876 17 767
17343 202731 21 774
17367 203473 19 762
17387 202710 18 752
17406 202857 16 742
17425 203031 17 776
17444 202947 16 752
17463 202690 17 758
17482 201699 17 748
17501 202735 16 740
17521 203864 17 773
17543 201892 19 772
17569 203796 22 759
17588 202099 16 731
17606 203567 16 739
17625 203039 16 744
17644 203724 16 744
17663 202434 17 758
17682 202811 17 735
17702 203684 17 758
17721 203142 16 745
17742 203148 19 746
17767 202618 22 742
17786 203499 17 754
17805 202926 17 757
17826 202903 18 740
17846 203453 17 769
17864 202756 16 732
17883 201830 16 732
17901 202110 16 731
17920 203320 16 751
17940 202739 18 738
17966 203581 23 775
17985 203713 16 751
18002 202640 15 680
18022 202283 18 746
18042 203762 17 778
18061 203266 16 727
18080 203200 16 720
18099 204066 17 764
18118 202766 17 760
18137 203307 17 755
18164 202862 23 766
18183 201995 17 759
18204 203498 18 784
18223 203177 17 745
18242 203769 17 751
18262 203871 17 766
18282 202907 17 746
18301 203022 16 728
18320 202741 17 745
18339 202383 17 737
18364 201975 21 711
18385 203050 17 751
18405 203789 17 791
18425 202271 17 718
18445 203806 18 789
18465 202910 17 757
18485 203420 18 804
18505 202540 17 747
18524 203285 17 763
18543 202770 17 740
18568 202430 21 752
18592 204150 21 779
18612 203631 17 756
18632 202978 17 728
18651 203392 17 765
18670 203502 17 756
18689 202189 16 727
18708 202811 17 759
18729 202836 18 779
18750 202925 19 757
18775 203204 22 770
18795 203086 17 750
18815 202931 17 771
18834 202238 16 736
18852 203500 16 742
18871 202592 16 733
18890 204152 17 771
18908 201240 16 718
18927 203037 17 761
18945 203346 15 709
18972 203466 24 762
18996 203452 19 773
19015 204047 17 769
19035 202725 17 763
19054 203309 17 743
19073 204381 17 759
19092 202195 16 728
19110 202998 16 742
19129 201996 16 728
19148 203054 17 752
19171 202957 21 745
19194 203086 18 756
19215 203205 18 753
19234 202456 16 693
19251 201666 15 692
19271 203666 17 769
19290 202425 17 738
19309 202869 17 756
19329 202981 17 739
19348 202525 16 729
19369 202134 19 744
19396 203027 24 758
19415 203183 17 754
19436 202809 18 754
19456 202942 17 745
19474 202819 16 733
19494 202444 17 774
19513 202463 17 754
19532 203459 17 767
19551 203076 17 736
19572 201705 18 753
19598 202784 23 746
19618 203616 17 752
19636 202214 16 722
19654 202439 16 725
19673 203533 16 739
19692 202534 17 738
19711 202587 17 752
19731 204314 17 772
19750 202924 16 741
19770 202793 17 703
19797 203040 25 748
19816 202918 16 709
19837 203527 19 795
19856 204034 17 733
19876 203736 17 762
19894 202986 16 709
19913 203301 16 753
19931 202729 16 719
19951 202771 17 745
19972 203290 19 749
20001 203113 25 746
20020 202290 17 747
20039 202979 17 752
20059 202036 18 739
20079 203985 17 781
20098 203727 16 741
20115 203111 15 699
20134 203164 17 755
20153 202221 16 715
20175 203395 19 721
20199 202429 22 746
20218 204293 17 759
20238 203502 17 762
20258 202579 18 783
20276 201961 16 704
20295 202963 17 758
20315 202857 17 763
20334 202992 17 759
20353 202637 17 753
20374 202665 18 754
20399 202716 22 744
20419 202099 17 727
20438 204131 17 751
20457 203568 16 755
20476 203339 17 755
20495 203337 16 739
20513 202471 16 741
20533 202918 17 782
20551 202041 16 727
20570 202572 16 745
20594 204046 21 754
20618 203033 19 780
20637 203005 17 714
20657 203548 18 743
20676 202631 16 736
20694 202283 16 716
20713 203049 17 760
20733 203721 17 758
20753 203302 17 756
20772 203356 17 763
20793 202725 18 716
20817 202978 20 738
20836 203270 17 753
20854 202657 16 722
20874 202026 17 731
20892 202242 16 723
20912 203775 17 764
20931 203148 16 740
20951 203225 17 775
20969 202788 16 723
20991 203484 19 758
21016 202878 23 763
21035 202328 16 731
21054 202270 17 747
21074 201902 17 728
21092 202747 16 725
21110 203726 16 713
21130 203447 17 779
21149 202911 17 763
21168 203050 16 743
21191 202528 20 749
21224 203217 29 781
21244 204154 17 761
21263 203266 17 755
21284 202621 18 743
21304 202913 18 781
21324 203528 17 755
21343 202436 17 746
21361 202766 16 714
21380 202937 16 748
21402 203715 19 761
21427 203426 22 734
21445 203113 16 724
21466 203373 18 748
21485 203488 16 727
21504 203058 17 751
21524 203569 18 780
21542 202903 16 725
21562 203036 18 780
21582 202697 17 762
21603 202654 19 751
21629 202221 24 720
21648 203207 16 749
21667 202959 17 738
21686 203673 17 747
21706 202708 17 737
21725 203280 16 734
21744 202919 17 767
21763 202594 16 715
21782 202165 16 725
21802 202530 17 711
21829 202877 24 740
21848 203652 17 722
21867 202747 16 739
21886 203059 16 746
21905 202257 17 757
21925 203335 17 783
21944 203059 16 750
21963 202797 17 761
21982 203112 17 773
22003 202725 18 740
22030 203236 24 748
22050 203371 17 767
22069 203066 17 742
22089 202972 18 736
22108 203616 17 737
22128 203004 17 754
22147 202701 17 764
22165 203335 16 733
22184 202879 17 757
22205 203746 19 765
22233 203186 25 738
22252 203320 17 764
22272 203636 17 738
22291 202287 17 759
22311 202609 17 754
22329 201894 16 733
22349 203572 17 753
22368 202723 17 766
22389 203579 18 811
22410 202162 19 741
22440 203167 27 778
22459 204051 17 759
22479 203656 17 763
22500 202983 17 762
22519 203784 17 779
22539 203604 17 771
22558 202895 16 745
22576 203432 16 730
22595 203160 17 751
22619 202847 21 747
22649 203252 27 789
22667 201978 16 721
22686 203333 17 717
22705 202576 17 749
22724 203029 16 747
22744 203441 17 769
22762 202777 16 719
22781 203494 17 776
22800 203359 17 749
22822 203081 19 770
22848 204172 24 761
22867 203036 16 732
22886 202830 17 741
22905 202388 16 735
22924 202373 17 758
22943 203047 17 758
22962 202803 17 713
22981 202601 16 732
23000 202510 16 737
23021 202244 19 740
23048 202283 24 728
23067 202775 17 740
23087 202952 18 757
23106 203012 17 766
23126 203744 18 787
23147 203940 18 787
23165 203186 16 721
23186 204067 18 775
23205 202670 17 729
23225 202211 18 729
23251 201390 23 721
23269 203638 16 743
23289 203369 17 751
23307 202684 16 729
23327 202045 17 740
23346 203512 17 757
23365 202771 17 779
23385 202968 17 764
23405 204173 18 813
23425 202730 18 724
23450 203048 22 727
23469 203630 16 754
23488 202332 17 746
23509 202938 19 765
23528 203217 17 736
23547 202972 16 722
23566 201989 16 744
23584 202838 16 741
23604 202742 17 739
23626 203421 19 772
23650 203508 22 748
23670 203327 17 755
23688 202092 16 726
23707 202451 17 763
23726 202684 16 736
23745 201880 16 751
23763 202813 16 732
23783 203626 17 790
23802 202318 16 749
23820 202912 16 742
23855 203081 32 760
23876 203578 17 771
23895 202924 16 727
23916 203390 18 779
23936 202821 17 766
23955 202507 17 749
23974 202615 17 780
23994 203099 17 775
24013 202948 16 738
24035 203347 19 748
24061 203794 23 752
24080 203390 17 751
24099 202889 17 752
24119 202577 18 738
24138 203680 16 729
24157 202834 16 741
24177 203999 17 780
24196 203328 17 755
24215 203230 17 773
24236 203768 19 755
24260 202753 21 722
24279 203718 16 735
24298 203188 17 761
24318 202967 18 770
24338 203966 18 771
24358 202575 17 740
24376 202797 16 728
24394 203401 16 710
24413 202834 17 743
24432 202564 16 733
24457 203152 22 767
24482 203695 23 768
24506 202881 21 774
24527 203074 19 761
24547 203658 17 758
24566 202505 17 735
24585 203050 16 730
24603 202177 16 712
24622 202644 17 742
24645 203501 20 762
24669 202725 22 740
24692 202245 20 724
24713 203124 19 744
24733 203541 17 747
24753 203886 18 781
24771 202869 16 741
24790 203781 16 736
24810 203523 17 780
24829 203494 17 747
24851 203276 20 761
24877 203165 23 772
24897 204088 18 817
24916 202945 16 730
24936 202967 17 747
24956 203645 18 781
24976 203086 17 775
24995 203198 17 754
25016 202974 17 759
25035 202417 17 748
25056 202407 19 717
25086 203113 27 746
25105 203198 17 743
25125 203229 17 751
25143 202133 16 710
25163 202466 17 770
25182 203324 16 727
25201 201895 16 731
25220 202536 17 748
25239 202424 16 741
25264 201725 22 750
25287 203827 19 759
25307 203400 17 780
25326 202054 16 741
25346 203653 18 761
25365 203206 17 756
25384 203602 16 706
25403 203256 17 746
25422 201763 16 742
25441 202468 17 758
25461 202519 18 734
25486 202828 22 757
25505 203210 17 749
25525 203268 17 770
25545 204026 17 714
25564 203016 17 742
25584 203513 17 785
25602 202975 16 727
25621 202759 16 739
25641 203458 17 747
25662 203009 19 764
25685 202528 21 724
25704 202574 16 743
25723 203180 16 727
25743 204211 17 770
25762 203318 17 755
25781 201867 16 728
25800 203520 17 774
25820 202889 17 804
25839 203498 17 750
25861 203555 19 746
25884 203970 21 769
25905 203532 18 781
25925 204547 17 785
25945 203259 17 730
25964 202897 17 769
25983 202643 16 736
26002 202854 17 752
26021 203448 16 751
26039 202267 16 735
26060 203486 18 785
26086 203194 23 768
26106 202706 18 742
26127 203661 18 746
26147 202455 17 767
26166 202495 17 732
26185 202909 17 741
26204 202556 16 733
26222 201676 16 725
26241 203349 16 735
26260 202241 16 728
26285 202734 22 751
26307 203371 18 738
26327 202619 17 743
26345 201558 16 707
26365 202697 18 726
26385 202978 17 743
26404 201050 16 711
26423 202687 17 795
26443 203003 17 774
26463 202787 17 767
26489 203523 23 742
26514 201800 21 742
26534 202475 18 789
26554 202414 18 741
26573 203866 17 739
26592 202433 16 734
26611 202541 16 740
26629 202196 16 736
26648 203296 16 750
26668 202983 17 772
26692 202176 21 759
26712 203100 17 765
26732 203011 17 769
26751 203140 16 735
26771 201860 17 762
26790 203397 17 745
26810 203600 17 755
26829 203140 17 749
26848 203251 16 720
26868 204242 17 740
26891 203186 21 735
26914 203110 19 740
26933 202857 17 756
26954 202420 18 755
26974 203540 18 789
26993 203651 17 766
27013 202899 17 764
27032 202338 16 716
27051 202837 17 759
27070 203241 16 750
27093 203271 21 776
27116 202800 19 733
27135 203508 17 751
27156 202828 18 736
27177 202697 18 806
27196 203369 17 769
27215 203538 17 754
27235 203596 17 773
27253 202295 16 715
27272 202764 17 755
27294 204575 19 769
27319 203193 21 755
27338 202835 17 743
27357 202783 17 750
27377 203669 17 765
27395 202319 16 727
27415 203442 17 784
27433 202421 16 722
27452 203896 16 725
27470 202886 16 747
27492 202739 19 744
27516 204003 22 742
27536 203133 17 716
27555 203182 16 734
27575 202441 17 754
27594 203723 17 763
27613 202654 16 713
27632 203327 17 762
27651 203142 17 756
27669 202217 16 730
27692 202513 20 735
27724 203957 29 766
27743 203157 16 721
27764 203254 18 758
27783 203466 17 744
27803 204316 17 739
27822 203518 17 756
27841 203915 17 760
27860 203014 17 771
27879 203622 17 760
27901 202153 19 729
27925 201948 21 733
27944 203044 17 764
27964 203882 17 754
27983 203745 17 757
28002 203597 16 742
28021 203070 17 762
28039 201915 16 719
28059 202726 17 762
28077 202733 16 744
28099 202882 19 782
28125 203464 24 778
28143 202622 16 715
28162 203466 16 738
28183 203709 18 751
28202 203217 17 757
28221 203106 16 751
28240 203763 17 767
28259 203425 17 744
28279 202753 17 754
28301 202964 19 759
28327 203902 24 769
28346 202972 16 746
28364 201989 16 717
28383 202560 16 727
28404 202401 19 786
28422 202465 16 736
28441 203805 17 768
28461 203354 17 791
28480 203200 17 757
28501 203553 18 740
28524 202302 21 732
28545 202786 18 762
28564 203208 17 753
28584 202218 18 742
28604 203748 17 745
28624 203725 18 773
28642 203235 16 724
28660 203292 16 728
28679 204004 16 752
28698 202275 17 749
28725 202874 23 755
28745 202471 17 761
28764 202419 17 759
28785 204145 18 772
28804 204204 17 739
28823 203200 17 735
28842 203055 17 766
28861 203406 16 757
28881 203586 17 768
28900 203578 16 747
28924 201870 21 731
28950 202135 22 744
28970 202489 16 726
28990 203460 18 799
29010 203075 17 744
29028 202538 16 716
29046 202879 16 740
29066 201711 17 765
29085 203452 17 757
29104 202903 17 737
29129 203532 22 761
29151 202972 18 730
29171 203442 17 790
29191 202093 18 752
29211 203402 17 759
29231 203741 17 790
29249 202999 16 733
29267 202041 16 722
29286 202427 17 759
29305 202841 16 732
29328 202737 20 745
29351 203667 19 743
29370 203046 17 762
29390 204732 17 771
29409 203139 17 760
29428 202616 16 751
29446 203895 16 731
29465 203274 17 759
29484 202661 16 739
29503 202730 16 755
29523 202760 18 700
29548 202905 22 752
29567 202730 16 727
29585 201684 16 714
29606 203630 18 761
29625 203039 17 749
29644 202434 16 742
29663 203879 17 765
29682 202849 16 746
29701 202845 16 740
29721 203049 18 740
29746 202816 23 732
29766 203967 17 760
29785 203286 16 738
29804 202363 17 734
29823 202873 16 724
29843 204204 17 765
29862 203491 17 762
29881 203390 17 762
29900 203328 17 759
29920 202466 17 732
29946 202810 22 775
29965 202061 17 720
29984 203462 17 746
30003 203094 16 741
30022 202869 17 761
30042 203394 17 771
30060 203476 16 728
30080 203845 17 765
30099 203295 17 768
30118 203133 17 753
30142 202872 21 727
30164 203500 19 771
30184 203161 17 766
30204 203277 17 746
30223 203440 16 719
30241 203594 16 754
30260 202644 16 753
30280 203062 17 779
30299 201963 16 740
30318 203760 17 741
30342 203526 22 775
30369 202348 23 741
30390 202983 17 744
30409 202870 17 779
30429 202306 17 760
30447 202482 16 721
30466 203565 17 756
30485 203766 17 757
30504 203140 16 740
30523 202071 17 746
30545 202709 19 716
30569 203972 20 799
30587 202848 15 701
30605 202614 16 729
30624 203493 16 744
30642 202780 16 711
30661 203710 17 750
30681 203456 17 771
30701 202826 17 764
30721 203198 17 751
30742 202564 19 750
30766 202290 22 717
30785 202866 16 744
30804 203168 16 721
30824 202060 18 750
30844 203315 17 779
30863 203028 16 740
30883 203798 17 767
30903 202618 18 769
30923 203970 18 794
30944 202568 19 760
30969 203060 22 730
30988 203123 16 732
31006 202390 16 734
31026 202645 17 719
31044 203285 16 739
31063 203233 16 738
31081 202791 16 721
31100 202690 17 759
31119 203379 17 753
31140 202040 18 732
31165 202413 21 750
31183 202861 16 729
31202 202384 16 741
31221 203135 16 751
31239 203388 16 739
31260 203694 18 817
31279 203468 16 741
31297 202457 16 737
31316 204068 16 751
31335 203868 17 756
31357 203624 19 757
31381 203297 20 764
31401 204241 18 793
31421 202084 17 731
31440 202539 17 755
31460 202613 17 744
31479 202817 17 760
31499 202457 17 752
31518 202895 17 732
31537 202005 16 736
31568 202840 29 734
31590 203035 20 736
31610 203273 17 765
31631 202949 18 751
31650 202725 17 763
31669 203024 16 736
31687 202357 16 708
31706 204157 17 758
31726 202737 17 782
31744 203101 16 736
31770 203038 23 755
31790 204064 17 744
31811 203153 18 782
31831 203699 17 764
31849 203278 16 719
31869 204327 17 751
31888 202157 16 729
31906 203518 16 742
31927 202645 18 772
31947 202829 18 786
31969 203325 20 722
31993 202267 20 729
32014 202480 18 763
32032 202974 16 743
32051 202920 17 745
32070 203308 16 735
32088 202487 15 699
32107 202449 16 731
32127 203647 17 797
32145 202745 16 738
32167 202990 19 716
32192 202933 23 743
32211 203067 16 727
32239 203062 25 776
32258 202968 17 754
32278 202311 17 727
32300 204776 19 857
32319 203088 16 748
32338 203166 17 758
32359 203962 18 779
32379 204510 18 765
32404 203240 23 745
32428 203125 21 746
32449 203526 18 760
32468 203862 17 734
32488 203655 17 755
32506 201666 16 743
32525 202818 16 728
32544 203146 17 752
32566 203569 19 786
32591 203058 23 763
32612 203713 18 768
32632 203584 18 761
32652 203466 17 748
32671 202583 16 725
32690 202963 17 752
32709 203362 17 763
32729 202844 17 790
32748 201937 16 754
32769 201361 18 702
32799 202341 28 745
32817 202575 16 720
32836 202848 17 757
32856 202139 18 730
32876 202943 17 744
32894 201920 16 716
32914 202929 17 748
32933 202428 17 757
32952 202702 16 721
32973 203625 19 751
32998 202294 22 769
33017 202513 17 747
33036 202768 17 739
33054 203061 16 718
33073 202691 16 711
33092 202996 17 762
33111 203163 16 755
33130 203153 17 769
33150 202970 17 749
33170 202852 18 740
33196 203147 22 765
33215 202598 17 750
33236 204725 18 806
33256 202612 17 738
33275 202866 16 753
33294 203532 16 748
33314 203329 18 804
33333 203069 16 721
33352 203277 17 727
33372 201922 17 721
33400 202291 24 738
33420 203290 17 746
33440 203360 17 782
33461 203531 18 759
33481 202421 18 792
33501 204127 17 785
33520 202545 16 739
33539 203758 17 766
33558 202697 17 748
33577 202103 17 720
33604 202194 24 753
33624 203801 17 765
33643 202591 16 727
33662 203995 17 757
33681 202094 16 750
33699 202187 16 723
33718 203268 17 768
33737 203443 16 730
33755 202339 16 734
33774 202097 16 743
33800 203047 24 739
33822 202449 18 756
33842 203385 17 784
33861 202906 16 751
33879 202737 16 743
33898 202749 16 733
33917 203543 17 727
33937 203716 17 759
33956 203273 17 747
33975 202483 17 748
33996 203186 19 771
34020 202299 20 731
34039 203298 17 766
34060 203504 18 794
34079 203105 16 726
34097 202789 16 734
34115 202983 15 706
34134 203524 16 741
34153 203484 17 760
34171 203000 16 738
34194 204336 20 788
34223 203461 26 726
34243 202805 18 756
34263 203523 17 756
34281 203300 16 735
34301 204459 18 778
34321 204474 17 764
34340 203496 17 771
34360 203485 18 800
34379 203352 17 755
34401 202960 19 764
34425 203188 22 750
34444 204149 17 772
34463 202667 16 731
34484 203483 17 761
34503 202061 17 740
34521 202339 16 732
34540 202866 16 726
34559 203320 16 728
34579 203675 17 765
34600 202441 19 749
34624 203377 22 735
34643 202963 17 727
34663 203827 17 770
34682 203412 17 758
34702 203406 16 743
34721 203416 16 731
34741 202924 17 784
34759 202173 16 747
34779 204903 17 781
34801 202379 19 757
34828 203060 25 772
34847 204061 17 766
34866 202576 17 756
34886 203448 17 765
34905 202696 16 715
34924 202760 17 738
34943 202757 17 746
34963 203287 17 774
34983 203367 17 768
35003 203379 18 713
35029 203715 23 793
35049 203148 18 750
35068 202854 16 737
35087 203376 17 761
35105 202831 16 712
35125 203748 17 764
35144 203279 17 747
35162 203440 16 733
35181 203192 17 752
35201 202962 17 723
35226 202924 21 718
35247 204061 18 778
35267 203160 17 745
35285 202793 16 724
35306 203305 18 772
35325 202055 17 748
35343 203463 16 742
35362 203105 16 725
35381 202924 16 752
35399 203972 16 731
35421 202330 19 720
35448 202832 23 763
35468 203492 17 752
35487 204199 17 751
35506 203612 16 750
35525 203130 17 745
35544 202239 17 744
35564 203913 17 753
35583 203331 17 754
35602 201655 16 731
35628 202754 24 743
35651 202731 18 769
35669 202378 16 730
35688 202562 16 706
35707 203143 17 747
35726 202860 16 730
35746 202200 17 775
35764 202839 16 723
35784 203559 18 755
35803 202549 16 734
35825 203155 19 765
35848 202884 20 748
35868 203540 17 755
35887 202088 16 734
35906 202381 17 741
35926 203351 17 773
35945 203929 17 754
35964 204029 17 772
35983 203169 16 720
36002 203345 17 776
36023 203444 19 754
36048 203852 22 752
36068 203153 17 768
36086 202229 16 739
36105 202969 16 744
36124 203533 17 763
36143 203198 16 738
36162 202657 16 752
36181 202965 16 738
36201 203561 17 799
36221 201836 18 725
36246 202764 22 763
36266 203712 18 777
36285 202707 16 721
36304 202425 17 727
36323 202128 16 715
36341 203060 16 733
36360 203540 17 770
36380 203229 17 755
36400 202594 18 761
36420 202816 17 742
36445 203512 22 746
36465 202090 16 721
36486 202532 18 750
36505 203258 17 767
36524 202800 16 749
36544 203373 17 729
36563 203204 17 746
36581 203822 16 738
36600 203420 16 732
36619 203417 17 767
36643 204027 21 746
36666 202167 19 739
36685 202698 16 744
36704 203227 16 728
36723 203126 17 757
36742 202575 17 750
36763 204347 18 781
36782 202751 17 750
36800 202325 16 736
36819 202291 16 737
36842 203223 21 765
36869 202937 23 737
36888 203230 16 739
36909 202251 18 780
36928 202715 16 728
36947 202527 17 755
36966 202537 16 720
36984 202220 16 707
37003 202036 16 714
37021 202647 16 735
37043 203586 19 776
37070 204804 23 777
37089 202660 17 733
37109 203465 18 739
37128 202892 17 758
37147 202839 16 725
37165 202668 16 733
37185 202706 17 746
37205 204229 17 769
37223 202986 16 738
37243 202425 17 691
37268 205009 23 748
37288 202799 17 767
37307 203661 17 779
37327 204121 18 794
37346 202833 17 750
37365 202195 16 740
37385 203934 17 790
37404 203107 17 757
37423 202478 17 754
37444 202450 19 741
37468 202638 22 736
37487 203570 17 753
37506 202444 16 725
37525 202301 17 709
37544 202905 16 728
37563 203495 17 761
37582 203213 16 735
37600 202637 16 713
37619 202861 17 759
37639 203047 18 723
37665 201996 22 723
37683 202484 16 725
37702 203362 16 743
37722 203041 17 750
37743 202767 18 762
37762 203197 17 735
37782 203308 17 772
37800 203162 16 711
37820 203221 17 769
37839 202993 17 770
37864 203258 21 776
37884 203379 17 745
37903 202811 17 761
37922 203000 17 743
37941 203593 17 757
37961 203254 17 764
37981 203565 17 769
37999 202695 16 730
38019 202584 17 760
38037 203148 16 735
38069 204281 30 793
38092 202732 19 738
38110 203200 16 734
38130 203696 18 775
38149 202853 16 723
38169 204081 17 786
38189 202738 17 768
38208 203368 16 753
38227 202630 17 765
38246 203873 17 750
38273 202882 24 748
38293 204503 17 742
38312 203203 17 782
38333 202856 18 738
38352 202152 17 752
38371 203463 17 748
38390 203916 17 756
38409 203270 17 756
38429 203185 18 776
38450 203616 18 773
38474 202590 21 729
38496 203710 19 763
38516 202674 17 751
38535 202910 16 752
38554 202941 17 779
38573 202741 16 751
38592 204519 16 754
38611 203140 17 749
38630 201612 16 724
38649 203915 16 749
38671 203077 20 750
38694 202416 19 751
38714 202892 18 773
38734 201987 17 740
38754 202415 17 759
38773 202699 17 766
38792 202961 16 743
38812 203121 17 758
38831 202705 17 724
38850 202183 16 704
38871 202766 19 739
38896 203143 22 784
38915 202239 17 737
38935 202872 17 750
38957 203435 19 754
38976 202568 17 751
38995 202084 17 732
39014 203152 17 750
39034 203058 17 740
39052 203207 16 736
39074 203164 19 744
39099 202934 21 721
39118 203267 16 730
39137 203623 17 746
39156 202743 17 728
39175 203430 16 731
39194 203251 16 747
39225 202716 29 738
39255 202299 26 754
39294 203474 36 767
39317 201965 19 734
39337 203061 17 756
39358 203448 18 742
39377 202973 17 742
39396 203337 17 747
39416 203166 17 770
39435 202849 16 731
39453 203221 16 738
39475 203429 19 766
39500 203820 23 779
39521 203012 18 751
39540 203637 17 753
39562 203733 19 772
39582 202893 18 792
39601 203618 16 743
39620 202853 16 734
39639 202777 17 761
39658 202226 17 762
39679 203026 18 714
39704 203861 23 739
39724 203375 17 774
39747 202649 21 768
39765 202578 16 733
39784 202670 16 720
39803 203299 17 754
39821 202768 16 725
39842 203481 18 726
39861 203731 17 754
39883 203569 20 756
39903 203516 17 760
39922 203470 17 781
39947 202931 22 770
39968 203083 19 744
39992 203315 20 740
40015 202563 17 752
40034 203821 17 745
40054 202555 17 756
40074 203123 17 743
40099 203507 21 745
40119 202351 18 763
40141 203352 19 764
40160 202538 16 728
40180 203176 17 769
40199 202421 17 726
40219 203992 17 765
40238 203521 17 747
40256 204276 16 735
40275 203374 16 736
40299 203870 22 792
40322 203463 19 714
40342 203354 17 755
40360 202445 16 723
40378 202684 16 725
40397 202778 17 763
40417 202845 18 770
40436 202732 17 737
40455 201840 17 745
40474 203685 16 727
40495 202639 18 751
40521 203625 23 742
40541 204252 18 801
40561 203827 18 751
40580 203315 17 745
40600 202421 17 752
40620 202455 17 759
40639 203148 16 729
40657 201878 16 715
40676 203236 16 740
40697 203608 19 770
40728 204144 28 755
40747 202469 17 751
40767 203075 17 737
40787 203133 17 762
40806 203956 17 775
40824 202350 16 715
40843 203064 16 735
40862 203356 16 748
40880 202914 16 721
40901 203035 19 771
40924 202448 21 736
40943 203173 16 723
40963 203281 17 775
40982 203982 17 750
41000 202222 16 724
41020 203724 17 786
41040 202361 18 790
41060 202491 17 752
41080 202614 17 754
41101 203527 18 749
41126 202998 23 757
41145 202767 17 748
41165 202351 18 717
41186 204483 18 774
41206 203317 18 781
41224 203002 16 715
41244 203491 17 790
41262 202822 16 731
41281 202104 16 752
41302 202359 19 740
41329 202274 25 746
41348 202421 16 739
41367 202571 16 739
41386 202132 17 753
41406 203784 17 744
41425 202530 17 756
41444 203736 16 736
41462 201583 16 721
41481 203719 16 726
41501 203109 18 745
41529 202671 25 766
41549 203804 17 772
41569 203795 17 745
41589 202097 18 760
41609 202141 17 735
41628 203303 17 744
41647 203366 16 740
41666 203671 17 765
41684 203130 16 726
41706 202634 20 741
41732 202875 23 739
41751 202810 16 733
41769 202069 16 723
41788 202580 16 740
41806 202406 16 735
41825 203068 16 702
41843 202222 16 718
41862 203594 17 758
41881 202633 17 743
41900 202963 16 750
41924 201881 21 727
41951 203244 22 738
41970 203184 17 731
41990 202498 18 721
42009 202618 16 716
42028 201715 16 726
42049 202505 19 736
42069 203478 17 746
42088 202418 17 728
42109 203488 19 772
42134 202205 21 746
42155 204095 17 776
42174 203113 17 761
42194 203019 17 725
42212 202627 16 716
42232 203699 18 781
42251 202926 16 744
42270 203755 17 750
42289 203766 17 758
42309 203366 17 740
42334 202742 22 746
42354 203068 17 772
42373 202888 16 746
42392 202390 16 722
42410 202447 16 726
42430 203191 17 769
42449 202036 17 748
42468 203336 17 738
42488 203022 17 738
42507 202869 16 724
42529 203179 20 741
42555 203218 21 764
42575 202490 18 716
42594 202799 17 732
42612 202189 16 713
42631 203025 16 754
42651 203419 17 781
42669 203054 16 733
42688 202996 16 746
42707 201957 16 719
42728 201750 19 747
42752 202405 21 729
42770 202603 16 729
42789 203248 17 749
42809 203566 17 729
42828 203176 17 736
42848 203826 17 761
42866 202492 16 742
42887 203217 18 800
42906 204101 17 764
42927 203223 19 762
42951 202497 22 729
42970 203276 17 772
42989 202941 16 724
43008 203334 17 751
43028 203323 17 776
43047 203451 16 740
43065 203114 16 738
43083 202867 16 714
43102 202955 16 755
43122 202968 17 750
43147 202954 21 758
43167 203443 17 753
43186 202744 17 774
43206 203147 17 744
43225 203017 16 738
43245 203671 17 771
43264 203687 17 759
43282 202638 16 737
43301 202590 16 712
43320 203069 16 738
43343 201623 21 734
43370 203942 23 773
43389 203365 17 734
43409 203408 17 745
43429 202871 17 725
43448 202820 17 738
43466 202433 16 718
43485 202469 17 759
43505 202673 17 766
43524 203707 16 750
43549 203996 23 772
43569 202269 17 717
43588 202864 16 748
43607 202849 16 748
43626 202795 17 780
43644 202415 15 709
43662 202435 16 724
43681 202514 16 739
43700 202300 17 777
43719 202995 16 745
43740 203108 19 778
43765 201889 22 754
43784 202934 16 747
43803 204419 16 747
43823 203284 18 740
43842 202314 16 741
43861 202714 16 726
43879 202974 16 746
43898 202271 16 747
43917 202824 16 721
43938 203054 19 770
43962 202731 22 712
43982 203480 17 760
44002 202633 18 734
44021 202599 17 757
44040 202604 16 733
44058 202827 16 721
44078 203388 17 741
44098 203343 18 770
44119 203787 18 792
44139 202793 18 747
44165 203945 23 814
44184 203651 17 758
44204 203454 17 769
44222 202395 16 714
44241 202221 17 730
44262 202512 18 783
44280 202872 16 741
44299 202518 16 743
44318 202595 16 727
44337 203151 17 757
44359 202571 20 734
44384 203026 21 750
44403 201384 16 744
44423 203248 17 761
44443 203886 18 771
44462 202471 16 727
44481 202649 17 740
44500 202801 16 741
44519 203051 17 759
44538 202897 17 738
44560 203167 19 742
44592 202195 28 750
44611 204379 17 774
44632 203160 18 766
44651 201992 17 735
44671 203494 17 774
44690 203443 16 751
44708 202061 16 736
44728 202394 17 787
44748 203920 18 766
44774 202253 23 732
44794 202722 17 747
44813 203055 16 733
44832 203163 17 756
44851 202967 17 756
44871 203155 17 766
44890 203049 16 729
44909 202456 17 733
44929 202984 17 753
44947 203153 16 722
44972 203605 22 743
44996 203318 20 769
45015 203211 17 746
45036 202942 18 764
45055 203906 17 747
45075 203254 17 738
45093 202832 16 712
45112 203154 17 736
45131 203136 17 738
45150 203356 16 716
45175 203426 22 729
45197 201441 17 747
45216 202916 16 742
45236 203197 17 772
45257 202465 18 765
45276 202458 17 750
45296 204310 18 783
45315 203796 17 771
45335 204023 17 775
45354 202272 16 739
45380 203093 23 756
45401 204091 18 767
45420 203253 17 750
45440 203754 17 762
45459 202886 17 759
45477 203389 16 736
45498 203910 18 785
45517 202817 17 764
45537 203403 17 739
45555 202304 16 731
45578 202301 20 761
45601 203398 19 782
45620 202209 17 729
45640 203027 17 763
45658 202308 16 721
45676 202374 16 728
45695 202627 17 746
45714 202422 16 727
45733 203688 17 762
45752 202241 17 759
45772 202723 18 731
45797 203925 22 743
45817 203463 17 764
45835 203010 16 737
45855 203275 18 742
45874 201846 16 729
45894 203124 17 758
45913 203149 17 773
45931 202493 16 723
45951 203001 17 759
45971 202820 18 743
45999 203989 25 754
46019 202590 17 740
46038 202728 17 740
46059 203878 18 784
46077 202513 16 724
46096 202976 17 751
46116 204125 17 779
46136 202966 18 765
46155 203147 17 760
46176 203463 18 736
46201 203816 23 753
46220 203635 16 748
46239 203256 17 761
46259 202385 18 733
46278 202548 16 726
46297 202617 16 745
46316 203170 16 747
46335 202566 16 744
46354 202575 17 763
46375 203419 18 763
46399 203203 22 737
46419 203006 17 749
46438 202646 17 756
46457 202906 17 746
46477 203982 18 770
46497 202560 17 757
46516 203418 16 726
46535 202497 16 742
46554 203025 17 744
46572 201921 16 714
46596 203905 21 751
46618 203469 18 730
46637 203157 17 772
46658 203136 18 772
46678 203376 17 747
46697 201906 17 749
46716 202219 17 736
46737 203130 18 777
46756 202397 17 742
46776 203169 18 791
46802 203099 22 751
46822 203707 17 755
46842 202806 17 748
46861 203538 17 747
46880 202898 17 761
46900 202855 17 783
46919 202776 17 745
46938 203262 17 770
46958 203191 17 758
46977 202564 16 742
47002 203530 22 758
47023 203395 18 729
47041 203142 16 720
47061 202660 17 766
47080 202292 16 750
47098 202651 16 727
47118 204155 18 787
47138 203023 17 742
47156 203249 16 704
47176 203688 17 758
47202 202694 24 778
47231 202601 25 707
47254 203670 20 747
47277 204608 20 770
47297 203248 18 757
47316 202540 17 746
47336 203239 17 755
47356 203094 17 762
47375 202581 16 730
47395 202643 18 736
47416 202738 18 789
47440 202963 22 728
47462 203172 19 722
47483 203701 18 768
47503 204521 17 769
47522 203278 17 774
47541 202806 16 748
47560 203342 17 769
47579 202862 16 722
47599 202525 18 749
47623 203094 22 739
47643 203118 17 755
47663 202766 17 746
47682 202133 17 719
47701 203357 17 768
47721 203534 17 766
47740 202662 16 749
47759 202985 17 766
47777 202329 16 729
47799 202851 19 752
47824 202820 23 721
47844 202873 18 770
47863 203180 16 735
47884 202541 18 740
47903 202751 17 755
47923 202923 17 742
47942 203000 17 746
47960 202393 16 699
47980 203291 17 751
48001 202847 18 746
48027 203450 23 762
48046 202560 16 739
48065 202113 17 754
48084 203544 17 767
48103 202767 17 761
48122 201234 16 723
48141 202490 16 734
48160 202237 17 757
48179 203166 17 762
48199 203578 17 769
48225 202656 22 752
48245 202417 17 745
48264 203333 17 762
48284 203396 18 751
48303 202511 17 743
48322 203111 16 722
48341 202971 16 734
48359 201979 16 715
48380 203371 18 829
48399 203179 17 758
48420 202101 18 710
48448 203562 24 742
48468 202205 18 737
48487 202852 16 712
48506 203357 17 750
48524 203383 16 719
48544 202899 17 782
48562 203265 16 715
48581 202870 16 748
48600 203755 17 766
48627 202709 25 754
48649 202944 18 739
48669 203704 17 766
48688 202849 16 757
48706 203231 16 738
48725 203003 17 766
48744 203559 17 765
48764 203702 17 780
48782 203333 16 732
48802 203599 17 771
48822 202296 18 734
48846 201847 21 718
48866 203299 17 757
48886 202461 18 782
48906 202918 17 753
48925 202000 16 728
48944 202766 17 768
48963 203308 16 749
48982 203406 17 745
49001 203609 17 762
49023 203430 20 741
49049 203425 24 749
49069 202655 17 756
49088 202477 16 737
49109 202646 18 747
49128 202918 17 744
49147 202953 17 732
49165 202307 16 731
49184 203052 16 739
49203 202746 16 740
49225 203097 20 768
49250 203462 22 723
49268 202802 16 723
49288 203301 17 749
49306 202115 16 730
49326 203140 17 762
49344 202495 16 739
49363 203315 17 762
49383 202859 17 772
49402 202261 17 753
49424 202841 19 765
49448 203304 22 748
49468 202484 17 758
49488 202463 17 756
49509 202981 19 776
49528 203322 16 721
49548 203920 17 771
49567 202379 17 760
49585 202893 16 726
49604 203759 16 751
49625 203391 18 773
49649 203313 21 750
49669 203339 17 742
49689 203930 17 753
49708 203921 17 713
49728 202970 17 757
49747 203355 16 751
49765 202818 16 726
49784 201978 17 753
49803 202870 16 737
49822 202858 17 764
49854 202606 29 743
49875 203372 17 749
49894 204326 17 762
49913 203203 16 750
49931 203846 16 729
49950 202801 16 730
49969 203915 17 766
49989 203824 17 766
50007 203021 16 730
50026 202837 16 728
50053 203334 24 770
50073 203781 17 733
50092 202090 17 751
50111 203952 16 741
50130 203074 16 745
50149 203138 16 755
50167 202339 16 722
50186 203027 16 752
50205 203318 17 769
50224 202953 16 738
50244 202412 18 736
50270 202863 23 740
50289 202871 17 767
50310 203275 18 779
50330 204028 17 767
50349 202728 17 762
50369 203699 17 761
50387 202967 16 722
50406 203053 17 753
50425 202511 16 738
50447 203031 19 737
50473 202372 23 747
50492 202882 17 749
50512 203965 17 759
50531 202908 16 733
50549 202562 16 722
50569 203304 17 763
50587 203223 16 737
50606 203404 17 750
50626 203081 17 761
50646 202742 18 720
50672 202650 23 739
50691 203340 17 767
50710 202716 17 751
50730 203038 18 722
50749 202502 16 726
50768 202480 17 756
50787 203793 16 733
50806 203521 16 743
50826 203384 18 770
50847 204444 18 747
50871 201001 22 723
50890 202097 16 734
50909 203655 16 731
50929 202789 18 772
50948 203327 17 737
50968 203667 17 769
50989 203250 18 789
51007 203174 16 745
51027 204004 17 773
51048 202801 18 757
51078 203071 27 743
51098 203492 17 756
51116 201612 16 719
51135 202714 16 726
51154 202727 17 754
51173 202289 17 766
51192 203265 17 768
51211 203276 16 724
51230 202467 17 758
51250 203439 18 740
51276 203077 24 734
51297 203574 17 774
51318 202635 18 760
51338 203219 18 779
51358 204252 17 768
51376 203391 16 739
51395 203103 16 718
51414 203711 17 776
51433 203506 16 732
51452 203106 17 740
51476 203432 21 756
51496 202416 17 743
51515 203492 17 766
51536 203199 18 774
51556 203705 17 754
51575 202700 17 769
51593 202243 16 711
51613 203296 17 769
51632 203077 17 751
51651 204386 17 756
51675 203409 21 751
51697 203684 19 779
51717 202533 17 734
51736 203468 17 776
51756 203719 17 763
51775 202085 17 750
51794 202811 17 752
51813 201725 16 721
51833 204039 17 781
51853 202949 17 766
51876 202001 21 738
51899 202342 20 718
51919 203807 17 770
51939 202409 17 724
51958 203413 16 731
51977 203343 17 755
51997 203639 18 786
52016 202513 16 708
52034 202400 16 720
52053 202481 16 716
52075 203170 20 760
52101 202345 21 733
52120 203873 17 755
52140 202302 18 746
52160 202896 17 778
52178 202661 16 742
52197 202685 16 754
52216 203099 17 769
52235 203175 16 738
52254 202704 16 745
52275 203206 19 747
52300 202099 22 726
52319 202648 17 761
52339 202968 17 741
52356 203432 15 697
52376 203176 17 787
52395 203557 17 769
52415 203291 17 754
52434 204522 17 784
52454 202351 17 775
52475 203629 19 754
52505 203407 27 749
52524 203180 17 744
52546 203192 19 789
52565 203445 17 750
52584 203465 16 725
52603 202062 16 749
52621 202489 16 729
52641 202633 17 771
52660 202849 17 743
52682 203424 20 772
52707 202122 22 747
52727 202501 18 728
52747 203184 17 766
52766 203510 17 769
52785 202197 16 712
52804 202956 17 739
52824 203538 17 752
52842 202594 16 715
52862 202491 17 750
52883 203355 19 769
52907 202161 22 721
52926 202587 16 738
52945 203055 16 745
52965 202840 17 752
52983 202731 16 725
53002 203743 17 752
53021 203357 16 727
53039 203202 16 733
53058 202924 16 747
53077 203910 16 705
53102 203192 22 733
53122 203003 18 761
53141 202305 16 726
53161 202745 18 740
53180 202964 17 754
53199 202590 16 736
53218 203550 17 774
53237 202895 16 744
53256 202735 16 739
53276 202362 17 757
53302 202582 23 757
53323 204192 18 748
53342 202822 16 747
53363 202864 18 773
53382 203768 17 743
53401 203734 16 746
53420 202604 16 699
53438 203160 16 738
53457 203537 17 763
53476 203087 17 756
53498 203466 19 738
53522 203039 20 765
53542 203899 18 775
53562 203793 17 801
53581 203055 17 746
53601 203263 17 764
53619 203181 16 720
53638 202598 16 736
53657 202528 16 736
53676 204673 16 747
53697 203452 19 732
53727 202662 27 730
53746 203246 17 737
53767 202192 18 734
53786 203127 17 760
53807 203138 18 761
53826 202844 17 738
53845 203421 17 744
53863 203351 16 723
53882 203071 16 725
53906 202516 22 765
53930 203461 20 781
53950 201872 18 768
53971 203825 18 761
53990 204048 17 767
54009 202625 16 733
54028 203114 17 765
54047 202632 16 734
54066 203200 16 738
54084 202840 16 735
54106 203177 19 755
54131 202962 21 718
54151 203621 17 779
54170 202974 17 754
54190 202942 17 751
54210 203381 17 772
54228 202563 16 729
54248 203206 17 757
54267 202247 17 750
54285 202154 16 735
54307 203956 19 782
54332 203094 22 770
54351 202696 17 741
54369 202775 15 708
54388 202088 16 735
54407 202546 16 719
54426 203916 17 770
54446 203796 17 774
54465 202697 17 745
54484 202292 16 747
54505 202365 19 775
54531 203384 23 756
54550 202525 17 743
54569 203640 17 744
54590 204040 18 758
54609 203002 17 736
54629 203017 17 752
54648 202368 17 747
54667 202365 16 734
54685 202598 16 725
54706 202729 19 746
54731 202824 22 758
54750 202681 17 760
54770 203123 17 740
54789 203186 16 728
54809 203937 18 779
54829 204357 18 785
54848 203057 17 765
54867 201853 16 720
54885 202272 16 735
54903 202826 16 704
54925 203817 19 754
54951 204492 22 783
54975 203243 21 753
54996 203160 18 730
55016 203828 18 792
55035 202877 17 735
55054 203276 17 748
55072 202169 16 723
55091 203225 17 750
55113 203535 19 770
55142 202716 26 722
55163 202730 18 754
55188 202470 23 726
55208 203431 17 754
55228 203624 18 792
55247 203616 16 729
55266 202717 16 735
55285 203117 17 753
55304 202593 17 752
55330 204259 23 799
55352 202212 17 717
55371 202662 17 754
55391 203618 18 745
55411 203651 17 779
55429 203011 16 747
55449 203397 17 741
55468 203205 17 772
55488 202458 17 762
55506 201669 16 707
55526 204041 18 741
55552 202354 23 752
55573 203539 18 784
55594 203163 19 767
55614 203917 17 771
55634 203775 18 781
55654 203996 17 756
55673 203049 16 729
55692 203134 17 745
55712 203200 17 764
55738 202990 24 747
55760 203487 18 750
55780 203164 17 723
55801 204145 18 761
55819 202724 16 699
55838 202952 17 755
55856 202252 16 731
55876 202719 17 764
55895 203598 17 768
55914 202566 17 754
55936 203105 20 729
55960 203574 20 748
55980 204029 17 749
55999 203339 17 749
56018 202122 16 739
56036 202108 16 728
56056 203846 17 773
56076 203967 18 777
56095 203925 17 737
56115 203447 17 751
56137 203671 19 787
56161 202367 21 757
56179 203050 16 718
56200 203129 19 769
56220 203771 16 726
56240 203444 17 754
56260 202725 17 765
56279 203037 17 756
56298 203831 17 744
56318 203190 17 767
56340 203228 20 739
56375 203383 31 762
56396 203144 19 765
56416 203256 18 784
56436 202750 17 766
56455 202583 16 730
56473 201860 16 732
56493 204240 18 784
56511 203448 16 728
56530 202594 16 746
56552 201432 20 754
56578 204372 23 747
56598 203140 17 750
56616 202448 16 715
56635 203322 17 755
56655 203439 18 801
56674 203790 16 742
56693 202952 16 752
56712 202580 17 745
56731 202762 17 773
56752 203283 18 743
56778 201482 24 733
56796 202296 16 725
56815 202804 17 750
56836 202374 18 747
56855 202642 17 738
56875 204428 18 776
56894 202653 17 756
56914 203130 17 769
56933 203530 17 763
56956 203949 20 761
56981 203719 23 767
57000 203435 17 759
57019 202416 16 743
57039 202621 18 745
57057 202902 16 723
57077 203128 18 799
57096 203225 16 726
57115 203863 17 772
57135 203825 17 754
57156 201661 19 729
57181 203671 22 752
57200 203053 16 733
57220 203469 18 780
57239 202999 17 741
57258 203546 16 716
57277 203430 16 724
57296 203517 17 763
57316 203373 17 777
57335 202961 16 751
57355 203004 18 752
57381 203908 23 763
57401 202658 17 735
57420 201801 16 727
57440 203046 17 725
57459 204050 17 757
57478 202609 16 730
57497 201966 17 766
57515 203522 16 727
57535 204233 17 775
57554 202508 16 729
57579 203110 22 770
57601 203584 18 755
57621 202658 17 770
57641 202319 17 731
57659 202967 16 737
57678 203966 17 764
57698 203138 17 797
57716 202069 16 728
57735 202307 17 753
57754 202767 16 726
57779 203563 23 743
57803 204186 20 743
57822 202970 16 742
57841 203410 17 748
57860 202447 17 751
57879 202779 17 748
57898 203173 17 753
57917 203256 17 759
57936 203391 16 734
57955 203500 17 772
57978 203672 20 755
58001 202924 19 748
58020 202814 16 735
58039 202431 17 754
58058 203038 17 754
58076 202666 16 715
58094 202814 16 741
58113 203457 17 760
58132 203107 17 755
58151 202343 16 717
58171 202916 18 721
58196 203598 23 754
58215 202186 16 732
58235 203798 17 765
58256 203269 19 781
58276 202857 17 769
58295 203917 17 748
58315 203722 17 786
58333 203452 16 720
58352 202933 16 745
58374 203877 19 782
58398 202989 21 732
58417 203325 17 746
58436 203055 16 745
58455 203222 17 755
58474 201735 16 704
58493 202848 17 731
58513 202435 17 765
58532 204159 17 748
58550 202327 16 709
58569 204038 16 724
58594 202802 23 732
58616 203520 18 754
58635 204163 17 742
58656 204820 19 780
58676 202300 17 761
58695 202838 17 739
58714 203290 17 745
58734 202641 17 765
58752 202755 16 743
58772 203664 17 742
58796 203028 22 762
58818 202420 18 760
58838 203487 17 750
58859 203434 18 748
58878 203937 17 761
58897 202353 17 754
58916 203652 17 752
58936 203158 17 765
58956 202534 17 761
58975 203327 17 767
59000 202986 22 754
59025 203408 22 753
59044 202725 16 732
59063 202755 17 789
59082 203258 16 725
59101 202986 17 764
59119 202071 16 716
59137 202177 16 716
59157 203158 17 770
59175 203388 16 752
59197 203137 20 764
59223 202587 22 733
59244 203632 18 759
59263 203439 17 766
59283 203441 17 771
59303 203307 17 765
59322 203894 17 736
59341 203567 17 745
59361 202441 17 738
59380 202652 17 733
59405 202653 22 763
59427 204310 19 738
59447 203364 17 754
59467 203311 18 776
59487 201959 17 717
59506 202551 17 777
59525 203343 16 735
59544 202167 16 726
59563 203309 17 763
59582 203365 17 783
59605 202802 20 754
59628 203058 18 729
59647 203556 17 768
59665 202753 16 703
59684 202189 16 713
59703 202646 16 750
59723 203461 17 771
59743 203657 17 774
59763 203082 17 760
59782 202473 17 757
59802 202757 18 731
59827 202894 22 753
59846 201739 17 755
59865 202974 16 726
59886 201391 18 734
59905 203176 17 738
59925 204016 17 782
59943 202684 16 733
59962 203304 17 757
59981 202982 16 731
60002 203074 19 757
60026 202366 21 741
60047 203273 18 790
60066 202390 17 759
60085 202764 16 745
60106 203053 18 763
60125 203551 17 756
60144 203366 16 744
60163 203155 16 742
60181 203563 16 752
60202 202426 18 729
60236 203671 30 782
60255 202756 17 746
60275 201863 17 754
60294 202610 17 745
60313 202571 17 747
60333 203917 17 766
60352 202066 16 729
60371 202979 17 769
60390 202776 16 732
60411 202689 19 747
60435 202135 22 720
60454 203459 16 734
60472 204015 16 738
60492 202578 17 751
60511 202675 16 737
60529 203261 16 729
60548 202529 16 747
60567 202501 16 749
60585 203174 16 747
60607 203461 19 749
60633 202569 23 748
60652 203127 16 729
60671 202076 17 763
60692 202009 18 751
60712 202689 17 763
60730 203042 16 747
60749 202927 17 756
60768 202416 16 747
60788 203209 17 780
60808 202337 17 736
60833 202525 22 726
60855 203480 18 787
60873 202888 16 712
60894 203441 19 772
60913 202223 17 743
60932 203732 17 749
60951 203350 17 745
60970 203934 16 744
60989 202468 17 744
61011 203391 19 794
61035 203076 21 689
61057 203291 18 761
61076 203373 16 745
61094 202393 16 723
61113 203315 16 740
61131 203490 16 748
61151 203409 17 747
61169 202120 16 718
61188 202466 17 743
61208 203177 17 764
61230 203766 20 741
61255 202036 20 747
61274 202707 17 760
61293 202923 16 744
61312 202418 16 728
61330 202741 16 721
61350 203220 17 771
61369 202724 17 750
61387 203442 16 729
61406 202817 16 739
61426 202469 18 743
61459 202847 30 771
61478 202555 17 725
61499 202789 18 771
61518 202902 17 765
61538 203149 17 749
61557 202721 17 755
61576 203384 17 754
61596 203022 17 771
61615 203448 17 765
61645 202544 28 763
61665 202846 17 747
61684 203452 16 734
61703 201963 17 740
61722 202269 17 742
61741 202927 17 753
61760 202758 16 742
61779 203617 17 767
61798 202941 17 749
61818 203905 17 785
61839 203837 19 743
61863 202998 19 746
61882 202270 17 749
61903 203266 18 770
61922 202894 17 776
61942 203449 17 778
61961 203123 16 738
61979 201543 16 712
61998 202989 16 745
62016 203532 16 730
62037 202480 19 738
62061 202172 21 721
62080 203295 17 711
62100 203685 17 798
62120 202746 17 741
62139 203041 17 746
62159 201977 17 743
62178 202542 17 741
62197 202927 17 730
62217 202786 17 755
62237 202527 18 737
62260 203755 20 723
62280 203368 17 773
62298 202682 16 729
62317 202732 16 750
62336 203337 16 747
62355 202181 16 731
62374 203183 17 753
62392 203024 16 721
62411 202345 16 737
62431 203111 17 766
62452 201685 18 717
62477 203182 22 746
62500 203179 20 726
62522 203336 19 755
62542 203997 18 777
62562 202948 17 774
62581 203393 16 736
62599 203141 16 748
62618 203051 16 737
62641 203389 20 751
62660 203129 16 723
62685 203242 22 770
62707 202862 20 745
62728 203498 19 761
62747 202960 17 746
62766 203634 17 750
62784 202430 16 713
62804 203209 17 762
62823 203508 17 767
62844 202751 19 745
62873 203462 26 768
62892 202943 17 742
62913 202533 18 741
62931 202271 16 728
62951 202441 17 722
62971 202796 17 777
62989 202257 16 728
63007 202460 15 695
63026 203533 17 776
63048 203932 20 755
63072 202743 21 702
63090 202111 16 715
63110 203591 17 784
63129 203266 16 735
63148 203147 17 736
63168 204264 18 793
63187 202750 17 760
63206 203417 16 745
63226 203739 17 773
63245 201814 17 729
63269 202835 21 725
63290 203738 17 756
63309 203473 17 785
63330 203480 18 749
63348 202742 16 724
63367 202583 16 704
63385 202466 16 724
63404 203066 16 749
63423 202541 16 738
63442 203268 17 758
63464 203137 20 732
63487 202678 18 733
63507 201755 17 752
63526 202926 17 729
63546 203404 17 773
63565 203199 17 757
63583 202986 16 728
63602 202461 16 739
63620 202506 16 708
63640 203940 17 782
63661 203325 19 747
63686 203256 22 768
63704 202239 16 726
63723 203779 17 749
63743 203401 18 738
63762 203614 16 750
63781 202746 16 749
63799 202182 16 730
63818 202810 17 761
63837 202533 16 735
63858 202689 18 725
63886 202641 25 768
63907 203260 18 747
63926 203174 17 732
63945 202624 16 720
63964 203001 17 748
63983 203096 17 754
64002 203577 17 763
64021 203139 17 762
64041 202404 17 760
64062 203532 19 715
64091 202624 26 767
64110 203305 17 744
64129 202702 17 750
64149 203225 17 762
64167 202397 16 729
64186 203071 17 757
64205 203089 17 721
64224 202916 16 734
64243 203454 16 727
64263 203537 18 743
64288 202224 22 741
64308 203502 16 732
64327 202932 17 770
64347 203513 17 746
64366 203640 17 747
64386 201973 17 755
64405 203331 17 749
64424 202638 16 742
64443 203314 17 751
64464 203113 18 770
64489 203595 22 772
64509 202529 17 753
64528 202874 17 745
64571 202374 16 725
64590 203130 16 737
64608 201902 16 729
64627 202536 16 753
64646 203013 17 761
64665 203043 16 736
64692 202917 24 777
64712 203027 17 759
64731 203159 17 747
64751 203265 17 765
64770 202596 17 740
64789 202444 16 734
64808 202531 16 750
64826 202428 16 749
64846 203033 17 768
64864 201570 16 731
64890 202644 23 749
64911 203252 17 759
64930 202840 17 754
64950 203883 17 765
64969 203303 16 742
64988 204074 17 791
65006 202709 16 711
65025 203455 16 749
65044 202594 17 750
65063 202955 16 723
65084 203899 19 764
65109 203672 22 743
65128 202049 16 728
65147 203369 17 755
65168 203300 18 779
65187 202915 17 730
65206 202733 16 719
65225 203360 17 753
65244 202491 16 748
65263 203613 16 745
65284 202401 18 749
65308 202904 22 752
65326 202181 16 735
65346 202421 17 751
65365 203374 17 755
65385 202866 17 753
65404 203688 17 740
65422 202769 16 724
65441 202524 17 763
65461 203679 17 794
65484 203701 20 750
65512 202466 25 742
65532 203653 17 779
65551 203396 17 751
65572 203314 18 790
65591 202339 17 734
65610 204051 17 746
65629 203586 17 768
65648 202279 16 745
65667 204103 17 776
65688 203347 19 767
65715 203485 24 759
65735 203837 18 782
65755 203151 18 780
65776 203112 18 744
65796 203146 17 762
65816 202705 17 769
65835 203022 17 745
65853 202388 16 733
65872 201768 16 732
65893 202914 19 742
65917 202786 22 726
65936 202864 17 758
65956 203279 17 767
65977 202560 18 746
65996 202689 17 755
66014 202872 16 709
66034 203216 18 801
66054 204019 17 784
66072 202897 16 731
66093 201967 18 721
66119 202749 24 734
66139 202934 17 757
66158 202890 17 746
66177 203391 16 731
66196 203222 17 759
66215 203236 17 734
66235 202680 17 745
66254 203576 17 755
66274 202974 17 743
66295 202548 19 774
66323 203952 25 772
66342 203079 17 756
66360 201815 15 678
66381 203600 18 781
66400 203432 17 747
66419 202559 17 767
66439 202247 17 754
66456 202088 15 694
66474 203408 16 708
66494 203639 17 759
66518 202263 20 703
66538 202374 17 714
66558 203488 17 748
66578 202905 18 764
66597 202620 16 723
66615 203298 16 738
66634 202393 16 737
66653 203000 16 735
66671 201950 16 727
66690 204015 17 759
66713 203743 21 776
66742 202245 25 723
66762 203514 17 762
66782 202519 17 747
66801 203484 17 744
66821 203081 17 777
66839 202670 16 729
66858 203058 16 735
66876 203621 16 717
66896 203359 18 809
66924 203637 24 739
66945 202831 18 748
66965 203527 18 776
66986 204745 18 756
67005 203552 16 739
67023 202572 16 721
67042 203807 16 725
67061 202216 17 771
67080 203115 16 723
67098 202992 16 732
67124 203086 23 781
67147 202390 20 743
67167 203541 17 745
67187 203065 18 761
67206 202120 16 743
67225 203561 17 755
67244 203758 16 729
67263 203553 17 751
67282 202537 16 733
67300 201292 16 702
67323 202940 20 766
67346 203205 19 755
67364 202572 16 730
67384 203093 17 773
67403 203504 17 760
67422 203451 17 756
67441 202249 16 703
67459 203134 16 738
67478 202739 16 716
67496 203565 16 731
67517 202441 18 722
67543 203780 23 746
67561 203599 16 735
67580 203880 16 736
67600 203462 18 736
67619 202991 17 734
67638 202613 17 741
67657 203198 16 740
67675 202761 16 728
67695 203724 17 763
67716 203165 19 747
67741 202494 22 727
67762 202894 17 777
67781 203519 17 778
67800 203391 17 759
67820 203032 17 730
67839 202667 16 733
67857 203347 16 745
67876 201337 16 717
67895 203910 17 759
67914 203303 17 768
67938 203117 21 758
67960 204144 19 760
67979 202886 17 752
68000 203818 18 750
68018 202339 16 724
68037 203680 17 755
68056 202888 16 734
68075 201945 16 749
68094 202650 17 744
68113 201994 17 742
68136 203152 21 761
68163 202550 21 751
68181 202717 16 730
68200 201413 16 742
68219 201619 16 747
68238 202981 17 740
68258 202785 18 775
68277 201961 16 715
68296 203687 17 767
68317 203054 18 784
68339 203361 20 755
68365 202270 21 770
68384 202829 17 748
68404 203225 17 777
68423 202795 16 738
68442 202756 17 742
68460 202921 16 734
68479 203180 16 748
68498 203583 16 740
68517 203376 16 758
68536 203064 17 713
68562 202703 23 739
68580 202847 16 727
68599 202601 17 747
68620 202782 19 769
68640 202901 17 749
68659 202958 17 742
68677 203199 16 738
68696 202859 16 753
68715 202092 16 740
68736 203275 18 744
68760 203325 22 743
68778 201917 16 725
68798 203315 17 757
68816 203360 16 739
68835 203275 16 731
68854 203855 17 784
68873 202741 16 752
68892 202971 16 751
68912 203693 17 760
68930 202064 16 712
68956 202066 23 755
68977 203401 18 756
68996 203175 16 719
69017 202857 18 751
69037 204050 18 784
69056 202509 17 761
69075 203684 16 750
69094 202740 17 769
69113 203055 17 757
69133 203194 17 750
69158 203271 22 745
69180 202091 17 713
69199 203829 16 749
69218 202935 17 731
69238 203984 17 745
69257 203146 16 718
69276 203393 17 745
69295 202636 16 740
69314 203546 17 775
69333 203672 16 722
69356 203368 20 735
69385 201980 24 777
69403 203493 16 731
69422 203119 16 753
69441 203488 16 747
69460 202389 16 736
69479 204192 17 758
69497 203432 16 714
69516 203025 17 754
69536 202648 17 752
69561 202798 23 736
69584 203722 19 752
69603 202832 17 740
69623 203438 17 744
69641 203445 16 726
69661 202237 17 743
69682 203552 18 792
69701 203505 17 787
69721 204206 18 798
69741 202197 17 747
69766 203919 22 741
69787 203485 18 758
69807 204250 17 769
69825 203125 16 723
69845 202664 17 729
69863 202748 16 730
69883 202719 17 744
69903 203519 18 784
69922 202782 17 733
69942 203491 17 762
69964 203018 20 750
69993 202984 25 745
70016 202792 21 752
70037 202454 18 744
70057 202934 17 747
70076 203414 17 757
70095 203090 16 748
70115 203211 17 788
70133 203376 16 723
70154 203075 18 749
70174 203577 17 768
70200 203961 23 789
70224 203239 21 767
70245 202275 19 738
70264 203007 17 755
70283 202908 16 729
70302 203884 17 775
70321 202824 16 721
70340 204311 17 768
70361 203189 19 762
70385 203351 22 741
70405 203334 17 758
70426 203774 18 746
70444 202484 16 719
70463 202628 16 736
70482 203038 16 727
70501 203046 16 739
70520 202872 16 736
70538 201995 16 740
70560 203519 19 760
70583 203081 20 715
70602 202662 17 746
70621 202455 16 721
70642 202787 19 777
70661 202994 17 734
70680 202473 17 732
70699 202793 16 743
70717 201373 15 699
70735 203284 16 714
70754 203220 16 718
70787 202799 31 736
70807 203642 17 747
70826 202985 16 738
70844 203188 16 735
70863 202815 17 754
70882 202278 16 732
70901 204090 17 760
70920 202975 17 755
70940 202722 17 786
70959 202746 16 752
70982 203103 21 750
71005 204679 20 758
71025 203751 17 752
71045 202688 18 765
71064 202885 17 748
71083 203122 16 731
71102 203260 17 756
71123 202797 19 748
71146 203579 20 722
71173 203092 24 720
71197 203180 22 736
71218 203085 18 761
71237 202673 16 724
71257 202671 18 737
71276 203325 17 756
71295 203011 17 751
71314 202629 16 744
71334 204453 17 771
71353 203316 16 742
71373 202904 18 755
71399 202405 23 756
71419 204041 17 766
71438 202733 16 738
71456 202948 16 721
71475 203714 16 744
71495 203192 17 782
71514 203296 16 738
71533 203252 17 785
71553 202851 17 762
71574 204050 18 773
71598 203683 21 761
71618 203727 18 772
71637 202176 16 731
71657 202687 17 772
71676 203098 17 733
71694 202770 16 719
71713 202685 16 734
71733 204293 17 787
71751 203292 16 743
71770 202729 16 720
71793 202725 21 772
71815 202139 18 721
71835 203612 17 759
71855 203907 17 762
71875 203405 18 758
71895 203372 17 772
71914 203138 16 725
71934 204346 17 777
71954 202384 18 746
71973 202570 17 746
71995 202981 20 749
72019 202335 20 748
72039 203305 18 765
72059 203546 18 752
72079 203572 17 779
72098 202677 17 769
72116 203008 16 721
72136 202848 17 765
72154 203139 16 732
72173 203329 17 753
72194 202987 19 747
72224 203568 25 781
72243 202159 17 739
72262 203656 17 743
72281 202362 17 745
72301 203385 17 766
72319 203713 16 726
72339 203840 17 769
72358 202735 17 744
72377 203713 17 777
72401 203375 21 771
72426 201996 21 725
72445 202614 16 727
72465 202642 18 749
72484 202537 17 744
72503 202973 17 757
72522 202325 16 726
72541 203431 17 752
72560 203765 16 746
72578 202661 16 737
72599 203472 18 752
72624 203475 22 730
72644 203622 17 781
72663 203879 16 736
72683 203350 17 736
72702 203560 17 755
72721 203131 16 742
72740 202365 17 773
72759 203013 16 747
72777 201635 16 726
72797 201937 18 711
72822 203592 22 735
72842 203414 17 772
72862 203261 17 767
72880 203131 15 703
72899 202778 16 751
72918 202962 17 768
72937 202882 17 759
72956 203309 16 751
72975 202639 16 743
72995 203708 19 769
73020 203729 22 749
73039 202194 16 717
73058 202546 16 726
73076 201943 16 732
73095 202925 16 721
73114 202811 17 764
73132 204158 16 739
73152 203646 17 758
73171 204242 17 781
73190 202257 16 756
73211 203547 19 755
73236 202697 21 749
73256 203216 17 765
73275 202213 17 749
73295 203140 16 735
73314 203015 17 784
73333 203289 16 734
73352 202399 17 761
73371 203339 17 760
73391 203220 18 783
73420 203110 26 717
73445 203237 20 734
73464 203402 17 737
73483 203092 17 746
73502 202892 16 733
73521 203301 17 754
73540 202860 16 737
73559 203250 16 755
73577 203012 16 727
73596 203287 16 756
73621 203340 22 786
73645 203687 20 764
73664 203350 17 756
73685 203060 18 770
73704 203660 16 724
73723 203178 16 727
73741 203104 16 731
73760 202598 17 771
73779 202551 16 745
73797 202497 16 706
73817 203272 18 730
73841 202302 22 735
73861 204323 17 763
73880 203447 17 749
73898 202785 16 706
73918 203091 16 744
73937 203285 16 751
73957 203565 17 764
73977 203153 18 779
73996 203006 16 744
74017 203758 19 772
74043 202568 23 766
74062 202889 17 754
74081 202579 17 744
74102 203405 18 754
74121 203228 17 761
74139 202552 16 719
74159 204205 17 779
74177 202597 16 742
74196 202139 16 750
74217 202066 19 762
74241 203225 21 746
74261 203199 17 775
74281 202588 17 774
74299 203861 16 744
74318 203135 16 744
74336 202531 16 719
74355 203769 17 752
74375 203217 17 768
74394 203158 16 751
74413 202881 16 745
74436 202521 20 754
74457 202492 17 737
74476 202907 16 728
74495 204064 17 744
74515 203806 17 761
74533 202961 16 746
74553 203153 17 781
74572 203396 16 744
74591 202659 16 735
74611 203608 17 754
74632 203767 19 766
74662 203153 27 755
74681 202544 17 753
74701 204426 18 729
74721 202426 17 735
74740 202441 17 753
74760 203277 18 768
74780 203639 17 765
74800 203399 17 751
74818 202433 16 720
74846 203668 26 769
74866 202252 16 747
74884 202251 16 719
74903 202204 17 735
74923 203153 17 746
74941 202607 16 712
74960 203096 16 749
74978 202986 16 713
74998 203766 17 767
75016 202988 16 738
75038 202745 19 750
75063 203178 22 759
75082 203650 17 745
75102 202788 17 753
75122 202582 17 758
75141 203464 16 718
75160 202570 17 751
75178 203345 16 725
75197 202857 16 750
75217 203377 17 770
75239 203072 19 752
75264 202915 23 740
75283 203059 16 741
75303 203905 18 770
75323 203101 18 752
75343 203816 17 735
75362 203421 17 758
75380 203405 16 724
75400 203306 18 771
75419 202479 16 742
75441 201726 19 750
75465 203135 22 752
75485 205110 18 787
75505 202841 17 749
75525 203369 17 780
75543 201666 16 717
75563 202454 17 761
75582 202901 17 774
75602 202961 17 759
75620 202521 16 737
75641 204403 19 765
75666 203316 23 735
75685 202722 16 742
75705 202851 18 738
75724 201564 16 722
75744 202788 17 770
75763 202918 17 767
75782 203442 16 730
75801 203401 17 765
75821 202721 17 768
75842 202962 19 785
75869 202697 25 755
75889 203363 17 771
75908 203182 16 737
75927 204285 17 724
75946 202260 17 751
75966 203578 17 782
75984 202417 16 722
76003 203563 16 747
76022 203359 17 759
76041 203278 17 741
76067 202732 22 746
76090 202792 20 774
76109 202595 17 715
76128 202511 16 701
76147 202921 17 749
76165 202606 16 705
76185 202228 17 751
76204 203089 17 754
76223 202916 17 744
76244 203901 18 774
76267 202427 20 716
76287 203503 17 755
76306 202936 16 733
76327 202554 18 755
76347 203472 17 751
76367 204085 18 787
76386 203175 17 759
76405 203307 16 757
76424 203112 17 757
76443 201397 16 734
76468 203483 22 764
76491 202961 19 759
76512 203715 18 789
76532 202475 18 748
76550 202192 16 717
76569 203323 17 760
76588 203822 17 762
76607 203581 16 749
76627 203622 18 778
76646 202424 16 727
76671 203343 22 754
76694 202835 19 766
76712 202743 16 723
76731 203497 16 742
76750 203320 16 740
76768 203082 16 733
76787 204073 16 741
76806 202554 16 741
76826 203815 17 790
76845 203155 17 766
76866 203214 19 750
76892 202978 22 744
76910 202558 16 745
76930 202867 17 730
76950 202886 17 747
76969 203179 16 753
76987 203029 16 721
77006 203740 17 757
77025 202974 17 758
77045 202967 17 776
77066 202853 18 738
77089 201766 21 706
77110 203552 18 764
77129 203665 17 785
77149 203330 17 767
77169 203600 17 769
77188 203757 17 774
77206 202716 16 726
77226 203361 17 750
77245 203131 17 743
77265 201946 18 725
77294 203386 26 760
77313 202333 16 731
77333 203382 17 752
77352 202811 17 747
77371 202790 17 753
77390 202520 16 734
77410 203215 17 754
77429 203194 17 746
77448 202594 17 737
77471 202922 20 761
77496 203280 23 738
77516 202871 17 774
77535 203149 17 755
77555 203152 18 749
77575 202441 17 770
77594 203538 17 750
77613 203047 17 761
77633 203480 17 732
77652 203045 17 750
77675 203845 21 772
77701 203498 24 735
77721 203506 17 778
77744 201922 20 704
77764 202493 16 739
77783 203048 17 741
77802 203285 17 746
77821 203303 17 754
77840 202895 16 730
77859 202841 17 756
77881 203138 20 753
77907 202873 23 732
77931 203166 21 721
77953 203343 18 775
77973 202745 17 753
77991 203214 16 739
78010 202929 16 717
78030 202923 17 741
78049 202054 17 731
78068 203343 17 761
78092 202085 21 761
78113 202522 18 735
78133 203226 17 760
78152 203205 17 744
78172 203318 17 776
78191 202954 17 748
78210 203618 17 747
78229 203021 17 754
78248 202450 17 744
78267 203216 17 746
78288 202163 18 738
78314 202255 23 737
78334 203535 17 764
78353 202206 16 721
78372 202678 16 745
78392 202086 17 760
78410 203027 16 733
78429 203897 17 759
78448 202609 17 759
78467 202888 16 743
78489 202265 20 748
78517 202336 25 746
78537 202964 17 768
78556 202239 17 745
78576 203018 17 757
78594 202468 16 694
78612 202110 16 713
78631 203238 16 748
78651 202831 17 777
78669 203556 16 738
78691 203449 19 766
78715 202538 22 731
78734 202223 16 721
78755 203256 18 793
78775 204083 18 784
78794 203239 16 725
78813 203791 16 728
78832 203724 16 727
78851 203041 16 721
78871 203909 17 764
78892 202948 19 738
78918 202915 24 766
78937 202784 16 711
78958 202273 18 728
78977 202615 17 757
78995 202880 16 735
79015 203433 17 763
79034 203099 17 744
79054 203917 17 753
79072 203112 16 724
79093 203388 18 746
79117 202397 21 724
79137 202756 17 747
79156 202655 17 779
79175 203112 16 753
79195 202969 17 779
79213 202986 16 712
79232 202522 16 743
79251 203061 17 764
79271 203287 17 764
79290 202586 17 732
79315 202990 21 748
79337 203179 18 774
79355 202977 16 735
79375 203178 17 749
79394 202979 17 754
79413 203172 16 744
79432 203718 17 755
79452 202887 17 773
79471 203072 17 765
79490 202511 16 727
79513 202058 20 749
79537 203159 20 758
79556 202312 16 720
79575 202053 17 740
79594 203181 17 745
79613 204188 16 736
79632 202844 17 734
79652 202806 17 740
79671 202813 17 740
79690 203497 17 747
79711 202677 19 753
79741 203438 26 744
79760 203086 16 744
79779 202630 17 745
79798 203436 17 737
79818 202916 17 777
79837 202893 17 758
79855 202404 16 720
79874 203145 17 763
79893 202840 17 759
79915 203208 19 716
79940 202909 20 770
79960 203171 18 751
79981 202716 18 736
80000 203862 17 748
80019 203394 16 740
80039 203404 18 798
80058 203303 16 743
80077 203264 17 784
80097 203491 17 757
80120 203422 20 751
80143 202838 18 720
80163 204346 17 762
80184 203392 19 779
80203 203160 16 725
80222 202644 17 738
80241 202834 16 731
80260 203787 16 731
80279 202490 16 739
80299 203537 18 779
80321 202718 20 761
80345 203434 21 762
80364 203715 17 755
80383 202972 17 752
80402 202901 17 755
80421 201912 16 721
80440 202873 17 756
80458 203914 16 740
80478 203126 17 779
80497 202560 17 759
80518 202382 19 742
80544 202029 23 756
80563 203716 17 747
80583 202977 17 755
80603 203507 17 766
80623 203739 18 790
80643 202911 17 771
80661 202686 16 720
80680 201789 17 740
80698 202415 15 704
80719 203375 18 743
80745 202947 23 720
80764 202418 17 750
80784 203395 18 774
80804 203043 18 752
80822 202302 16 718
80841 202655 16 755
80860 202209 16 732
80878 202828 16 745
80897 203707 17 740
80920 203922 20 764
80944 202607 22 738
80964 202600 16 730
80982 203687 16 729
81001 202955 16 732
81020 202646 16 733
81039 203098 17 742
81058 203734 16 745
81078 203231 17 776
81097 203227 17 774
81115 202048 16 736
81142 203067 24 748
81165 202472 20 727
81183 202231 16 720
81203 203336 18 752
81223 203843 17 777
81242 202720 17 758
81261 203640 17 758
81280 202939 17 766
81299 203169 17 746
81319 203867 17 767
81346 202714 25 727
81367 202284 17 756
81386 202947 16 752
81406 203253 18 770
81424 202446 16 728
81443 203008 16 728
81462 203048 17 763
81481 203263 17 748
81499 202692 16 748
81519 202621 17 763
81542 203251 21 748
81565 203523 19 742
81584 202512 16 737
81603 203872 17 781
81622 202842 16 728
81641 203082 16 736
81659 202453 16 738
81678 202625 16 739
81697 203173 16 740
81716 203700 17 752
81737 204378 19 756
81765 202727 25 763
81783 203825 16 727
81804 203777 18 765
81823 202645 17 760
81843 203823 18 795
81862 203370 17 752
81881 204115 17 768
81901 203252 17 760
81920 202795 16 733
81941 202723 19 756
81966 203651 23 788
81985 202905 17 748
82004 203049 17 738
82025 203727 18 749
82044 203667 16 746
82063 202708 17 753
82082 203445 16 749
82101 202095 17 762
82119 203438 16 734
82142 202405 20 778
82166 203370 22 778
82186 203916 18 782
82205 203718 17 758
82223 202213 16 722
82243 203151 17 761
82262 202447 17 734
82282 203001 17 762
82301 202363 16 727
82320 203083 17 755
82341 202648 18 752
82368 202662 25 732
82390 202608 18 792
82409 203502 17 755
82429 203502 18 745
82447 202655 16 718
82466 202739 16 748
82484 203411 16 726
82502 202237 16 729
82522 202266 17 778
82543 202691 19 747
82568 201981 22 746
82588 202815 18 757
82608 203409 17 756
82629 203616 18 778
82647 202968 16 721
82667 204039 17 769
82686 203410 17 773
82706 203655 18 789
82725 202504 17 758
82748 204084 20 763
82771 203394 21 741
82791 203641 17 756
82810 203678 16 732
82828 203163 16 720
82848 203398 17 789
82867 203182 16 754
82887 203702 17 788
82906 201890 17 763
82925 203879 16 730
82944 202783 16 748
82968 202589 22 726
82990 203141 18 742
83010 203611 17 763
83029 203571 17 735
83049 203265 17 772
83068 202619 17 762
83088 202599 17 739
83106 203257 16 734
83126 202544 17 763
83144 201751 16 704
83167 203523 20 746
83191 203777 20 767
83212 202329 18 739
83231 203157 17 768
83249 202544 16 731
83268 202571 16 744
83287 203263 17 756
83308 203846 18 775
83327 202070 17 734
83346 203113 17 752
83366 202545 18 705
83391 203469 23 785
83410 202612 16 742
83429 202619 17 737
83448 203253 17 747
83468 203397 17 771
83487 202432 16 735
83506 203202 17 767
83525 203660 17 757
83544 203208 17 751
83565 203223 19 735
83591 203548 23 774
83610 203832 17 750
83629 202898 17 762
83650 203704 19 775
83670 202803 17 744
83688 203041 16 725
83706 202819 16 707
83725 203689 17 761
83744 203463 17 759
83766 203706 19 758
83794 203383 25 753
83814 202136 16 736
83834 202815 18 774
83854 203720 17 726
83874 202737 17 760
83895 203861 18 792
83914 203048 17 746
83934 203256 17 772
83955 203128 19 724
83977 203078 19 729
84001 203662 20 757
84021 203894 17 758
84039 203413 16 732
84058 204181 16 744
84076 202442 16 722
84095 203693 16 746
84114 203071 17 759
84133 202616 16 726
84152 202654 17 746
84174 202938 20 773
84199 204428 22 750
84219 203287 17 776
84238 202516 17 754
84258 203157 18 753
84277 203097 17 781
84296 203394 17 761
84315 202704 17 753
84334 202973 16 738
84353 203127 17 756
84375 204129 19 787
84400 203636 23 747
84419 202622 17 737
84438 201640 16 728
84458 202092 18 731
84478 202637 17 738
84498 203458 17 789
84516 203167 16 742
84535 203389 17 768
84556 203307 18 777
84578 202491 19 762
84603 203951 23 750
84622 203655 17 780
84642 203456 17 762
84660 203011 16 747
84680 203267 17 770
84698 202853 16 732
84718 203130 17 769
84737 203181 16 736
84756 203065 17 759
84777 203885 19 775
84802 203160 22 751
84822 202501 18 765
84842 202755 17 753
84862 202598 17 752
84880 203148 16 730
84900 202717 17 755
84919 203121 17 766
84937 203055 16 726
84956 202666 16 733
84975 203580 17 762
85011 203085 32 733
