fo time ls_time n_ls_moves
20 860025 20 1874
40 860172 17 1645
65 859945 22 1873
87 859588 18 1744
110 858567 21 1863
137 856305 23 1764
159 858758 18 1689
181 858129 19 1834
204 859692 21 1772
226 856308 18 1791
248 861426 20 1795
273 859930 21 1922
295 855695 20 1758
318 861039 20 1795
346 857850 25 1830
368 860729 19 1764
392 859237 21 1846
413 858847 19 1782
434 856605 18 1734
454 855996 17 1720
475 859054 18 1818
495 860028 17 1762
519 858727 21 1812
545 859981 23 1755
566 858850 18 1721
589 859837 20 1751
610 858560 18 1812
633 859960 19 1742
654 859356 18 1773
676 858991 18 1709
697 859018 19 1735
719 856408 19 1724
746 856777 24 1788
767 858885 18 1685
789 859335 20 1856
813 860716 20 1773
837 858650 21 1762
860 859233 20 1801
880 856823 17 1640
903 859235 20 1850
926 858537 20 1812
952 856074 23 1756
973 857039 18 1688
993 858142 18 1703
1021 859710 24 1725
1051 860056 26 1903
1076 860045 21 1824
1098 858845 19 1751
1123 859730 22 1781
1149 859220 22 1830
1171 857848 18 1715
1194 859186 20 1789
1216 859306 20 1887
1238 859248 19 1774
1259 858201 18 1742
1281 858916 18 1797
1302 859054 18 1782
1323 857703 18 1716
1353 857082 27 1755
1376 858070 18 1762
1397 857187 18 1736
1420 856107 20 1817
1441 859468 18 1768
1464 859881 20 1809
1485 857891 18 1713
1505 857935 18 1756
1530 859716 22 1813
1557 858625 23 1829
1578 858018 18 1766
1600 857384 18 1741
1622 859730 19 1692
1643 859334 18 1807
1666 856888 20 1826
1687 857705 18 1708
1709 858081 19 1756
1730 855804 18 1708
1757 860628 23 1748
1782 858968 21 1834
1806 858039 22 1793
1828 858685 19 1803
1849 857536 18 1754
1873 861608 21 1863
1897 859955 21 1857
1918 854744 18 1726
1940 860113 20 1782
1963 854670 20 1793
1988 859793 21 1741
2009 857766 18 1729
2032 858349 19 1792
2053 858720 18 1838
2077 859232 21 1855
2097 857806 17 1689
2121 859248 21 1833
2145 859172 21 1820
2169 855167 22 1737
2191 859860 19 1774
2212 857726 18 1733
2236 859487 21 1824
2259 860605 20 1843
2281 859219 19 1821
2304 857457 20 1783
2325 858610 18 1742
2349 860275 22 1849
2378 858333 26 1881
2399 859535 18 1832
2423 860611 20 1867
2444 858796 18 1771
2466 859384 19 1814
2489 859237 20 1842
2511 858210 19 1810
2533 859533 19 1812
2556 857320 20 1698
2585 860820 25 1793
2606 857178 18 1730
2627 858825 18 1704
2649 859924 19 1851
2671 861129 19 1782
2694 862295 20 1890
2716 860569 19 1776
2739 860698 20 1884
2763 858542 21 1807
2787 856620 20 1687
2810 860554 20 1911
2831 858196 19 1736
2854 857602 20 1812
2876 860100 19 1782
2898 860104 18 1817
2921 860308 21 1965
2944 859580 20 1800
2969 861405 22 1763
2995 858359 21 1845
3016 858179 18 1773
3039 858102 20 1694
3061 857356 19 1792
3083 859832 19 1722
3103 858566 18 1709
3127 859417 21 1843
3152 858843 22 1778
3179 858050 24 1816
3204 858822 22 1837
3225 857604 18 1687
3247 857465 19 1737
3267 855814 17 1679
3288 858721 18 1796
3313 860682 21 1926
3336 860508 20 1856
3358 857233 19 1728
3384 859092 23 1754
3407 858591 20 1825
3428 859198 18 1731
3450 858305 20 1827
3473 858668 20 1828
3494 856430 18 1752
3519 859682 22 1846
3541 857438 19 1792
3568 862514 24 1922
3596 857119 25 1791
3617 858497 18 1711
3645 859283 24 1718
3667 860656 19 1845
3689 859019 20 1749
3711 859258 19 1753
3731 858863 18 1810
3753 857116 19 1768
3783 861740 27 1845
3809 861762 22 1811
3833 857232 21 1738
3856 859381 20 1746
3879 856883 20 1687
3900 857619 18 1692
3924 861392 22 1906
3946 859995 19 1749
3971 859576 21 1793
3997 857249 23 1901
4019 856090 19 1757
4044 856920 22 1774
4065 856757 18 1753
4086 856825 18 1730
4108 859424 19 1740
4131 861139 19 1770
4154 856679 20 1802
4177 855333 19 1723
4203 860052 23 1765
4226 857169 20 1874
4251 861616 22 1781
4276 861330 21 1889
4297 858169 19 1798
4319 861133 19 1789
4341 860366 19 1834
4361 857200 17 1727
4384 857257 20 1728
4409 854335 22 1770
4431 858982 19 1790
4451 859126 17 1777
4475 860044 20 1846
4499 859060 21 1823
4526 856777 24 1773
4548 859314 19 1763
4570 858011 19 1799
4596 859164 23 1796
4618 859143 19 1751
4640 858295 19 1754
4663 856638 20 1790
4687 858398 20 1847
4707 859519 17 1736
4729 858826 20 1826
4751 857336 18 1739
4773 857908 19 1783
4798 858448 22 1849
4821 858420 20 1771
4844 859206 20 1869
4865 856805 18 1680
4884 857281 16 1646
4907 860382 20 1836
4931 862598 21 1877
4951 859456 18 1734
4971 854457 17 1700
4994 860077 20 1837
5022 857673 24 1742
5042 859542 17 1700
5068 859437 23 1847
5090 858517 19 1757
5113 860108 20 1837
5136 860570 20 1868
5159 857977 20 1847
5181 858738 18 1779
5208 860195 24 1871
5231 859574 19 1775
5253 860922 20 1855
5276 855671 19 1688
5297 857729 18 1806
5318 855990 18 1746
5342 859195 21 1860
5364 859002 19 1739
5387 858083 20 1818
5413 858936 22 1782
5436 861732 20 1833
5458 858393 18 1720
5482 858049 21 1863
5502 858998 18 1694
5525 857408 20 1852
5546 855220 18 1699
5569 856839 19 1759
5589 856864 18 1757
5617 858993 24 1750
5640 854583 20 1767
5664 858809 20 1706
5686 859164 19 1818
5706 854595 17 1599
5730 860654 22 1861
5753 859527 19 1897
5774 860340 18 1810
5798 858974 21 1914
5824 861238 22 1806
5845 859829 18 1774
5868 858548 19 1770
5889 856018 18 1683
5913 860569 21 1792
5934 858405 18 1738
5955 858723 18 1748
5978 860184 20 1912
6004 858633 22 1756
6027 857842 20 1748
6047 856965 17 1659
6069 858975 19 1825
6094 862089 22 1800
6118 857139 21 1734
6139 857630 18 1796
6161 860406 19 1866
6183 859598 19 1825
6206 860875 20 1723
6232 858682 23 1878
6255 859194 21 1711
6276 858646 18 1819
6297 858295 18 1801
6320 859649 19 1850
6342 861038 19 1848
6364 861936 19 1807
6384 857304 17 1692
6407 857850 20 1768
6437 859889 27 1857
6459 857930 19 1758
6484 862538 21 1910
6508 861329 22 1787
6531 856540 19 1747
6553 859722 20 1814
6578 860971 21 1789
6600 858424 19 1766
6629 858501 26 1896
6653 857078 21 1724
6676 862409 20 1884
6699 860058 19 1805
6722 859292 20 1793
6744 860850 19 1799
6765 857803 18 1732
6786 856145 18 1780
6809 856831 20 1745
6836 859246 22 1767
6858 857731 19 1785
6880 859312 19 1814
6903 860145 20 1831
6925 859570 19 1820
6947 858974 18 1785
6968 860881 19 1811
6991 859770 19 1767
7013 857613 19 1780
7043 860034 27 1799
7067 859242 22 1888
7090 860618 19 1815
7113 860108 20 1830
7133 854298 17 1652
7155 859267 18 1711
7179 860790 22 1853
7202 857678 20 1781
7225 859318 20 1790
7250 858760 22 1768
7273 856564 20 1745
7297 861615 20 1859
7318 861590 19 1750
7342 859469 20 1751
7363 856362 19 1764
7385 858936 19 1767
7406 860031 18 1803
7427 858731 18 1683
7453 859136 23 1803
7472 856559 17 1659
7496 858921 21 1809
7518 859138 18 1751
7540 859112 19 1824
7561 859456 19 1811
7583 857413 18 1789
7604 859838 19 1813
7629 861238 22 1890
7657 858410 24 1786
7678 858484 18 1727
7700 858501 19 1727
7721 856388 18 1743
7743 854294 18 1722
7764 858285 19 1752
7786 860167 19 1746
7808 860596 19 1811
7831 857578 20 1828
7858 857890 24 1782
7882 857215 20 1818
7904 859165 19 1936
7927 859815 19 1846
7950 858851 21 1756
7974 861206 20 1773
7996 856098 19 1754
8019 858915 20 1875
8042 859579 20 1799
8070 861456 24 1825
8092 860046 19 1818
8115 859940 20 1742
8136 857058 18 1715
8159 858145 20 1845
8181 860906 19 1803
8200 854168 17 1701
8223 859728 19 1775
8244 858963 19 1730
8269 855433 21 1726
8290 859512 18 1739
8311 857128 18 1744
8333 858216 19 1797
8356 858259 20 1839
8380 858192 21 1779
8401 857606 18 1720
8423 860520 19 1841
8446 858921 20 1730
8472 860676 22 1791
8493 858913 18 1807
8515 859810 19 1798
8539 859967 21 1808
8562 859798 20 1775
8584 857332 19 1820
8606 857190 19 1752
8629 860164 19 1823
8653 859586 21 1804
8678 857964 21 1741
8699 857556 18 1792
8722 859448 19 1800
8745 859331 20 1800
8768 861620 20 1843
8791 858780 20 1798
8812 857388 18 1827
8834 857782 19 1740
8863 855980 26 1841
8887 856288 20 1758
8908 857236 17 1732
8929 859601 18 1770
8952 859063 20 1770
8973 857886 18 1831
8995 856470 19 1835
9019 858845 21 1819
9040 858485 18 1778
9068 859266 24 1776
9092 857932 21 1790
9114 861716 19 1776
9139 862104 22 1777
9161 859762 19 1819
9182 862175 18 1748
9204 857043 19 1802
9226 858412 19 1799
9252 861195 23 1898
9277 859029 22 1774
9299 856667 19 1697
9319 859363 17 1740
9340 860773 18 1801
9362 859611 18 1722
9382 859566 18 1743
9404 856182 18 1750
9423 856679 17 1674
9444 855020 18 1752
9468 856303 20 1747
9493 859155 22 1789
9514 856822 18 1770
9537 858917 20 1720
9561 858700 20 1816
9584 860476 20 1859
9605 856857 18 1769
9626 856098 18 1708
9652 859152 23 1932
9678 855661 22 1724
9701 858091 20 1754
9722 855550 18 1692
9743 857957 19 1712
9768 857954 22 1772
9790 860001 18 1735
9814 860125 21 1892
9836 857205 19 1826
9860 859709 21 1786
9884 859627 22 1776
9907 857854 19 1802
9929 858462 19 1743
9951 856620 19 1756
9972 859115 18 1797
9994 861546 19 1798
10015 857709 18 1747
10037 858004 19 1819
10062 859795 21 1770
10088 857216 23 1839
10110 858390 19 1784
10132 859064 19 1861
10153 856974 18 1748
10176 857105 20 1752
10197 857375 18 1789
10218 857906 17 1780
10241 862924 20 1909
10262 859557 19 1734
10292 857739 26 1785
10314 859639 19 1744
10337 861992 20 1903
10359 858185 17 1706
10383 858500 21 1802
10407 856678 21 1751
10429 859374 19 1787
10452 858878 19 1738
10475 858811 21 1871
10504 859935 25 1876
10527 858466 20 1864
10550 858601 19 1785
10573 858855 21 1796
10595 858415 19 1709
10616 858795 18 1795
10639 859262 19 1887
10660 861298 18 1767
10683 858380 20 1820
10709 859951 22 1816
10731 859781 19 1759
10754 861160 20 1837
10774 854714 17 1704
10795 857601 18 1754
10817 856490 19 1782
10839 860023 20 1844
10861 857948 19 1745
10884 859449 20 1792
10912 858509 24 1789
10934 859567 20 1823
10955 860928 18 1756
10977 860241 19 1827
10999 858528 19 1829
11022 857429 21 1811
11046 859896 21 1809
11071 860212 21 1830
11095 857730 21 1794
11121 858211 23 1875
11144 856690 20 1794
11170 860851 22 1797
11191 860303 19 1846
11212 858127 18 1766
11236 858846 21 1798
11259 857406 20 1722
11282 857889 20 1710
11305 860894 20 1850
11330 858348 22 1778
11354 860646 20 1736
11377 859226 19 1705
11399 857293 19 1721
11419 855279 17 1707
11441 859200 19 1800
11464 859299 19 1877
11488 860055 21 1737
11518 858423 27 1842
11542 858947 20 1722
11564 857366 19 1728
11587 858797 19 1825
11607 856922 18 1703
11627 857564 17 1754
11649 860411 19 1813
11669 857522 17 1692
11696 860989 24 1868
11720 856123 21 1684
11742 858128 19 1755
11763 856703 19 1706
11783 859132 17 1717
11805 858802 19 1741
11828 860497 19 1789
11850 858253 20 1800
11871 858691 17 1714
11896 860426 22 1780
11920 857796 22 1810
11942 858492 18 1784
11968 862211 23 1838
11993 859743 22 1927
12014 859102 18 1809
12036 858574 19 1690
12056 858618 18 1785
12079 860003 20 1867
12103 859156 20 1828
12128 859537 22 1791
12150 859165 19 1809
12170 859541 18 1731
12194 856180 21 1873
12216 860636 19 1852
12238 860116 19 1833
12259 860279 18 1769
12282 860532 20 1873
12306 858853 21 1852
12331 856936 21 1696
12353 858094 19 1791
12376 857700 20 1774
12396 858278 17 1774
12418 856150 19 1812
12439 856645 18 1749
12459 860475 17 1709
12481 859788 19 1804
12506 860683 22 1874
12532 859539 23 1730
12555 860432 20 1777
12575 856238 17 1757
12596 859308 18 1791
12619 857661 20 1822
12640 858112 18 1771
12663 860009 20 1828
12686 859194 20 1831
12710 856601 21 1810
12738 858220 25 1849
12761 861580 20 1846
12782 857511 18 1799
12804 859861 20 1869
12828 860970 21 1923
12850 858112 19 1775
12873 861015 20 1773
12899 858021 23 1837
12927 858987 24 1809
12952 856957 20 1755
12973 860374 18 1824
12996 859785 20 1834
13017 857778 19 1841
13039 858077 19 1795
13060 859521 18 1673
13082 855498 19 1796
13105 858955 20 1834
13131 859172 22 1742
13155 858554 21 1763
13176 858955 18 1822
13197 857039 18 1698
13218 857527 18 1772
13240 857373 19 1776
13263 859230 20 1758
13285 859394 20 1856
13308 857825 20 1790
13333 859470 21 1822
13355 855312 19 1775
13376 859663 18 1774
13399 857084 20 1707
13421 859606 19 1776
13445 859296 21 1721
13466 857855 18 1717
13488 859280 19 1813
13513 857560 22 1869
13538 858728 22 1765
13562 857825 20 1803
13585 858508 21 1843
13608 858082 19 1765
13630 860199 19 1730
13653 858696 20 1799
13676 858010 20 1866
13698 857847 19 1820
13720 857212 19 1734
13745 860492 22 1828
13765 857161 18 1687
13787 859314 19 1856
13808 857168 19 1797
13832 858488 20 1832
13852 859390 17 1748
13874 857719 19 1832
13897 857447 20 1826
13920 860070 20 1821
13947 863222 24 1947
13969 860023 19 1771
13992 860323 20 1771
14013 858978 18 1755
14033 858777 17 1665
14056 857710 20 1875
14078 861387 19 1815
14101 859458 20 1835
14124 859769 20 1776
14155 859415 27 1867
14176 858008 18 1707
14197 856507 18 1784
14220 857288 20 1752
14242 857750 19 1773
14265 858342 19 1746
14287 857451 19 1779
14311 859143 21 1806
14335 857037 21 1669
14361 860012 23 1793
14383 858653 20 1682
14408 858414 22 1744
14430 857145 18 1774
14452 857869 19 1731
14473 860936 19 1750
14495 856516 19 1774
14518 857639 20 1846
14542 859359 21 1843
14566 857553 21 1715
14589 861413 20 1732
14611 857231 18 1746
14632 857381 18 1742
14653 857141 18 1732
14675 858471 19 1798
14697 857513 19 1824
14720 858061 20 1834
14743 858661 20 1786
14772 858358 26 1848
14794 857002 19 1707
14818 860739 21 1857
14839 857960 18 1732
14861 857718 20 1839
14885 856307 21 1791
14908 857765 19 1796
14929 856574 18 1769
14957 857969 24 1755
14977 856845 17 1643
14998 861155 18 1790
15022 859953 20 1902
15043 857467 18 1740
15063 856944 18 1810
15086 858103 19 1818
15107 859528 18 1767
15128 858477 19 1773
15153 859382 22 1778
15178 856599 20 1799
15200 857053 19 1791
15221 856686 18 1783
15242 858929 18 1748
15264 858339 19 1768
15284 857738 17 1732
15308 860816 21 1883
15330 860065 19 1798
15353 857392 20 1761
15380 860022 24 1853
15403 858608 20 1845
15422 855410 17 1605
15446 859330 20 1904
15467 855248 18 1710
15489 860252 19 1871
15511 858604 19 1836
15533 860218 20 1732
15558 859853 22 1716
15585 858679 23 1764
15607 858493 19 1853
15630 859029 19 1708
15652 858536 19 1841
15673 859537 18 1729
15694 858357 18 1793
15716 859860 19 1887
15738 861773 19 1823
15763 860216 22 1714
15787 858721 20 1755
15808 857655 18 1749
15831 858529 20 1866
15854 860574 19 1724
15875 857402 18 1727
15898 859630 20 1815
15921 860839 20 1839
15942 857484 18 1776
15967 858238 21 1745
15991 858301 21 1795
16014 857078 19 1768
16037 857441 20 1766
16058 859301 19 1804
16078 857342 17 1671
16099 860019 18 1800
16121 859233 19 1805
16143 860435 19 1866
16166 856477 20 1796
16191 856847 21 1724
16214 858844 20 1847
16237 860682 19 1871
16260 860165 21 1809
16281 858468 18 1722
16302 855876 18 1727
16323 857934 18 1751
16344 860192 18 1788
16367 857582 20 1804
16394 859424 24 1787
16416 860162 19 1847
16441 859524 22 1829
16461 856034 17 1676
16483 857273 19 1793
16505 859288 19 1772
16529 856931 20 1789
16550 859058 18 1774
16576 860007 23 1877
16601 859009 20 1747
16625 861605 21 1832
16647 861078 19 1872
16671 858990 22 1859
16692 860145 18 1744
16713 858221 18 1741
16734 859307 18 1753
16756 859348 19 1800
16778 857715 19 1724
16806 857127 24 1758
16830 858758 21 1832
16853 858856 19 1889
16875 854676 20 1774
16896 859364 18 1729
16918 861968 19 1804
16939 855897 18 1750
16961 858830 18 1748
16989 861514 26 1781
17015 858887 22 1834
17037 856772 20 1759
17060 858315 19 1734
17080 856804 18 1797
17103 858711 20 1758
17124 857851 18 1697
17145 857986 18 1760
17169 862155 20 1849
17196 858601 24 1797
17219 859906 19 1842
17242 858259 20 1782
17264 860259 19 1789
17289 860810 22 1829
17311 857492 18 1772
17335 859610 22 1891
17357 857958 19 1789
17379 855992 19 1693
17404 858962 22 1827
17425 859293 18 1748
17448 859202 20 1813
17472 859474 20 1825
17494 860755 20 1878
17516 858324 19 1801
17537 857039 18 1748
17557 858817 17 1698
17582 860229 22 1868
17608 859035 23 1759
17630 857237 19 1782
17652 860063 20 1765
17674 855921 18 1751
17695 857821 18 1811
17716 856400 17 1728
17736 857620 17 1724
17757 858865 18 1809
17780 859756 19 1773
17805 858732 22 1780
17826 857742 18 1785
17848 857419 18 1735
17869 858085 18 1834
17891 858284 19 1879
17913 859041 18 1708
17934 857254 18 1769
17957 856646 20 1827
17983 860179 23 1847
18007 859508 21 1753
18030 859239 20 1852
18051 858976 18 1773
18075 858281 21 1751
18097 855821 18 1832
18121 858981 22 1804
18145 860310 21 1898
18168 859797 19 1740
18191 858915 20 1801
18224 860488 30 1898
18249 858878 22 1794
18271 859951 19 1814
18294 859886 20 1870
18316 856465 18 1742
18338 859797 20 1814
18360 857969 19 1807
18382 859683 19 1862
18406 859710 21 1744
18431 859155 20 1819
18453 858620 19 1809
18475 859465 18 1734
18495 857415 17 1687
18517 858688 19 1745
18542 860312 21 1872
18564 858650 19 1775
18585 857978 18 1785
18611 857175 23 1827
18633 858384 19 1696
18654 857337 18 1726
18678 859293 21 1787
18701 860640 20 1809
18723 854857 18 1765
18745 861812 20 1801
18766 858307 18 1755
18788 857959 19 1780
18813 858180 21 1792
18841 855763 24 1697
18866 857547 23 1823
18893 860947 24 1823
18915 858889 19 1751
18939 859345 21 1842
18961 859436 19 1773
18982 858882 18 1711
19004 858207 20 1784
19030 857330 22 1720
19053 859634 21 1787
19077 859455 20 1769
19098 855240 18 1720
19120 857926 19 1774
19140 859073 17 1719
19161 857537 18 1747
19183 861843 19 1822
19206 857989 20 1793
19233 859544 24 1816
19254 856867 17 1690
19277 859115 20 1815
19302 859482 21 1792
19323 857606 18 1745
19346 860004 20 1834
19366 858576 18 1724
19387 858483 18 1714
19409 857761 19 1697
19438 858958 26 1806
19463 859463 22 1846
19485 858095 19 1770
19507 857378 18 1792
19529 860242 19 1900
19551 856718 19 1854
19573 860324 20 1891
19595 856609 18 1779
19618 857735 20 1790
19643 856231 21 1713
19665 858417 19 1746
19687 857062 19 1868
19709 862032 19 1801
19732 860592 20 1757
19755 859179 20 1795
19777 859091 19 1742
19799 860334 20 1866
19824 859432 21 1842
19850 859873 22 1734
19872 860504 19 1795
19894 858276 19 1766
19916 857776 19 1768
19938 860233 19 1769
19961 858543 20 1797
19984 861310 19 1851
20005 857855 18 1722
20029 859311 21 1795
20051 857277 18 1691
20074 860423 19 1805
20095 861077 18 1792
20117 857132 19 1684
20138 857509 18 1784
20158 857789 18 1714
20179 856674 18 1772
20200 859470 18 1752
20226 858921 23 1811
20252 860941 23 1785
20274 861124 19 1808
20295 859582 18 1780
20314 857022 16 1663
20337 857284 20 1819
20359 859695 19 1827
20380 859783 18 1752
20401 858894 18 1798
20424 859715 20 1861
20449 859827 22 1856
20470 859145 18 1797
20492 859728 18 1837
20513 859906 18 1738
20535 859644 19 1837
20558 858335 20 1784
20580 860134 20 1828
20602 859729 19 1787
20627 858807 23 1851
20654 858410 24 1860
20678 860695 21 1958
20701 858173 20 1745
20726 858526 22 1928
20747 855765 18 1707
20768 858757 18 1777
20789 858571 18 1689
20813 859159 21 1929
20841 858753 25 1761
20869 860846 24 1863
20891 858576 19 1732
20913 861821 20 1867
20938 860555 21 1848
20960 858528 20 1795
20981 857527 17 1639
21003 860924 19 1833
21024 858693 19 1786
21051 861551 23 1801
21074 860102 19 1734
21097 860432 21 1883
21122 857734 21 1798
21145 855975 20 1735
21167 858534 19 1755
21190 859721 20 1873
21211 858250 19 1781
21235 858200 20 1763
21261 856607 23 1750
21284 859395 20 1777
21306 857952 19 1763
21330 856798 21 1807
21353 859632 19 1862
21374 857714 19 1763
21396 858645 19 1767
21419 858140 19 1826
21442 857689 21 1782
21467 858544 22 1717
21489 858932 18 1750
21511 857660 20 1795
21535 858399 21 1774
21556 856422 19 1763
21578 858075 18 1872
21600 860069 19 1799
21621 858102 18 1735
21645 857158 22 1746
21673 859043 24 1847
21696 857436 20 1792
21720 859682 21 1891
21741 861621 19 1813
21763 855755 19 1769
21789 857786 23 1781
21811 859350 20 1760
21834 859263 20 1814
21859 858947 22 1804
21884 861427 22 1846
21906 858610 19 1795
21928 857038 19 1726
21949 859461 18 1718
21972 859094 20 1865
21994 858685 19 1731
22016 859616 19 1816
22037 858433 18 1746
22061 856977 21 1723
22089 860750 23 1817
22111 857382 20 1730
22133 860998 19 1801
22155 857797 18 1716
22176 859746 18 1785
22200 860179 22 1838
22224 859814 20 1854
22247 857705 20 1793
22271 855715 20 1615
22294 857987 19 1808
22318 858424 20 1805
22339 859122 18 1674
22362 857769 20 1810
22383 858728 18 1763
22404 857704 18 1749
22428 859285 20 1846
22451 859743 20 1772
22480 858233 25 1779
22502 857885 19 1752
22523 861389 18 1771
22547 859793 20 1826
22568 859358 18 1765
22591 859517 21 1870
22613 861053 19 1797
22636 857795 20 1850
22659 858152 20 1745
22685 859753 23 1823
22707 858117 19 1806
22732 856525 22 1833
22756 859770 21 1868
22781 857392 21 1719
22803 859979 19 1795
22827 861791 21 1835
22851 862270 21 1836
22878 861374 25 1865
22900 860258 18 1677
22922 858808 19 1755
22944 857452 19 1713
22966 857942 19 1773
22986 856469 17 1736
23008 860115 19 1828
23029 857858 18 1795
23051 859144 19 1822
23073 860478 19 1747
23098 856857 23 1815
23120 858398 19 1707
23143 857850 19 1786
23168 858441 22 1787
23189 858978 18 1760
23212 860116 20 1832
23235 858439 19 1858
23255 857345 17 1709
23277 859988 19 1789
23304 860111 24 1807
23325 857425 17 1729
23349 861005 21 1798
23372 860952 20 1876
23393 859883 18 1794
23414 857492 18 1789
23434 858675 17 1674
23455 857362 18 1800
23479 857363 21 1753
23508 860221 24 1905
23529 859669 18 1799
23550 858132 18 1773
23570 858388 17 1708
23592 859156 19 1687
23614 858655 19 1768
23635 858422 19 1813
23657 858211 18 1769
23681 858639 21 1809
23705 856659 21 1708
23727 858427 18 1776
23748 857545 19 1716
23769 857846 18 1763
23792 860104 20 1796
23814 858835 20 1777
23836 858486 18 1775
23858 859763 19 1764
23881 856222 20 1770
23908 857219 23 1730
23930 860358 20 1811
23954 859002 20 1890
23977 858814 20 1802
23999 860022 18 1792
24022 862129 21 1841
24044 853795 19 1715
24066 858364 19 1720
24089 860419 20 1778
24113 858091 20 1734
24135 859450 19 1758
24158 857242 20 1822
24181 863533 20 1871
24205 860607 21 1842
24229 858137 21 1805
24251 861233 19 1821
24272 857368 18 1706
24297 857343 23 1718
24322 857110 21 1885
24345 858246 20 1848
24365 856297 18 1697
24387 858384 19 1748
24410 858130 19 1679
24434 859958 21 1890
24457 857109 20 1816
24482 856747 21 1807
24509 860000 23 1792
24531 858883 19 1758
24553 858145 19 1753
24573 857781 17 1692
24594 858553 18 1734
24616 856103 19 1685
24639 858262 20 1835
24659 859627 17 1709
24682 861661 20 1887
24711 858102 25 1724
24737 859272 23 1800
24758 858734 17 1725
24778 858604 18 1730
24798 855708 17 1710
24819 857141 18 1701
24842 857075 20 1763
24864 860167 19 1837
24886 859957 19 1703
24912 854709 22 1672
24935 858533 19 1698
24957 859999 19 1801
24980 856537 20 1773
25001 859093 18 1800
25023 856238 19 1872
25045 859695 19 1802
25067 858158 19 1785
25088 859425 18 1810
25115 857786 23 1715
25139 860276 21 1870
25162 859058 20 1772
25183 856556 18 1699
25205 859289 19 1839
25228 856668 19 1733
25249 859093 18 1786
25270 860596 18 1793
25292 858181 18 1767
25318 860408 23 1870
25340 859210 19 1822
25364 860207 21 1873
25386 857840 19 1810
25408 858065 19 1755
25431 857426 20 1806
25453 859271 19 1777
25473 857071 17 1765
25495 858326 19 1815
25521 860230 23 1776
25544 859276 19 1814
25568 859661 21 1775
25590 858833 20 1772
25612 859399 19 1819
25635 857848 19 1861
25658 858120 20 1772
25680 858390 19 1783
25701 859029 18 1719
25727 858970 23 1752
25749 859544 18 1804
25772 859903 19 1831
25794 858787 19 1802
25818 858043 21 1779
25839 861375 18 1658
25862 861127 19 1797
25882 857125 18 1751
25905 856358 20 1714
25934 859978 25 1815
25957 859134 20 1806
25979 861001 19 1775
25999 856730 17 1699
26021 855831 19 1801
26042 860903 18 1798
26066 858628 20 1777
26087 857845 18 1784
26112 861363 22 1817
26139 859723 23 1744
26160 859595 18 1840
26181 860122 18 1782
26204 859116 18 1817
26226 863104 19 1842
26248 860079 19 1856
26271 858954 19 1785
26293 857363 19 1815
26316 857592 20 1666
26343 857898 24 1724
26365 857644 19 1832
26394 858360 26 1826
26417 857468 20 1775
26442 861227 22 1824
26465 859165 20 1821
26490 858684 22 1807
26514 857847 20 1759
26537 858007 20 1747
26564 860138 24 1813
26587 857731 20 1741
26611 859762 20 1727
26632 857831 18 1772
26656 858227 21 1852
26678 858041 19 1811
26700 858049 20 1826
26724 860306 20 1833
26750 858128 23 1770
26773 858324 20 1780
26795 857854 19 1745
26822 860474 24 1886
26844 858517 20 1818
26868 856749 21 1777
26889 857911 18 1716
26912 856476 21 1734
26936 861477 21 1797
26960 857115 20 1712
26981 858589 18 1771
27005 856900 20 1754
27028 858143 20 1784
27051 860037 20 1789
27072 856738 17 1664
27092 858370 17 1763
27114 860458 19 1730
27140 856982 23 1706
27167 857257 23 1860
27189 859653 19 1740
27210 857058 18 1696
27233 860302 20 1799
27255 857328 19 1761
27276 856824 18 1783
27297 860138 18 1776
27319 858957 19 1825
27350 857145 28 1811
27375 857489 22 1760
27396 858337 18 1736
27419 858484 20 1783
27440 860055 18 1787
27462 857195 19 1735
27484 858041 19 1708
27507 859915 20 1819
27530 858159 20 1795
27555 858034 22 1725
27577 859227 19 1776
27602 859627 21 1755
27624 858853 20 1821
27646 856568 19 1746
27667 857559 18 1787
27689 858201 19 1738
27709 859554 18 1780
27731 858099 19 1766
27754 856870 20 1690
27779 861564 21 1897
27802 856251 19 1791
27822 858161 18 1740
27844 857912 18 1816
27865 857836 18 1700
27886 859199 17 1754
27906 860429 18 1685
27928 857414 19 1900
27952 859783 21 1807
27976 860607 20 1765
27997 858412 18 1826
28020 858392 20 1878
28042 858512 19 1801
28066 858760 21 1891
28089 858993 19 1764
28110 860660 18 1730
28132 858833 19 1853
28156 858076 21 1706
28180 859600 21 1762
28203 859418 20 1832
28227 860842 21 1817
28250 859546 20 1693
28273 860919 20 1816
28294 861164 18 1812
28315 858663 18 1762
28336 859955 18 1764
28362 860367 23 1757
28385 859280 19 1796
28406 858556 18 1710
28428 856660 19 1707
28450 858880 19 1766
28472 859688 19 1833
28495 859098 20 1815
28517 860612 19 1820
28539 857969 19 1763
28564 860562 23 1778
28591 858693 23 1768
28612 859622 18 1709
28634 857765 19 1717
28657 858016 20 1857
28681 860131 20 1848
28703 861328 20 1779
28726 859540 20 1737
28749 856026 20 1680
28777 858795 25 1776
28799 860506 18 1796
28822 855110 19 1759
28844 857125 19 1728
28866 856220 19 1701
28887 856632 18 1679
28908 860997 19 1798
28930 860844 19 1834
28955 856355 21 1844
28978 859257 20 1775
28998 857066 17 1754
29020 856903 18 1776
29040 857855 18 1728
29062 859267 19 1811
29084 858637 18 1737
29106 860254 19 1757
29129 859020 20 1767
29151 861220 20 1911
29175 859643 20 1783
29199 859617 21 1897
29224 856536 21 1828
29247 859701 21 1773
29269 856304 19 1668
29293 857602 21 1780
29315 859624 19 1746
29338 855918 20 1755
29361 859619 20 1799
29384 860709 20 1668
29406 858440 19 1807
29427 857213 17 1741
29449 858796 19 1764
29469 855554 17 1678
29491 859054 18 1810
29513 857691 19 1807
29533 858189 17 1747
29554 860652 17 1732
29579 861419 23 1806
29603 858027 20 1715
29624 857953 18 1736
29647 859725 20 1843
29672 860248 22 1870
29696 860583 21 1910
29719 858584 20 1781
29740 859072 18 1760
29764 858489 21 1887
29789 857544 21 1734
29812 858888 20 1795
29834 859956 19 1729
29856 857373 19 1786
29878 859424 19 1785
29900 857889 19 1767
29922 859419 19 1781
29944 860064 19 1795
29966 859427 19 1741
29997 858598 27 1874
30021 857627 20 1764
30043 858228 19 1750
30065 859793 18 1726
30085 856891 17 1710
30107 860804 19 1892
30128 858702 19 1796
30150 858981 19 1744
30174 859119 21 1872
30200 857335 23 1790
30224 860864 21 1888
30247 857107 20 1824
30269 857620 20 1840
30291 857427 19 1792
30314 857786 19 1776
30336 861330 19 1790
30355 857414 16 1686
30380 858815 22 1829
30407 859033 24 1780
30430 859079 20 1771
30451 858731 18 1671
30472 856585 18 1731
30493 856544 18 1714
30514 859178 18 1818
30535 858500 18 1764
30557 859328 19 1808
30580 857941 21 1807
30609 860357 26 1811
30631 855464 19 1654
30654 859244 19 1804
30674 858789 17 1744
30695 860260 18 1802
30719 860255 21 1830
30741 860549 19 1791
30763 858453 19 1775
30786 856905 20 1720
30810 859177 22 1838
30832 860536 18 1712
30852 859258 18 1743
30872 857539 17 1704
30894 856500 19 1670
30916 856223 19 1834
30938 859522 19 1863
30959 859879 19 1795
30981 859044 18 1734
31007 857842 23 1820
31030 859754 19 1748
31051 859715 18 1821
31074 858567 20 1771
31096 854995 18 1730
31120 859234 21 1843
31141 856125 18 1728
31163 862160 20 1865
31185 859903 19 1784
31210 858846 21 1743
31236 855444 22 1720
31261 861562 22 1920
31284 858559 20 1791
31308 858661 21 1827
31331 860210 20 1818
31354 858110 20 1811
31378 857425 21 1830
31403 858803 22 1807
31429 859765 23 1801
31450 857579 18 1742
31472 856276 19 1749
31493 857575 19 1782
31514 857957 17 1648
31535 856846 18 1781
31557 859278 19 1781
31578 860632 19 1756
31602 858346 20 1772
31628 860700 24 1769
31650 858416 19 1782
31675 860723 22 1876
31696 858708 18 1792
31717 859495 19 1769
31741 858946 21 1825
31763 861024 19 1802
31784 858758 18 1771
31809 859532 22 1827
31834 856814 21 1764
31857 857634 19 1809
31879 858211 20 1747
31900 857668 18 1731
31921 856671 18 1777
31942 856388 18 1766
31963 858027 18 1801
31985 859748 19 1740
32009 858598 21 1810
32037 859101 23 1808
32059 856677 19 1726
32081 857039 18 1833
32104 861989 20 1818
32126 861240 19 1875
32147 858240 18 1778
32168 857548 18 1715
32188 858512 18 1709
32212 859823 21 1792
32238 860355 23 1806
32259 858077 18 1715
32280 857264 17 1731
32301 857086 18 1719
32323 857352 19 1826
32345 858952 19 1829
32367 858494 19 1748
32391 862840 21 1917
32414 859899 20 1734
32439 859454 22 1797
32461 862544 19 1786
32485 860059 21 1781
32507 856975 18 1791
32528 858132 18 1751
32550 857075 19 1753
32573 858366 20 1845
32598 858095 21 1795
32623 856152 22 1800
32648 860013 21 1710
32671 859413 20 1817
32694 859335 19 1822
32714 858975 18 1647
32735 858860 18 1722
32756 857883 18 1779
32779 859695 20 1869
32800 855412 18 1676
32822 858812 19 1701
32849 861679 24 1882
32870 859659 18 1758
32894 857402 21 1843
32915 859095 18 1810
32936 857801 18 1749
32957 860589 18 1777
32978 858963 17 1692
32999 860075 18 1722
33022 857927 20 1849
33048 862017 23 1800
33068 855450 17 1673
33090 859448 19 1808
33113 860537 19 1842
33135 857602 20 1809
33157 856508 18 1715
33177 859472 17 1633
33199 859339 20 1790
33226 858955 23 1794
33252 859458 23 1789
33276 859624 21 1823
33298 859310 19 1795
33322 857906 20 1826
33345 859777 21 1833
33367 860437 19 1813
33390 857877 21 1804
33412 858204 19 1718
33434 858592 20 1741
33459 858127 21 1794
33483 859893 21 1807
33505 857966 19 1822
33526 859962 18 1751
33547 858573 18 1788
33569 859480 19 1838
33591 856715 19 1764
33614 858321 20 1834
33639 861274 22 1883
33665 860300 23 1832
33687 857170 19 1780
33710 860412 20 1774
33733 857708 20 1904
33756 859473 20 1748
33777 858295 18 1708
33798 858243 18 1714
33819 859349 18 1803
33847 858237 24 1843
33873 854479 22 1650
33899 858351 23 1738
33922 860492 20 1772
33944 857695 19 1751
33967 860835 20 1811
33989 860814 19 1836
34014 858521 22 1850
34038 857316 21 1789
34062 857035 20 1748
34086 860261 20 1797
34111 857955 22 1755
34134 859389 20 1832
34156 857438 19 1787
34177 859583 19 1780
34198 857796 18 1758
34220 857851 18 1712
34243 856133 20 1733
34271 859838 25 1903
34294 859408 20 1834
34319 861934 23 1827
34341 858585 19 1727
34362 857374 18 1729
34386 861015 21 1750
34409 858510 20 1789
34430 859642 19 1770
34456 858427 22 1735
34479 856797 20 1760
34500 858495 18 1732
34525 862417 21 1859
34545 856157 18 1659
34566 857063 18 1758
34586 858125 17 1711
34610 858514 20 1804
34634 859780 22 1838
34660 859283 22 1826
34682 858016 18 1749
34705 859766 19 1824
34725 855202 17 1618
34745 858791 17 1724
34767 853909 19 1720
34789 856231 19 1779
34810 858045 19 1771
34832 857782 19 1801
34855 857786 20 1751
34879 854989 20 1677
34901 858570 19 1750
34925 859005 20 1838
34945 857839 17 1689
34968 856685 20 1764
34990 862040 20 1896
35015 860959 21 1889
35037 860602 19 1817
35062 857278 22 1782
35087 860746 22 1794
35107 857560 17 1714
35131 858958 21 1774
35153 859663 19 1771
35176 860359 20 1732
35199 859242 20 1859
35221 861965 19 1764
35241 860443 18 1738
35269 855514 25 1766
35294 859662 21 1752
35314 857657 18 1697
35336 859073 19 1790
35357 859911 18 1802
35379 856780 19 1789
35400 859091 18 1755
35420 854498 17 1703
35443 859112 19 1812
35467 859631 21 1780
35491 857390 20 1748
35513 859918 19 1819
35535 857373 19 1781
35558 859929 20 1798
35581 860199 20 1849
35601 855092 17 1659
35622 853033 17 1655
35643 861886 18 1789
35667 860484 21 1833
35691 859000 20 1743
35712 857774 18 1704
35735 857389 20 1811
35757 859214 19 1795
35781 860473 20 1829
35801 855645 17 1703
35823 860782 19 1782
35846 858533 19 1830
35873 858475 25 1825
35900 858175 22 1813
35924 859603 21 1801
35944 858919 17 1769
35963 855591 16 1648
35988 859735 22 1840
36011 860435 20 1852
36032 860190 18 1810
36055 858553 19 1803
36080 859931 23 1794
36104 857399 20 1754
36125 858327 19 1769
36148 858081 20 1683
36170 858402 18 1749
36191 859651 19 1797
36213 858656 19 1760
36234 857400 18 1728
36258 858186 21 1791
36285 861443 24 1815
36308 857832 20 1852
36331 860271 19 1826
36357 862950 23 1899
36378 858353 18 1803
36399 858818 18 1702
36421 857931 19 1742
36445 858595 21 1833
36467 857809 20 1794
36497 858044 26 1743
36521 860937 20 1861
36544 858302 20 1777
36566 857580 18 1753
36588 857214 20 1841
36609 860129 18 1763
36631 860233 19 1790
36652 858094 18 1751
36676 857447 21 1726
36702 859470 22 1822
36723 857055 18 1733
36745 857835 18 1743
36767 861259 19 1773
36787 858051 18 1749
36809 857486 19 1748
36832 858310 20 1736
36855 862469 20 1820
36877 856532 19 1713
36903 860821 23 1818
36927 858883 21 1882
36949 856454 19 1815
36970 858837 18 1707
36993 857832 20 1803
37015 860728 19 1825
37038 859326 19 1846
37060 857225 19 1805
37083 856548 20 1734
37110 860048 24 1862
37132 859442 19 1789
37156 856677 20 1792
37176 858351 18 1731
37197 857203 18 1697
37219 859494 19 1792
37242 858013 20 1771
37265 859697 20 1802
37288 859259 20 1850
37312 858429 21 1788
37335 858378 19 1756
37358 856290 21 1825
37382 861104 21 1832
37406 861386 21 1778
37428 859213 20 1792
37450 860057 19 1784
37470 856553 18 1739
37492 855642 19 1716
37518 857465 23 1721
37539 859253 18 1754
37563 857945 22 1830
37585 856223 19 1761
37608 857790 19 1810
37628 857075 18 1757
37651 859671 20 1812
37675 859422 21 1772
37697 858920 19 1745
37721 858585 22 1768
37743 858900 19 1796
37767 856897 21 1812
37788 857589 18 1721
37811 857228 20 1749
37834 858995 20 1820
37855 858590 18 1732
37878 858346 20 1840
37908 862447 27 1764
37933 859337 21 1821
37954 859292 18 1722
37976 860122 18 1805
38001 858525 22 1830
38022 856212 19 1739
38044 858994 18 1778
38065 857997 19 1769
38086 859546 18 1789
38113 857925 24 1729
38135 858042 19 1781
38160 858509 22 1839
38183 857204 20 1808
38206 859128 19 1798
38228 858524 19 1783
38250 858198 19 1780
38271 856995 17 1758
38294 858162 20 1800
38321 864274 24 1832
38343 857857 18 1714
38366 859394 20 1899
38390 861944 21 1778
38411 855521 18 1740
38434 858034 19 1797
38456 860804 19 1768
38479 856181 20 1751
38503 858806 21 1876
38528 858775 22 1762
38549 857682 18 1743
38572 859414 19 1888
38596 860700 21 1811
38617 860144 18 1808
38640 858894 19 1771
38661 855583 18 1767
38682 857175 18 1810
38704 855559 18 1687
38729 855714 22 1786
38753 857257 21 1840
38775 859017 19 1764
38796 857909 19 1751
38817 857730 18 1777
38839 857546 19 1782
38860 858318 18 1760
38882 859768 20 1829
38903 859095 18 1736
38928 859462 21 1804
38949 856410 18 1715
38972 861209 20 1827
38995 858531 20 1728
39018 859668 19 1825
39041 857722 21 1835
39062 859226 18 1797
39085 859740 19 1795
39107 860822 20 1836
39136 857865 25 1774
39159 859321 19 1754
39180 858268 19 1831
39204 861515 21 1895
39228 859810 21 1803
39249 856793 18 1761
39271 858601 19 1855
39294 859955 20 1861
39317 860214 19 1747
39343 859812 24 1752
39365 859104 18 1737
39386 860810 18 1722
39407 858409 18 1773
39428 858908 18 1731
39453 861234 22 1831
39475 857644 19 1721
39499 860002 21 1852
39521 857324 19 1718
39546 857864 23 1781
39572 860297 23 1835
39594 858516 19 1788
39616 857226 19 1746
39639 858464 19 1788
39660 859890 18 1778
39682 855714 19 1784
39703 859873 18 1763
39725 858157 20 1736
39752 861258 24 1779
39774 858342 18 1805
39795 857449 18 1734
39819 858746 21 1837
39841 859221 18 1756
39863 858832 19 1796
39886 860600 20 1841
39907 861048 18 1746
39930 861286 21 1842
39955 857682 21 1754
39977 857491 19 1807
40000 859260 21 1903
40021 858428 18 1737
40043 858648 19 1735
40066 860366 20 1866
40087 854412 18 1745
40109 858896 19 1768
40131 861859 19 1876
40156 858024 22 1693
40179 858029 20 1783
40201 857946 19 1779
40224 859606 20 1794
40245 856407 18 1722
40265 856493 17 1687
40286 859888 18 1748
40306 858812 17 1716
40330 860371 21 1794
40353 856524 19 1635
40374 859822 18 1809
40397 858292 20 1786
40420 857813 20 1770
40442 859799 19 1830
40465 858533 19 1748
40488 859711 21 1835
40510 859056 18 1730
40534 859442 21 1780
40560 859229 23 1700
40583 859443 19 1796
40604 857397 18 1775
40625 859263 18 1771
40646 862216 19 1868
40669 860984 20 1857
40691 859798 19 1796
40712 855423 18 1731
40735 860073 20 1743
40760 859872 21 1796
40784 859056 21 1869
40808 859746 21 1876
40831 858543 20 1743
40853 857945 19 1765
40874 859361 18 1707
40895 858336 19 1718
40919 857190 20 1772
40941 858818 19 1756
40966 859659 22 1787
40988 858817 19 1839
41014 857268 23 1813
41035 858779 18 1662
41057 857540 19 1710
41081 856781 20 1744
41105 860493 20 1790
41126 858244 18 1734
41148 859526 20 1763
41172 856822 21 1710
41194 857959 19 1770
41215 859330 19 1824
41236 856650 18 1679
41259 858705 19 1837
41282 857522 20 1833
41304 858336 19 1794
41325 859537 18 1730
41348 857236 21 1768
41373 856940 22 1748
41395 857270 19 1824
41416 858792 18 1750
41439 859040 19 1731
41460 859231 18 1734
41483 858766 20 1752
41505 857097 19 1799
41530 858337 22 1825
41555 860839 22 1853
41581 857424 23 1737
41603 857884 19 1749
41629 860171 23 1860
41653 856594 20 1768
41676 860715 21 1849
41699 856887 19 1826
41719 858235 18 1676
41742 859482 19 1821
41770 859987 26 1817
41795 859400 21 1768
41824 858696 25 1823
41847 858127 20 1835
41868 856139 17 1752
41889 857375 18 1712
41911 860332 19 1815
41933 860568 19 1804
41959 858833 23 1878
41985 858280 23 1816
42005 855248 18 1697
42030 857424 21 1854
42050 857547 17 1676
42072 858346 20 1840
42096 861923 21 1821
42118 857065 19 1695
42142 858228 21 1770
42164 857183 19 1762
42190 856052 23 1715
42210 859187 17 1752
42233 856687 19 1708
42258 860876 23 1892
42280 860585 18 1743
42302 859779 19 1757
42325 859904 20 1812
42346 860157 18 1735
42369 859219 20 1820
42395 859505 23 1808
42418 859424 20 1737
42441 859462 20 1838
42465 860226 20 1855
42486 859450 19 1852
42508 858698 19 1843
42532 856619 21 1781
42554 858166 19 1795
42578 858151 21 1763
42603 858336 21 1847
42627 859461 21 1843
42649 860960 19 1758
42671 859441 19 1837
42694 857437 20 1788
42713 855751 16 1576
42737 860751 21 1939
42759 857682 19 1769
42785 860000 22 1802
42807 858073 18 1806
42829 858917 18 1784
42849 857368 17 1732
42871 859022 19 1788
42894 859590 20 1838
42915 857413 18 1708
42940 860977 21 1856
42961 859190 18 1752
42989 860722 26 1893
43013 861110 20 1755
43034 857723 18 1657
43056 858294 19 1783
43078 857496 19 1788
43101 860813 20 1877
43120 858161 17 1675
43141 855680 18 1740
43162 858465 18 1790
43185 856832 20 1730
43212 859238 22 1706
43233 858931 19 1786
43256 856720 19 1797
43277 859789 18 1729
43298 859294 18 1753
43320 857984 19 1813
43342 860215 19 1839
43362 856824 17 1689
43383 858095 19 1784
43411 859507 25 1771
43433 859726 19 1718
43457 859198 21 1726
43480 859592 20 1824
43501 857459 19 1861
43524 860482 20 1835
43546 856487 19 1704
43567 858241 18 1720
43590 855606 20 1783
43618 860659 23 1868
43640 858429 19 1784
43662 858338 19 1802
43684 857408 19 1783
43707 859401 20 1773
43728 858616 18 1714
43751 861149 20 1809
43775 859593 21 1863
43804 858171 25 1868
43828 858198 21 1832
43850 858588 19 1768
43873 860278 19 1797
43893 858898 17 1698
43915 858174 19 1756
43939 858491 20 1886
43960 857469 18 1737
43981 858395 19 1720
44008 858864 23 1701
44032 857284 20 1803
44057 860148 23 1883
44081 859567 20 1878
44104 859515 20 1880
44126 858154 19 1766
44150 861076 21 1876
44173 855936 20 1811
44195 858425 19 1706
44220 857343 22 1766
44244 859533 21 1825
44266 859130 19 1694
44287 857105 18 1780
44311 857603 22 1802
44333 858270 18 1700
44354 856823 19 1755
44377 859198 20 1843
44408 859254 28 1782
44435 858857 24 1821
44458 857922 19 1817
44481 855646 20 1770
44503 860218 19 1789
44526 860481 20 1865
44549 858237 20 1818
44569 858903 18 1808
44591 860259 18 1730
44615 859756 21 1706
44638 856405 19 1694
44662 857292 21 1801
44686 857708 20 1775
44709 857867 20 1936
44731 858746 19 1762
44753 858091 20 1800
44780 860305 23 1908
44802 860686 20 1845
44827 857292 22 1731
44848 854329 18 1681
44870 861634 19 1822
44891 855503 18 1777
44913 856704 19 1734
44937 858420 21 1930
44958 858997 18 1782
44980 858800 19 1730
45004 858413 21 1815
45030 858542 23 1748
45051 855179 17 1669
45073 857218 19 1788
45094 858038 18 1751
45118 858325 21 1874
45139 858140 18 1731
45160 856768 18 1792
45184 858404 20 1824
45205 857063 18 1739
45229 858136 21 1770
45252 859544 20 1835
45273 858053 18 1791
45296 860338 20 1813
45320 860267 21 1806
45343 861908 20 1838
45364 859120 18 1807
45387 860122 20 1772
45408 855659 18 1726
45434 860135 22 1803
45456 860060 19 1836
45477 856147 18 1717
45503 858798 23 1870
45525 860470 19 1759
45546 858393 18 1766
45569 858404 19 1785
45590 859860 19 1818
45615 859821 22 1898
45645 859191 27 1794
45668 860143 20 1848
45689 857125 18 1714
45710 860320 18 1743
45730 854370 17 1735
45752 859755 19 1786
45772 855457 17 1658
45795 861989 20 1818
45819 858076 21 1740
45846 857413 24 1766
45868 857985 19 1714
45891 858132 19 1775
45916 859569 22 1922
45939 861245 20 1827
45961 860012 19 1770
45984 860804 21 1812
46006 859906 18 1736
46028 858887 20 1774
46055 855864 21 1802
46078 858802 20 1797
46101 859172 20 1841
46122 858077 18 1710
46144 859256 19 1761
46167 860993 20 1783
46188 860170 18 1809
46211 859473 19 1796
46238 859047 24 1775
46263 860288 21 1844
46284 858847 18 1685
46307 862361 20 1854
46327 858227 18 1754
46348 858923 18 1692
46372 857208 21 1814
46394 858367 19 1804
46414 860046 17 1728
46439 855921 22 1748
46463 858320 20 1710
46486 863390 20 1840
46508 858698 19 1752
46530 858708 20 1717
46554 860026 21 1833
46577 859905 19 1803
46597 857133 18 1711
46619 859580 19 1773
46646 858101 24 1770
46669 855485 19 1777
46691 857694 18 1724
46715 860499 22 1820
46739 856669 20 1797
46759 858702 18 1773
46782 860321 20 1825
46804 856477 18 1698
46826 858922 19 1819
46853 860009 23 1737
46875 859785 19 1798
46897 859548 19 1803
46918 857529 19 1734
46938 857943 17 1706
46960 857651 19 1803
46981 852855 18 1752
47002 856966 18 1686
47024 861128 20 1814
47052 861350 24 1825
47077 859719 21 1824
47100 860283 20 1784
47122 857642 19 1756
47145 859198 20 1832
47167 860127 20 1803
47190 858030 20 1813
47214 860574 21 1804
47237 856818 20 1778
47263 856675 23 1760
47287 858759 21 1811
47312 857852 22 1785
47334 855978 19 1820
47355 857327 18 1726
47378 860176 20 1772
47399 860207 18 1868
47420 856713 18 1740
47443 858274 19 1782
47467 857672 21 1803
47488 858084 19 1751
47510 856992 18 1750
47530 856631 18 1724
47553 861017 20 1830
47576 859501 20 1819
47598 857708 19 1746
47618 856557 18 1668
47640 858884 19 1746
47670 860497 27 1942
47692 858101 18 1743
47717 860379 22 1870
47739 860495 19 1854
47764 859533 22 1864
47785 857924 18 1762
47807 861549 19 1805
47829 859057 19 1725
47853 858988 21 1761
47880 858698 24 1771
47902 858635 19 1767
47926 857271 21 1840
47948 857977 19 1784
47970 858465 19 1759
47990 857506 18 1743
48012 859142 19 1759
48036 857939 20 1827
48059 857641 20 1720
48085 857954 22 1750
48107 859626 19 1861
48128 856290 18 1713
48151 856414 20 1839
48173 857392 19 1710
48197 861754 22 1958
48220 857312 20 1744
48242 858404 19 1824
48268 858634 23 1810
48294 859613 22 1797
48315 858227 18 1732
48337 858067 19 1802
48359 859083 18 1699
48380 855697 18 1724
48403 856241 20 1777
48424 855617 18 1793
48446 857239 19 1751
48472 857351 23 1752
48498 856215 22 1668
48521 857506 20 1807
48544 859853 20 1783
48566 858445 19 1772
48590 860331 21 1869
48612 858745 20 1766
48635 860098 19 1820
48655 856934 18 1693
48679 859099 21 1853
48703 856793 21 1723
48725 858762 19 1800
48748 859003 19 1788
48772 858054 21 1777
48792 858757 18 1749
48815 857569 20 1792
48837 859138 19 1782
48858 856087 18 1742
48881 858642 19 1803
48907 858107 24 1806
48928 858842 18 1798
48951 860696 20 1861
48972 857577 18 1772
48995 859565 19 1788
49020 860406 23 1858
49043 858420 19 1760
49064 857441 19 1738
49092 858634 24 1804
49116 858803 21 1682
49143 860047 23 1856
49165 857731 19 1743
49185 860093 17 1712
49207 857463 19 1778
49230 859226 20 1818
49254 860270 21 1867
49279 858732 22 1874
49306 859590 23 1745
49334 861836 25 1911
49358 859040 21 1791
49382 857477 21 1858
49404 857938 19 1791
49426 858446 19 1771
49448 858460 19 1778
49470 861306 20 1904
49497 862208 24 1888
49522 857385 21 1796
49545 858294 20 1897
49572 858719 24 1892
49593 857090 19 1743
49615 857263 19 1809
49637 857630 18 1727
49659 861045 19 1780
49679 859030 17 1723
49707 858323 24 1753
49735 861457 24 1845
49758 857819 20 1780
49782 858978 19 1823
49803 856300 18 1749
49827 858608 21 1816
49849 858360 19 1785
49870 858024 18 1744
49893 856205 20 1732
49917 857859 22 1695
49940 860903 19 1771
49961 857798 19 1716
49984 859036 19 1743
50005 855514 18 1710
50026 859482 18 1740
50049 859234 20 1873
50069 857247 17 1722
50093 861110 21 1841
50119 858317 23 1715
50141 858513 20 1800
50166 857689 22 1856
50189 858080 20 1869
50211 857632 19 1756
50232 857285 18 1706
50254 860325 19 1834
50275 857853 18 1741
50297 860655 20 1825
50324 859321 23 1850
50347 856709 20 1777
50369 857687 19 1785
50392 860684 20 1821
50416 861019 22 1877
50438 857699 19 1802
50459 856519 18 1703
50482 859000 19 1836
50507 859403 23 1881
50532 857571 21 1801
50554 858281 19 1790
50575 860098 18 1759
50597 860690 19 1817
50618 859160 18 1753
50681 859628 19 1757
50704 858176 21 1792
50730 858424 22 1853
50752 857934 19 1680
50774 859411 19 1709
50796 858102 19 1770
50817 858046 18 1722
50842 859711 22 1887
50867 860198 22 1839
50889 857637 18 1713
50911 856603 19 1682
50940 857434 26 1745
50962 861542 19 1802
50987 860786 22 1888
51008 858439 19 1880
51031 860144 20 1832
51054 858281 19 1686
51077 859586 20 1825
51099 861187 19 1794
51125 858037 23 1849
51148 859218 20 1734
51172 858098 20 1832
51195 859580 20 1831
51217 858900 19 1786
51241 860105 21 1873
51264 859454 19 1801
51284 857596 18 1765
51307 859099 20 1718
51335 861536 24 1796
51361 861194 22 1925
51381 857806 17 1720
51403 856459 18 1705
51426 859264 21 1800
51447 857624 18 1733
51470 857774 20 1801
51493 859838 19 1824
51517 860104 21 1905
51544 857615 24 1829
51568 858543 21 1870
51590 858840 19 1790
51611 859303 18 1776
51633 858835 19 1813
51655 857914 19 1753
51678 858292 20 1821
51699 855592 18 1702
51722 859225 20 1740
51746 860164 21 1805
51766 858118 17 1723
51788 858079 19 1811
51809 857089 17 1745
51830 858247 18 1746
51851 859149 18 1749
51872 858270 18 1762
51893 856226 18 1729
51919 859075 23 1880
51946 859851 24 1827
51968 857137 19 1759
51990 857433 19 1752
52011 857966 18 1744
52033 856654 18 1787
52054 859543 18 1749
52077 857343 20 1796
52098 860070 18 1827
52120 858092 19 1723
52146 857752 22 1809
52168 860204 19 1803
52191 859443 20 1881
52215 859566 21 1865
52242 859872 24 1836
52264 860414 19 1822
52285 858161 18 1765
52307 857770 19 1781
52332 858384 22 1851
52361 859569 26 1820
52387 860582 23 1806
52409 859562 19 1778
52430 861357 18 1770
52454 858722 21 1856
52476 860722 18 1811
52497 860677 18 1810
52518 856648 19 1725
52546 860376 24 1796
52570 857853 20 1766
52594 861438 21 1820
52617 856217 21 1796
52640 856132 19 1789
52663 860608 20 1816
52685 859073 20 1809
52709 859929 20 1866
52732 857298 20 1754
52757 861926 22 1798
52780 857177 19 1772
52800 857594 18 1752
52823 858064 20 1865
52846 859890 19 1798
52866 856180 18 1714
52887 859381 18 1747
52910 859464 20 1808
52932 858760 19 1852
52959 856066 23 1749
52984 860269 21 1931
53006 860371 19 1773
53028 858935 20 1860
53052 860802 20 1861
53073 856972 19 1825
53096 858047 20 1747
53117 859554 18 1743
53139 857067 19 1747
53162 858610 20 1703
53187 857266 21 1803
53209 858082 18 1759
53231 858037 19 1774
53258 860062 24 1884
53278 858875 18 1767
53299 859562 18 1758
53320 861014 18 1730
53345 859458 21 1829
53372 858306 24 1744
53398 859669 22 1832
53422 856932 21 1783
53447 858784 22 1766
53469 858229 19 1799
53491 857252 19 1797
53512 858775 19 1752
53535 859135 19 1776
53560 859295 22 1808
53587 857500 23 1784
53608 858955 17 1786
53629 858129 18 1811
53653 859488 21 1856
53675 858736 18 1827
53696 856764 18 1692
53720 858360 21 1885
53743 857161 20 1803
53770 857577 23 1792
53794 860033 21 1781
53816 858426 18 1756
53840 860162 21 1812
53863 859209 20 1843
53885 858942 20 1832
53907 856635 18 1733
53930 860534 20 1754
53953 858568 20 1779
53979 859269 23 1736
54000 856881 18 1718
54022 857746 19 1765
54044 858971 19 1739
54066 857837 19 1747
54089 858068 20 1755
54111 860160 19 1839
54134 857986 19 1793
54158 859061 21 1768
54183 859761 22 1778
54205 859729 19 1770
54226 856051 19 1726
54250 861007 20 1838
54273 862301 20 1904
54293 858290 17 1779
54314 858987 18 1727
54337 859002 20 1795
54362 860257 22 1845
54387 857857 22 1779
54409 857947 19 1718
54434 862209 22 1922
54457 856597 20 1747
54478 858969 19 1749
54502 858577 20 1829
54522 856455 18 1706
54545 857464 20 1863
54569 858515 21 1759
54593 856221 21 1748
54618 859101 22 1857
54642 858146 21 1795
54666 858426 20 1815
54689 859844 20 1851
54711 860207 19 1766
54731 857710 18 1802
54754 859562 19 1867
54779 857420 22 1775
54803 859493 20 1805
54825 858688 19 1772
54849 857648 21 1753
54871 856035 18 1699
54891 857885 18 1757
54913 859289 19 1785
54935 858382 18 1701
54956 856982 18 1837
54984 856659 25 1744
55009 858291 21 1804
55030 858964 18 1784
55053 859294 19 1725
55075 859457 19 1791
55096 857168 19 1826
55117 859961 18 1765
55140 859176 20 1828
55160 858159 17 1741
55184 857050 20 1672
55208 858181 20 1774
55230 855371 20 1685
55252 855969 19 1718
55276 859253 21 1862
55299 858901 20 1758
55322 859786 20 1763
55345 859482 19 1798
55368 856518 20 1748
55393 858775 21 1715
55418 857184 21 1747
55441 858487 20 1814
55466 861030 22 1830
55489 859426 20 1839
55511 860285 19 1766
55534 860146 21 1812
55556 859159 19 1724
55579 860745 20 1802
55604 859681 22 1832
55626 859377 19 1809
55649 859709 20 1842
55669 857560 17 1697
55691 860080 19 1796
55713 859424 19 1763
55733 858801 18 1703
55754 859429 18 1768
55778 859323 21 1807
55803 859952 22 1762
55824 858066 17 1670
55847 858839 20 1817
55871 859396 22 1811
55893 858730 18 1757
55915 858373 20 1826
55937 856905 19 1806
55959 859532 19 1811
55983 859121 21 1763
56006 860136 20 1768
56031 857760 21 1773
56052 854463 18 1786
56072 858691 17 1701
56094 859625 19 1725
56114 856420 17 1739
56135 859409 18 1760
56155 859350 18 1712
56177 860261 19 1842
56205 859815 24 1823
56230 854875 21 1749
56252 859708 18 1782
56275 856986 20 1740
56296 861043 18 1766
56316 858110 17 1707
56341 855904 22 1750
56363 858307 20 1864
56388 857969 22 1857
56414 860252 22 1762
56435 859276 18 1839
56459 859336 21 1851
56483 860418 20 1783
56504 859115 18 1780
56526 860507 18 1800
56549 858153 20 1857
56573 859376 21 1867
56596 858869 21 1816
56625 860367 25 1787
56647 858759 19 1744
56673 858431 23 1857
56695 856911 19 1766
56717 859381 19 1839
56743 857896 23 1798
56766 857496 21 1771
56787 856730 18 1729
56816 858392 25 1765
56841 858223 21 1807
56866 859353 21 1752
56887 858243 18 1741
56908 855776 18 1679
56930 858027 19 1817
56952 858458 19 1816
56974 858471 19 1787
56998 860372 21 1818
57025 856742 23 1721
57047 858098 20 1761
57069 858493 19 1742
57094 859221 21 1843
57115 860237 19 1748
57139 858848 20 1841
57163 860110 21 1869
57183 858284 18 1730
57207 858466 20 1777
57231 858922 22 1770
57256 859849 22 1869
57278 858362 19 1704
57303 859252 22 1850
57326 862647 20 1851
57347 859055 18 1714
57369 856868 18 1742
57392 859129 20 1831
57413 858409 18 1701
57438 858375 21 1756
57459 858067 18 1726
57479 858238 17 1682
57503 860282 21 1823
57524 860385 19 1741
57545 859034 17 1736
57567 858760 19 1800
57587 857575 17 1645
57613 856758 23 1771
57643 858968 26 1781
57665 857582 19 1739
57689 859059 21 1804
57712 858724 19 1761
57732 858704 18 1745
57753 858715 18 1759
57775 858846 19 1764
57796 857601 19 1716
57817 860280 18 1743
57844 859208 24 1785
57868 859776 20 1788
57890 860071 19 1812
57911 857973 19 1734
57933 859439 19 1754
57956 857790 20 1789
57980 860758 22 1890
58002 857161 19 1764
58025 857215 20 1740
58051 857680 22 1826
58074 858763 20 1832
58095 858295 18 1724
58117 858164 19 1738
58138 859943 18 1774
58161 859425 20 1879
58184 858543 20 1781
58206 859352 19 1798
58231 859509 22 1798
58254 857850 20 1753
58275 860185 18 1789
58297 858404 19 1753
58318 858462 18 1727
58341 859921 21 1858
58363 855900 18 1733
58384 858692 18 1754
58408 860626 22 1888
58432 856354 20 1702
58457 859657 21 1744
58481 860566 20 1762
58505 854529 21 1704
58525 859446 18 1717
58548 858706 20 1833
58570 860214 18 1786
58591 857352 18 1790
58613 859470 19 1791
58635 856449 20 1732
58660 860556 21 1844
58682 861815 19 1834
58705 860195 20 1864
58726 859107 18 1733
58749 859754 19 1843
58773 858400 21 1885
58794 858287 18 1788
58817 859110 20 1858
58840 858008 19 1688
58865 857605 20 1691
58890 859228 21 1821
58913 859531 20 1786
58935 857670 19 1731
58959 861464 21 1886
58979 857557 17 1710
59001 858149 19 1781
59022 856894 18 1683
59048 859173 22 1785
59071 859534 19 1748
59093 857621 20 1823
59118 860842 21 1888
59142 859399 21 1899
59164 857428 19 1783
59186 859155 18 1792
59207 857004 19 1765
59231 856885 20 1750
59257 856982 23 1755
59278 858631 18 1751
59299 856934 18 1703
59324 861204 22 1891
59346 856198 19 1758
59369 858108 20 1722
59391 859201 19 1835
59414 859045 20 1805
59437 859275 20 1767
59460 859613 20 1759
59483 859680 19 1793
59506 858759 20 1789
59529 859036 20 1751
59553 860679 21 1837
59575 859743 18 1723
59596 856451 18 1812
59617 858823 18 1740
59642 861141 22 1853
59666 860787 21 1732
59686 858475 17 1701
59706 857384 17 1747
59728 858774 19 1793
59751 858914 20 1860
59773 858977 19 1779
59796 857846 19 1774
59819 857197 21 1769
59844 859431 21 1839
59868 857069 21 1706
59888 855826 17 1646
59910 857102 19 1717
59935 860447 22 1886
59961 862285 24 1944
59982 859888 18 1786
60003 858246 18 1765
60026 858201 20 1800
60049 858714 20 1783
60072 858073 20 1662
60094 860048 19 1849
60116 855285 19 1789
60137 856148 18 1723
60158 857255 18 1718
60179 858009 18 1747
60201 859609 19 1797
60222 858693 18 1737
60244 857092 20 1812
60270 857069 22 1782
60295 856905 21 1773
60316 857392 18 1813
60340 859163 21 1863
60360 856260 17 1669
60382 858507 19 1804
60405 859987 20 1800
60428 857709 20 1824
60451 857984 20 1758
60478 860188 24 1837
60498 856111 17 1713
60519 857601 18 1750
60543 858092 20 1774
60565 859432 19 1800
60587 857988 19 1761
60611 858876 22 1843
60636 858810 22 1788
60659 860597 20 1791
60684 856671 21 1776
60706 859161 19 1742
60728 857808 19 1739
60749 856675 18 1733
60770 858110 19 1883
60792 857669 19 1808
60815 859990 20 1885
60837 859611 19 1762
60860 861261 20 1801
60887 857916 23 1838
60908 860316 19 1748
60930 856850 19 1766
60952 859355 19 1787
60974 861754 19 1871
60996 860088 19 1823
61018 856434 19 1725
61038 857764 17 1705
61065 860411 24 1877
61092 861597 24 1789
61113 856363 18 1728
61134 857317 18 1762
61155 859259 18 1758
61178 861716 20 1864
61200 856619 19 1764
61221 858613 18 1742
61242 855628 18 1733
61266 857364 20 1699
61293 860116 24 1827
61318 860484 22 1833
61341 856763 20 1824
61364 857423 19 1804
61385 855918 18 1795
61405 858236 17 1699
61426 859441 18 1780
61450 859255 21 1893
61479 861968 26 1869
61506 859188 23 1735
61528 859716 18 1806
61552 859879 22 1845
61575 857882 20 1783
61599 859463 21 1871
61620 856697 18 1777
61641 860904 18 1799
61663 860140 18 1764
61689 858256 23 1786
61713 860804 21 1831
61734 857545 18 1750
61758 861204 21 1876
61779 857907 17 1739
61801 859565 20 1824
61823 856338 19 1728
61844 859308 18 1698
61865 857376 18 1733
61894 857724 26 1803
61917 856520 20 1769
61938 857768 18 1723
61961 860051 20 1771
61982 857150 18 1762
62003 857301 18 1770
62023 858851 17 1763
62045 861320 19 1820
62068 858775 20 1839
62091 857871 20 1749
62117 858126 22 1850
62139 859072 18 1798
62162 857981 20 1808
62184 858845 19 1806
62206 861215 19 1827
62231 858236 21 1766
62255 860045 21 1865
62281 859581 23 1881
62306 858684 23 1797
62328 856066 18 1828
62349 859538 18 1678
62371 858635 19 1774
62392 859217 18 1751
62415 861398 21 1888
62436 855475 18 1701
62458 857205 18 1733
62480 860354 20 1814
62511 860259 27 1888
62532 859459 19 1764
62554 859169 18 1809
62576 861029 20 1817
62601 859045 22 1837
62623 857533 19 1754
62647 859841 21 1840
62671 858979 21 1858
62694 859112 20 1829
62724 860189 26 1793
62746 858305 19 1784
62769 859539 20 1779
62792 857152 20 1841
62815 858889 20 1880
62837 859206 19 1805
62859 857432 19 1802
62881 858958 18 1842
62907 860207 23 1819
62929 857498 18 1720
62950 858282 18 1779
62974 859996 21 1845
62995 858001 18 1752
63017 860487 19 1823
63037 859650 17 1651
63058 857298 18 1709
63082 859533 22 1899
63110 858003 24 1791
63133 857419 19 1750
63153 855205 18 1727
63176 859489 20 1825
63197 860203 18 1798
63219 860081 19 1821
63242 859250 19 1774
63265 858701 20 1791
63287 857208 19 1759
63314 857759 23 1793
63338 862045 21 1803
63362 860750 21 1806
63385 858673 20 1845
63407 860106 20 1887
63431 858812 21 1850
63454 857847 20 1760
63478 857862 21 1884
63502 860733 20 1765
63526 858336 21 1743
63550 860415 20 1779
63572 860495 19 1751
63598 858537 22 1822
63619 856689 18 1721
63641 856743 18 1751
63662 859680 19 1831
63683 860292 17 1719
63705 858983 20 1807
63730 859514 22 1718
63753 858029 19 1768
63777 858514 21 1791
63799 857506 20 1754
63822 860029 19 1766
63844 860363 19 1825
63868 857997 20 1789
63889 859164 18 1741
63910 859153 18 1734
63936 858336 22 1762
63956 858805 18 1753
63978 858033 19 1731
63999 857772 18 1774
64021 859026 20 1793
64041 855515 17 1715
64063 859805 19 1799
64085 857093 19 1780
64107 858487 19 1714
64134 859376 23 1780
64159 861134 21 1884
64185 860695 23 1854
64210 859081 23 1936
64232 857576 18 1824
64254 858852 19 1770
64276 856386 19 1835
64300 857878 21 1805
64323 858215 20 1759
64351 858827 25 1830
64377 857302 23 1702
64399 860341 19 1797
64421 858676 19 1749
64444 862308 20 1861
64465 856118 18 1710
64488 858195 20 1774
64510 859012 19 1726
64537 858533 24 1635
64563 857971 22 1803
64592 856731 25 1783
64615 856826 20 1779
64638 861094 20 1873
64659 857122 18 1706
64679 859164 17 1719
64701 858010 19 1696
64724 858127 20 1799
64750 859384 23 1832
64773 857815 20 1792
64795 859070 18 1744
64816 859178 18 1741
64838 857285 19 1800
64861 858982 20 1792
64881 860676 18 1737
64906 860280 22 1860
64928 856818 19 1725
64953 858650 22 1783
64976 860984 20 1844
64998 857324 19 1827
65019 857646 18 1738
65040 857807 18 1738
65063 860381 20 1835
65085 857679 19 1776
65106 858441 18 1700
65131 860104 22 1879
65156 859158 22 1725
65178 858531 19 1814
65202 860694 21 1806
65225 859754 20 1791
65247 859600 19 1812
65269 859251 19 1747
65293 857020 21 1875
65316 858987 20 1753
65340 860473 21 1812
65368 859389 24 1790
65390 858062 19 1756
65414 859789 21 1858
65438 857659 20 1789
65461 857371 21 1786
65484 860450 19 1823
65506 860962 20 1840
65533 860637 24 1899
65557 859728 21 1759
65579 860715 19 1767
65601 856614 19 1672
65623 858594 20 1790
65644 857141 17 1734
65667 856577 20 1725
65687 858505 18 1748
65709 857434 18 1747
65731 856994 19 1747
65758 857630 23 1729
65784 859787 23 1870
65806 858045 19 1755
65826 861137 18 1762
65849 858404 20 1863
65872 861550 20 1870
65893 860764 18 1757
65913 856209 17 1733
65935 859813 19 1801
65959 858138 21 1724
65981 857902 18 1755
66005 861676 21 1910
66025 858630 18 1659
66047 859305 19 1781
66069 857892 19 1737
66093 859242 21 1858
66114 856298 18 1770
66137 860541 19 1800
66160 858663 20 1715
66184 858477 20 1786
66206 856834 19 1766
66229 860687 20 1834
66253 859779 21 1863
66274 859973 18 1827
66298 860020 21 1844
66319 857735 18 1735
66342 858642 20 1750
66371 858926 26 1893
66392 861051 18 1794
66414 856253 19 1803
66438 859992 20 1730
66459 857259 19 1749
66482 859492 20 1757
66506 861419 20 1808
66527 860202 19 1795
66551 861802 21 1875
66577 859871 23 1830
66599 858582 19 1820
66623 860945 21 1868
66646 859806 20 1859
66666 858043 18 1714
66687 858903 18 1766
66710 857737 19 1880
66733 860627 20 1767
66755 857756 20 1762
66784 858184 25 1766
66806 858847 19 1805
66827 857779 18 1799
66848 857227 19 1738
66871 858890 20 1863
66894 860346 19 1782
66916 860623 19 1788
66938 859272 19 1755
66966 858567 25 1853
67002 860626 19 1728
67023 857700 19 1750
67047 860783 21 1839
67069 857251 18 1779
67091 860606 19 1844
67114 858650 20 1856
67135 855244 18 1744
67158 860823 20 1749
67184 859859 23 1805
67206 858516 19 1792
67230 857853 21 1784
67251 858242 19 1853
67274 861022 20 1770
67297 858612 20 1774
67318 857396 18 1771
67342 861077 21 1787
67366 859066 21 1731
67393 860592 23 1838
67416 857332 20 1821
67438 858483 19 1787
67459 857643 18 1712
67480 861092 18 1723
67501 858171 18 1789
67524 861443 20 1787
67544 859146 18 1782
67568 859075 21 1848
67593 858602 22 1738
67615 857336 19 1808
67639 861156 20 1801
67661 860110 19 1802
67684 861566 21 1866
67710 859691 23 1940
67734 858511 20 1809
67755 859053 18 1811
67783 856833 24 1720
67804 857012 17 1687
67825 859731 18 1731
67848 858531 19 1846
67871 858780 20 1763
67893 860565 19 1760
67914 856599 18 1742
67934 857654 17 1712
67957 859654 20 1876
67986 859379 26 1815
68011 856630 22 1756
68032 857998 18 1724
68056 858643 21 1764
68077 860552 18 1829
68099 858118 19 1813
68120 859018 19 1715
68143 860752 20 1855
68165 856183 20 1791
68191 858888 22 1725
68215 859837 20 1798
68241 858969 22 1850
68261 858053 17 1717
68282 859383 18 1770
68303 857967 17 1729
68325 857879 19 1835
68346 859033 18 1751
68367 858435 18 1740
68395 858073 24 1760
68421 857238 23 1767
68443 859382 19 1796
68465 857142 18 1783
68487 857537 19 1851
68509 861420 19 1815
68531 859440 19 1821
68553 858081 19 1840
68577 855686 21 1734
68603 857102 23 1679
68624 859468 17 1774
68646 859062 19 1772
68668 854582 19 1765
68689 857485 18 1763
68717 862118 24 1927
68738 859466 18 1839
68760 858391 19 1803
68782 858765 19 1727
68808 856678 24 1851
68829 857600 17 1810
68853 859453 21 1844
68873 857150 17 1721
68895 860776 19 1847
68917 860748 19 1769
68938 859246 18 1755
68961 860361 20 1866
68984 858831 20 1787
69011 860562 24 1762
69032 858066 19 1780
69054 858978 19 1797
69075 854922 18 1728
69096 857253 18 1725
69118 857381 19 1719
69139 858232 18 1749
69160 858283 18 1777
69183 856510 20 1842
69211 860520 25 1881
69233 857442 18 1685
69254 856130 17 1711
69276 857379 19 1801
69298 861430 19 1846
69318 857603 17 1734
69339 857534 18 1744
69360 857987 18 1688
69382 857817 19 1819
69409 855624 23 1790
69431 857488 18 1711
69451 857360 18 1735
69472 859508 18 1745
69494 856876 19 1829
69516 857955 19 1828
69538 859817 19 1809
69562 859176 21 1815
69584 856755 19 1805
69609 858609 21 1830
69632 857936 19 1769
69655 858403 20 1807
69677 856297 19 1721
69697 858772 18 1804
69720 858555 20 1796
69744 857805 20 1796
69768 860195 21 1893
69793 857965 23 1914
69819 859202 22 1763
69842 857950 20 1776
69863 859225 19 1820
69885 858951 19 1807
69907 855609 19 1802
69930 861850 20 1837
69952 858374 19 1801
69975 859170 20 1811
70000 858312 22 1834
70026 858994 24 1871
70048 858790 18 1750
70070 861161 20 1765
70092 858225 19 1781
70114 858859 19 1778
70136 857081 19 1806
70158 856432 18 1737
70180 859385 19 1754
70206 861055 23 1882
70229 859618 21 1728
70253 858734 20 1773
70276 858154 20 1816
70298 857955 18 1708
70319 857491 18 1747
70341 860358 19 1738
70362 858441 18 1810
70384 858406 19 1855
70407 857765 19 1760
70436 859119 27 1816
70457 859446 18 1747
70478 857530 18 1724
70501 859388 19 1775
70523 859786 19 1824
70544 858586 18 1722
70568 860719 21 1796
70589 856805 18 1765
70616 860007 24 1817
70644 857696 25 1775
70665 860317 17 1721
70689 858392 21 1869
70710 854892 18 1720
70732 859406 20 1817
70755 859115 20 1848
70776 859693 18 1783
70798 860101 19 1766
70825 859192 23 1842
70851 857443 21 1753
70873 859361 20 1828
70895 855161 19 1744
70918 860500 20 1744
70940 859263 20 1756
70962 857648 18 1758
70983 858740 18 1802
71005 856287 19 1832
71031 860171 23 1764
71054 858079 19 1734
71078 863375 21 1961
71102 858335 20 1795
71123 857219 18 1771
71144 858523 18 1698
71168 857671 20 1887
71189 856443 19 1769
71211 858902 19 1777
71239 859624 23 1817
71262 858359 20 1710
71283 857418 18 1747
71305 859484 19 1786
71328 860287 20 1812
71349 857093 19 1775
71371 860440 18 1862
71392 860128 18 1777
71413 860594 18 1781
71437 858264 21 1783
71459 859292 18 1738
71482 858741 20 1815
71504 859159 19 1810
71525 859238 18 1784
71546 859781 18 1720
71567 858392 18 1741
71589 857047 19 1832
71612 860161 20 1793
71636 860234 21 1865
71663 859187 23 1795
71684 858699 18 1712
71706 856562 19 1715
71727 860521 19 1814
71750 858711 20 1792
71771 857742 18 1799
71792 859009 18 1735
71813 859267 17 1674
71838 856381 22 1818
71866 856968 25 1792
71894 858757 24 1772
71917 859791 20 1784
71938 857910 18 1773
71959 855574 18 1740
71982 859675 20 1781
72005 859307 20 1838
72027 859120 20 1758
72055 859829 24 1785
72081 861673 23 1841
72105 857993 21 1731
72129 858650 21 1773
72152 860600 20 1752
72175 858121 20 1798
72197 859149 20 1787
72218 857651 17 1686
72239 854881 19 1683
72266 859462 24 1764
72288 858796 19 1782
72312 860276 20 1755
72331 860053 17 1664
72353 859672 19 1826
72376 859032 20 1744
72397 857769 18 1763
72418 857666 18 1723
72441 859131 20 1760
72466 858440 21 1773
72488 860340 20 1789
72510 859527 18 1808
72532 858678 19 1693
72555 858684 20 1835
72576 856510 19 1733
72597 858373 18 1828
72618 857707 18 1757
72641 856843 20 1793
72665 856511 21 1655
72688 859595 20 1775
72710 860763 19 1789
72734 860361 21 1845
72757 858724 19 1776
72778 857264 18 1696
72799 860187 18 1770
72821 858563 20 1825
72845 859134 21 1817
72871 858731 23 1745
72891 856873 17 1694
72913 856844 19 1716
72936 858564 20 1755
72961 856914 22 1840
72982 857921 17 1745
73003 860709 18 1777
73026 859426 20 1820
73049 860856 20 1741
73075 858261 24 1763
73096 855861 17 1720
73118 856332 19 1859
73142 859358 21 1773
73166 859666 21 1799
73187 857721 18 1726
73209 857673 19 1795
73230 858304 18 1764
73252 858734 19 1699
73280 856652 24 1721
73302 858489 20 1796
73323 857606 18 1739
73345 860105 19 1795
73368 858802 19 1761
73390 860948 19 1810
73411 859368 18 1798
73431 856408 17 1720
73455 860330 22 1890
73482 857231 23 1762
73502 858244 17 1738
73526 859691 21 1806
73546 856491 17 1626
73568 858213 19 1745
73590 858038 19 1829
73611 857923 18 1724
73631 856603 17 1825
73654 856345 20 1765
73679 857429 22 1776
73699 855438 17 1718
73720 856471 18 1712
73741 857912 18 1792
73763 859465 19 1752
73787 861198 20 1864
73807 859104 18 1770
73830 859297 20 1765
73851 857439 18 1713
73879 860291 24 1866
73901 855577 19 1746
73924 858272 19 1759
73948 859934 21 1829
73969 860210 19 1820
73992 857328 20 1841
74013 859056 18 1705
74036 858992 20 1766
74060 856803 21 1746
74086 860324 23 1795
74107 855969 18 1719
74134 861067 24 1884
74158 859171 20 1783
74182 861639 21 1846
74205 859386 19 1738
74229 858225 21 1772
74251 857370 19 1719
74276 861133 22 1892
74301 857276 20 1694
74323 858353 19 1830
74346 859487 20 1777
74368 856094 19 1707
74390 860007 19 1812
74411 860271 19 1848
74433 858990 18 1763
74454 858149 19 1811
74478 859290 21 1794
74506 859815 23 1739
74528 858662 19 1720
74551 861054 20 1811
74574 856806 20 1780
74597 860615 19 1773
74618 857816 19 1758
74640 858504 19 1774
74663 859633 20 1738
74694 859019 27 1885
74716 859126 18 1796
74737 858901 18 1740
74759 860040 19 1837
74782 859379 19 1753
74804 858883 19 1783
74828 858542 21 1814
74850 858686 19 1748
74874 858455 21 1820
74898 859764 21 1786
74924 859631 22 1891
74944 857150 18 1733
74969 858687 21 1879
74992 859301 21 1825
75015 857197 20 1787
75036 858525 18 1729
75056 857712 17 1737
75078 859454 19 1782
75103 857450 22 1769
75126 860153 19 1851
75147 855737 19 1715
75167 860500 17 1723
75189 855013 18 1681
75210 855595 18 1682
75231 858676 19 1798
75253 856668 19 1714
75277 860268 20 1790
75305 857937 25 1743
75325 859600 17 1764
75349 859923 21 1854
75371 859758 19 1766
75393 860205 19 1823
75414 856794 18 1725
75437 858786 19 1762
75458 859735 18 1765
75481 857161 19 1771
75505 858218 21 1775
75529 858488 20 1793
75549 858341 18 1747
75572 859518 20 1822
75598 860357 23 1796
75619 855511 18 1694
75642 858202 19 1803
75661 857743 17 1646
75687 858525 23 1795
75714 860942 24 1824
75736 859250 19 1830
75758 856996 19 1765
75779 858516 18 1740
75804 859632 22 1786
75825 858195 18 1686
75847 860012 20 1831
75868 856295 18 1729
75895 860820 24 1868
75923 859530 24 1762
75946 861156 20 1863
75968 858271 18 1779
75991 861010 19 1861
76014 858768 20 1813
76038 858533 21 1836
76062 860515 21 1852
76084 856654 18 1684
76110 859515 23 1801
76133 857938 19 1688
76155 856693 19 1750
76176 855816 18 1701
76200 860547 21 1868
76223 860581 20 1796
76246 858630 20 1878
76267 860768 18 1777
76290 858442 20 1888
76318 857072 24 1750
76342 855778 20 1783
76363 856845 18 1746
76383 857822 18 1732
76404 855871 18 1764
76429 860989 22 1962
76452 859426 19 1851
76474 859338 20 1850
76497 858657 20 1785
76523 858058 22 1745
76544 857843 18 1742
76566 859007 19 1749
76588 858707 19 1784
76612 857991 21 1796
76633 856864 18 1750
76655 859256 19 1770
76678 859744 20 1797
76699 859811 19 1737
76727 858940 24 1846
76749 856831 18 1793
76770 858189 19 1737
76792 857821 18 1737
76814 859984 19 1859
76836 858769 18 1805
76857 858829 18 1751
76878 858870 19 1742
76899 860733 18 1801
76926 858594 22 1769
76948 858803 19 1784
76969 855500 18 1756
76990 858659 19 1783
77011 857218 18 1733
77033 859327 19 1828
77055 855834 19 1788
77077 859743 19 1824
77099 858693 20 1776
77130 858766 28 1815
77155 859214 21 1810
77179 857820 21 1775
77200 858754 18 1787
77221 858057 18 1699
77246 860965 22 1806
77270 859042 21 1912
77291 854340 17 1660
77313 859006 19 1778
77338 856502 21 1715
77359 855239 19 1726
77380 857992 18 1718
77402 857659 18 1746
77425 857515 20 1768
77448 857198 20 1816
77475 858684 24 1902
77497 856789 18 1741
77518 857081 19 1704
77545 859502 24 1818
77566 858333 18 1768
77592 856510 23 1819
77614 860552 19 1768
77636 859667 19 1813
77658 859087 19 1805
77679 859358 18 1749
77700 858707 18 1727
77723 857086 20 1776
77748 858931 23 1868
77770 856052 18 1785
77792 861349 19 1833
77815 857402 20 1722
77837 859132 20 1808
77860 858513 20 1690
77882 856254 19 1794
77903 857143 18 1733
77927 856479 21 1716
77953 858772 23 1806
77975 856922 19 1798
77999 858577 21 1755
78021 859319 19 1760
78042 860119 18 1801
78064 857400 19 1754
78085 858860 18 1802
78107 860956 20 1823
78130 856693 20 1743
78156 860722 23 1840
78178 858435 18 1718
78199 858244 18 1738
78220 857776 19 1701
78242 860393 19 1823
78264 860622 19 1798
78286 857377 19 1790
78310 858236 21 1934
78333 856546 19 1816
78357 860733 22 1797
78382 860889 22 1882
78405 858242 20 1820
78427 859606 19 1818
78449 857163 19 1800
78473 859756 21 1916
78496 860057 20 1896
78517 859148 17 1789
78543 860028 23 1829
78573 859750 26 1873
78595 858257 19 1813
78619 860671 20 1867
78642 857588 21 1823
78664 858587 19 1816
78687 859334 19 1849
78708 859325 18 1729
78731 859228 20 1756
78756 856839 21 1677
78777 855013 17 1691
78801 856517 21 1845
78823 858457 19 1766
78846 860329 20 1826
78867 860477 18 1821
78892 859070 22 1798
78915 858823 19 1891
78938 860717 20 1740
78964 857880 23 1745
78986 860617 20 1813
79008 857372 19 1871
79030 859910 19 1808
79052 860641 19 1868
79075 858946 20 1873
79097 859791 19 1798
79118 857810 18 1783
79143 858909 22 1847
79170 859683 25 1849
79192 857232 19 1777
79216 858833 22 1802
79240 859808 20 1875
79264 859542 21 1911
79285 859215 18 1763
79307 857485 19 1821
79328 858598 18 1784
79352 860637 21 1831
79382 859671 26 1911
79407 856353 22 1746
79429 857547 20 1684
79451 858661 18 1772
79473 856817 19 1774
79495 859860 20 1857
79519 860327 21 1870
79545 859202 23 1847
79569 859583 21 1778
79596 859301 24 1840
79618 858633 19 1764
79640 856705 19 1799
79662 860476 18 1726
79683 858058 18 1780
79705 857063 18 1759
79725 856314 18 1732
79749 857304 20 1820
79776 856721 24 1778
79799 859221 20 1814
79822 860245 19 1824
79845 861201 20 1811
79867 857668 19 1794
79888 860711 18 1824
79910 859464 19 1764
79932 856484 19 1750
79955 858315 20 1773
79981 860778 23 1782
80004 858880 20 1798
80026 856724 19 1765
80049 859727 20 1837
80073 859594 21 1850
80095 858684 19 1776
80116 861680 18 1756
80138 859483 19 1752
80160 861246 19 1792
80185 858759 22 1792
80207 856741 18 1651
80228 857775 18 1768
80250 857688 19 1720
80271 858595 18 1753
80292 857438 18 1789
80314 858248 19 1767
80336 858027 19 1766
80358 855773 20 1764
80385 858889 23 1812
80408 860547 20 1868
80430 859906 20 1847
80453 857726 18 1742
80474 855628 18 1735
80498 856321 21 1743
80519 857633 18 1760
80541 858784 19 1848
80565 858416 21 1872
80589 857410 22 1796
80612 860081 20 1861
80635 860474 20 1778
80658 858238 20 1802
80681 860174 20 1804
80702 858962 18 1766
80723 858385 18 1739
80745 858516 18 1722
80766 857441 19 1762
80790 857622 21 1757
80814 859705 21 1867
80836 858965 19 1827
80858 857293 20 1791
80879 857259 18 1711
80900 857762 18 1752
80922 860552 19 1855
80942 859525 17 1711
80964 856804 19 1704
80991 857701 24 1802
81013 856472 18 1685
81035 857943 19 1737
81057 859643 19 1810
81081 858673 20 1781
81100 854937 16 1669
81124 862364 22 1950
81148 860964 21 1863
81170 858554 19 1786
81203 859377 29 1909
81224 858475 19 1753
81248 858150 20 1756
81271 859775 21 1846
81294 856301 20 1749
81315 858890 18 1722
81338 858707 19 1799
81359 858715 18 1716
81383 858823 21 1824
81407 858767 20 1770
81430 860283 20 1852
81452 861458 19 1845
81475 856622 20 1849
81495 860514 17 1695
81520 860354 21 1829
81542 856072 19 1738
81566 858568 21 1748
81591 857945 22 1829
81615 858562 21 1834
81637 859025 18 1742
81661 857900 21 1802
81682 857216 18 1671
81703 860953 18 1794
81725 859884 19 1786
81746 859533 19 1821
81769 857728 20 1753
81792 861149 19 1763
81818 858535 23 1886
81841 860464 19 1821
81865 858835 21 1821
81887 858491 19 1768
81909 859298 18 1693
81930 857150 18 1714
81951 857454 19 1760
81975 859022 21 1765
81999 857502 21 1703
82024 858470 20 1800
82045 857651 18 1776
82067 859702 19 1794
82089 858350 19 1763
82110 857637 18 1727
82130 857623 18 1693
82153 857331 19 1760
82174 857294 19 1771
82199 859692 21 1766
82225 862283 22 1831
82249 859393 21 1792
82271 861457 19 1776
82292 855868 18 1719
82315 863253 20 1863
82336 859314 18 1796
82361 858599 21 1866
82383 859405 19 1832
82413 859770 26 1799
82435 856126 19 1749
82457 856696 19 1694
82479 857929 19 1750
82501 859589 19 1767
82524 858525 20 1753
82545 856533 17 1694
82568 860699 20 1837
82590 857737 19 1763
82616 857602 23 1781
82639 860982 20 1733
82660 856551 18 1780
82681 857409 18 1795
82703 861252 19 1846
82723 859385 17 1684
82747 859736 21 1773
82768 854942 18 1718
82790 858001 19 1792
82815 859385 22 1772
82838 856674 19 1684
82861 859101 20 1770
82883 859362 19 1798
82903 856340 17 1695
82925 859788 19 1843
82947 859826 19 1751
82970 860006 20 1796
82992 857826 20 1777
83018 858554 22 1768
83044 858945 22 1819
83067 861089 20 1788
83090 859515 21 1836
83111 856792 18 1716
83132 856772 18 1724
83154 856125 19 1802
83177 858984 20 1854
83201 858350 21 1797
83227 858046 23 1748
83249 861047 19 1795
83270 858087 19 1783
83292 860575 19 1727
83314 858913 19 1851
83336 858442 19 1815
83358 858918 18 1791
83379 857783 18 1759
83402 858598 20 1822
83428 858233 23 1835
83452 859617 21 1828
83473 858967 17 1707
83496 858357 20 1793
83518 861293 19 1752
83540 857668 19 1814
83564 859640 21 1811
83586 858577 19 1780
83608 856534 20 1730
83639 859861 27 1900
83661 858641 20 1827
83686 860508 21 1870
83707 857157 18 1740
83728 856988 18 1717
83749 858534 18 1761
83771 858663 19 1800
83792 857399 18 1682
83813 856077 18 1690
83841 860599 25 1805
83861 858013 17 1711
83883 857886 19 1788
83907 861078 20 1770
83927 857851 17 1737
83949 858022 19 1727
83970 856682 18 1735
83992 858979 19 1795
84017 859086 21 1765
84044 860167 24 1844
84065 857513 18 1768
84086 857647 18 1663
84107 856511 18 1746
84128 857440 17 1702
84149 858479 18 1711
84169 858863 18 1722
84190 855936 18 1705
84212 857937 19 1770
84237 856317 22 1777
84259 858775 19 1732
84285 858707 23 1758
84307 857227 19 1723
84329 856800 19 1770
84351 859067 20 1825
84374 859207 19 1760
84395 860796 18 1772
84418 858923 20 1811
84442 857799 21 1696
84464 858676 18 1749
84486 856649 19 1817
84511 859074 22 1867
84534 857910 20 1805
84555 858337 18 1709
84577 859872 19 1716
84599 859347 19 1791
84622 859628 20 1773
84649 856626 24 1747
84673 859575 22 1883
84696 860158 20 1727
84718 855874 18 1772
84739 857935 19 1786
84760 858060 17 1730
84784 861438 21 1847
84806 855750 18 1747
84828 857462 20 1774
84855 857403 24 1777
84878 858229 20 1781
84903 857461 21 1803
84924 859116 19 1864
84944 856840 17 1706
84968 860333 20 1856
84990 858894 20 1807
85012 857077 19 1812
