fo time ls_time n_ls_moves
19 862990 19 1836
41 864710 18 1765
63 866894 19 1866
85 864021 19 1777
111 864697 23 1803
138 863550 24 1765
159 863482 18 1707
182 864614 20 1776
207 864980 20 1862
227 863660 17 1674
248 859544 18 1681
270 865335 18 1833
294 865012 22 1846
321 861310 23 1783
349 860583 24 1689
371 865021 20 1830
395 863073 21 1791
416 864541 18 1762
437 860764 17 1701
460 865591 21 1897
483 863139 19 1777
503 862088 18 1805
536 864032 30 1753
559 864522 18 1718
581 865523 19 1807
602 863050 18 1763
624 863810 19 1787
646 864230 18 1738
667 864418 18 1762
690 864157 20 1862
711 864381 18 1743
737 863841 22 1800
759 861257 19 1707
782 864853 20 1800
805 865536 20 1809
827 862975 19 1700
848 862732 18 1735
873 865354 22 1905
895 864023 20 1759
919 864006 20 1815
948 864139 26 1796
970 866361 18 1814
993 863733 21 1779
1015 863139 19 1770
1039 862801 20 1774
1072 865561 30 1845
1098 865128 22 1806
1124 865480 23 1826
1152 864282 25 1797
1174 862942 19 1765
1196 863536 19 1788
1218 862322 19 1704
1241 862167 20 1756
1264 862905 20 1752
1286 864263 19 1769
1307 862883 17 1769
1330 862663 20 1728
1356 865890 23 1801
1376 864930 17 1716
1398 864996 19 1797
1421 864502 20 1850
1442 866631 19 1769
1464 865614 19 1810
1486 863767 19 1763
1509 864572 20 1805
1531 865918 19 1722
1563 864684 29 1767
1586 861876 19 1761
1607 862700 18 1788
1629 865186 19 1784
1650 861845 18 1732
1672 863308 19 1745
1692 862835 17 1705
1713 862606 19 1818
1737 863413 20 1784
1762 862898 23 1776
1785 865730 19 1836
1807 862431 19 1773
1828 863945 18 1733
1850 864027 18 1805
1871 864665 18 1806
1891 861910 17 1714
1911 862352 17 1703
1932 862049 18 1673
1959 863447 23 1748
1982 864372 19 1765
2004 865304 20 1756
2025 864873 18 1768
2046 862174 18 1655
2069 864786 20 1861
2089 862927 18 1746
2112 864435 20 1829
2133 866384 18 1733
2159 865627 23 1779
2183 863332 20 1824
2204 863226 18 1771
2229 867040 22 1847
2255 865105 23 1901
2277 862673 19 1758
2298 864814 19 1783
2320 864282 19 1741
2344 861659 20 1754
2372 863775 25 1802
2395 864105 21 1844
2416 862665 18 1708
2440 865102 20 1824
2462 865632 19 1812
2484 864022 19 1776
2506 862742 18 1771
2530 864762 22 1826
2552 862006 18 1640
2576 863765 22 1766
2598 862076 18 1758
2618 861197 18 1740
2640 862058 19 1764
2662 864445 19 1784
2684 864104 19 1797
2707 865905 21 1886
2729 862433 19 1782
2754 864189 22 1847
2783 864428 25 1903
2805 862992 20 1803
2827 864854 18 1723
2849 862256 19 1730
2870 862838 18 1742
2893 864626 20 1848
2917 864122 21 1803
2939 864514 19 1800
2966 864075 24 1770
2992 861053 22 1750
3015 864372 20 1800
3038 863998 20 1737
3060 865574 18 1706
3083 863696 20 1780
3104 865496 18 1766
3125 863781 17 1733
3145 862086 17 1757
3167 864670 19 1785
3194 863255 24 1810
3217 863563 20 1778
3238 862203 18 1765
3261 863789 20 1864
3282 862552 18 1765
3304 865561 19 1817
3325 864782 18 1746
3349 867469 21 1865
3371 863999 19 1722
3397 864449 21 1736
3419 863303 19 1816
3441 862499 19 1850
3464 865153 20 1805
3485 863356 18 1695
3505 861635 18 1722
3527 864572 19 1785
3550 864411 20 1818
3572 862154 19 1810
3600 863421 25 1778
3622 862484 19 1788
3645 865603 20 1875
3666 863104 18 1778
3688 860603 19 1823
3709 862305 18 1767
3730 865934 18 1808
3751 863045 18 1716
3778 862250 23 1838
3802 864117 20 1764
3825 865983 20 1740
3847 863731 19 1797
3867 860404 18 1722
3890 863921 20 1852
3911 862558 18 1648
3935 863549 21 1862
3956 866707 19 1826
3979 864644 20 1710
4006 864644 24 1764
4026 863182 17 1719
4049 864123 19 1797
4071 863456 19 1829
4092 864576 19 1786
4113 863271 18 1789
4135 866063 19 1855
4157 862066 19 1755
4181 863072 21 1782
4210 863401 25 1788
4235 865452 22 1844
4258 865455 20 1760
4278 861402 17 1684
4300 862917 19 1778
4321 863656 18 1749
4343 863675 20 1891
4365 864544 18 1751
4387 863971 20 1737
4416 864587 25 1856
4440 865653 20 1852
4462 863231 19 1782
4482 864288 17 1774
4506 865169 21 1834
4527 863854 19 1820
4549 862989 19 1765
4570 862016 18 1786
4592 863289 19 1796
4617 866530 21 1797
4638 862746 18 1756
4661 864407 20 1832
4685 865807 21 1863
4706 863544 18 1768
4728 862876 19 1805
4749 864133 19 1815
4769 862918 17 1628
4791 864458 19 1800
4818 864355 24 1830
4842 862894 21 1729
4865 865300 20 1893
4888 864421 19 1820
4911 863598 20 1857
4934 864953 21 1828
4956 862987 19 1813
4978 860029 19 1696
5007 864822 25 1797
5030 864335 19 1812
5051 863892 18 1756
5074 861170 20 1785
5097 862304 20 1769
5120 863443 20 1790
5140 863336 17 1688
5166 866086 22 1837
5189 864224 20 1792
5214 863517 22 1749
5236 863661 19 1719
5257 863225 17 1695
5279 862431 19 1740
5300 862556 18 1742
5323 865364 20 1795
5345 864602 19 1747
5369 865575 21 1867
5391 864987 19 1794
5416 864144 23 1741
5438 865889 18 1855
5461 864416 20 1817
5484 864423 20 1756
5506 865466 19 1741
5527 860905 18 1742
5548 861998 18 1715
5570 864413 19 1829
5595 866256 22 1848
5627 864659 28 1849
5649 861598 19 1754
5668 861349 16 1679
5691 864466 20 1798
5715 865741 21 1811
5736 865831 18 1812
5759 864236 20 1864
5781 863982 19 1797
5807 866823 22 1858
5834 867577 24 1890
5856 863849 19 1750
5878 863302 19 1792
5902 864380 21 1872
5924 861788 18 1674
5946 864111 20 1794
5968 862357 19 1741
5992 865094 21 1840
6016 863832 22 1736
6041 864103 21 1771
6064 864975 19 1818
6086 866126 20 1782
6110 864857 20 1833
6130 864974 18 1799
6151 864272 18 1738
6173 866731 19 1862
6194 864113 18 1768
6218 862836 21 1782
6243 862867 20 1789
6265 863856 19 1803
6289 864183 21 1908
6310 863874 19 1776
6332 865555 19 1820
6352 863150 17 1712
6375 864333 20 1801
6398 863683 19 1824
6422 865585 21 1832
6447 866096 22 1802
6467 863426 17 1745
6490 864217 20 1856
6513 862413 19 1764
6534 862977 18 1822
6557 863976 21 1768
6578 865533 18 1775
6598 864729 17 1702
6621 863090 20 1799
6645 863638 21 1810
6667 864604 18 1787
6688 862128 18 1690
6711 864100 20 1772
6732 861869 18 1773
6752 863359 17 1756
6772 862985 17 1714
6795 865085 20 1834
6818 864163 20 1783
6847 864239 25 1719
6868 863275 18 1734
6888 863105 17 1745
6910 862718 19 1782
6931 863110 18 1773
6952 861482 18 1733
6974 862643 19 1752
6996 863489 19 1787
7020 867820 21 1852
7050 863919 25 1850
7071 864973 19 1761
7098 866156 23 1745
7120 863791 20 1799
7144 862760 20 1842
7165 863972 19 1753
7188 864582 19 1742
7211 864437 20 1822
7234 862525 20 1761
7259 861325 21 1770
7285 864014 22 1800
7307 863692 19 1762
7330 866849 21 1834
7353 864016 19 1864
7375 863926 19 1819
7398 865175 20 1851
7419 860693 19 1740
7443 862962 20 1714
7465 862943 19 1813
7488 864334 19 1842
7511 863690 20 1686
7532 865601 18 1817
7554 864481 19 1802
7576 863823 19 1755
7596 863284 17 1637
7618 864393 19 1820
7641 864660 21 1693
7666 864514 20 1819
7687 862532 18 1793
7709 863815 19 1786
7731 865111 19 1768
7753 865765 19 1722
7775 865251 20 1812
7795 863637 17 1721
7817 864400 18 1789
7839 862223 19 1735
7865 864024 23 1813
7889 863274 21 1754
7912 864819 20 1828
7934 860677 20 1709
7957 862023 19 1704
7978 862383 18 1805
7999 865364 18 1826
8022 864187 20 1779
8048 864010 23 1861
8071 863326 19 1725
8093 860260 19 1741
8116 863115 20 1799
8138 862197 18 1793
8160 862226 19 1714
8180 862398 18 1749
8201 863675 17 1724
8221 862026 17 1747
8246 863907 22 1694
8274 864934 23 1794
8297 864405 19 1774
8318 862285 19 1806
8340 865430 18 1799
8363 866748 20 1790
8384 864262 18 1708
8407 863921 20 1758
8430 865466 20 1856
8453 862153 21 1788
8476 864424 19 1732
8499 866083 20 1826
8522 864491 20 1858
8543 861930 18 1695
8563 862530 17 1695
8586 862976 19 1749
8606 862653 17 1631
8628 863464 19 1794
8651 864238 20 1736
8676 861600 21 1665
8701 865536 23 1974
8723 861115 18 1699
8744 864394 18 1783
8766 860885 19 1803
8788 864675 20 1836
8812 863819 21 1872
8836 865042 20 1812
8863 865103 24 1766
8885 862225 18 1764
8906 863627 18 1783
8928 866317 19 1804
8949 864246 18 1783
8968 860687 17 1678
8990 865015 18 1779
9014 864277 21 1784
9036 862430 19 1830
9061 861582 22 1790
9085 863993 20 1772
9108 862928 19 1812
9131 863705 20 1834
9153 866930 19 1880
9176 863911 19 1795
9197 861027 18 1765
9219 865219 19 1777
9240 861535 18 1744
9264 864995 22 1829
9289 864147 21 1794
9311 863318 19 1751
9334 862370 19 1780
9355 864771 18 1717
9376 862751 18 1731
9398 865526 19 1741
9420 864828 19 1866
9441 863409 18 1748
9464 865081 19 1764
9493 866484 26 1848
9515 864458 19 1768
9537 861806 19 1753
9564 866683 24 1884
9585 864678 18 1747
9606 863963 18 1768
9631 865442 22 1811
9657 864220 23 1782
9685 864464 25 1754
9707 861378 19 1744
9732 865465 21 1832
9752 864004 18 1786
9777 863321 21 1814
9799 864354 19 1818
9821 863900 20 1790
9843 862472 19 1784
9864 862936 18 1745
9890 862254 23 1728
9912 864638 19 1813
9934 861896 19 1754
9955 862477 18 1715
9976 864066 19 1783
9999 865667 19 1824
10021 867122 19 1803
10042 862718 18 1729
10066 866015 21 1843
10092 862914 22 1742
10113 865647 19 1856
10137 864877 20 1874
10162 865187 22 1858
10185 865164 20 1795
10206 864140 19 1696
10228 864841 19 1748
10250 863279 19 1768
10272 862423 19 1759
10298 863838 22 1736
10319 864126 19 1782
10341 863814 19 1828
10366 861527 21 1705
10388 864364 20 1749
10408 862943 17 1721
10430 862695 19 1740
10451 863735 19 1745
10474 864068 20 1738
10499 864471 22 1788
10521 864108 19 1748
10544 863734 21 1805
10565 863154 18 1700
10587 865388 19 1822
10609 863791 19 1788
10629 865530 17 1760
10650 863618 18 1792
10674 865727 20 1802
10700 863478 23 1857
10722 863111 19 1788
10743 861369 18 1685
10768 864059 21 1824
10788 862410 17 1738
10811 864673 20 1798
10835 864577 21 1875
10856 864969 18 1729
10880 862604 21 1740
10909 862626 25 1763
10930 862972 18 1823
10954 861352 21 1775
10974 861652 17 1731
10998 862970 21 1800
11021 864083 19 1863
11041 860295 17 1739
11064 863770 20 1878
11085 863549 18 1594
11110 863746 22 1776
11134 865351 21 1842
11155 863837 18 1836
11178 864234 20 1747
11200 863304 19 1753
11221 863839 18 1751
11242 862683 18 1664
11264 866437 19 1877
11288 864852 21 1851
11313 864371 22 1740
11335 864666 19 1796
11358 862757 20 1805
11382 863851 22 1828
11404 862826 19 1822
11426 864005 19 1805
11447 862694 18 1714
11468 865567 18 1776
11491 864411 20 1794
11516 863573 22 1753
11539 864582 20 1736
11562 864724 19 1755
11584 866548 20 1868
11607 863572 20 1858
11628 865053 18 1782
11652 864296 21 1790
11674 862709 19 1770
11698 863661 21 1754
11725 863548 23 1789
11745 861108 18 1789
11768 865345 19 1788
11788 864175 17 1787
11811 864830 20 1811
11834 864527 20 1771
11854 861951 17 1679
11876 863220 19 1831
11898 862855 19 1788
11926 865803 25 1859
11948 862891 19 1791
11968 861809 17 1698
11993 864196 22 1763
12016 863471 20 1804
12038 864673 20 1917
12061 863959 20 1850
12082 864932 18 1815
12104 865765 20 1793
12130 862740 22 1708
12151 861952 18 1685
12174 863376 19 1775
12197 865732 20 1911
12221 865163 21 1796
12243 863163 20 1822
12264 862024 18 1762
12284 862670 17 1642
12309 863732 22 1739
12336 863571 23 1783
12358 862460 19 1775
12379 864668 18 1740
12400 863565 18 1754
12422 863693 18 1802
12444 864515 19 1849
12465 861270 18 1727
12486 864068 18 1739
12511 865380 22 1745
12538 866273 22 1825
12561 865169 20 1818
12583 867412 19 1767
12605 864980 19 1807
12625 862987 17 1784
12646 863614 18 1795
12666 861029 17 1711
12688 862842 19 1786
12712 864245 21 1768
12737 863596 22 1738
12759 864614 19 1763
12780 862849 19 1686
12803 864385 19 1759
12824 865608 19 1737
12846 865383 18 1757
12866 864595 18 1766
12893 865651 24 1891
12917 863722 21 1823
12944 863040 23 1793
12966 863200 19 1772
12987 862716 19 1817
13009 862897 19 1795
13032 865763 19 1853
13053 866262 19 1910
13073 862705 17 1660
13093 863614 17 1698
13114 860742 18 1651
13139 864631 22 1744
13161 865060 19 1851
13183 862243 19 1771
13204 861660 18 1692
13227 863260 19 1780
13247 862867 18 1770
13271 865309 20 1852
13292 863342 18 1723
13316 864009 21 1846
13341 863010 22 1785
13363 867374 19 1838
13386 864093 20 1842
13411 863994 21 1778
13434 866201 20 1822
13454 861322 17 1770
13476 864235 18 1812
13498 862571 19 1762
13521 865668 21 1836
13549 865496 24 1799
13571 864378 19 1784
13592 863764 18 1740
13614 862878 19 1766
13636 863063 19 1761
13659 864208 20 1811
13682 864409 20 1826
13703 863476 18 1735
13726 864377 20 1773
13751 864214 22 1758
13772 862986 17 1663
13792 862050 18 1742
13814 864227 18 1801
13834 864526 17 1796
13854 861979 17 1720
13875 863918 17 1781
13896 863535 18 1780
13915 864558 17 1709
13940 863411 21 1768
13963 864218 19 1776
13987 864836 20 1783
14012 865767 22 1823
14034 864649 20 1831
14055 863227 18 1727
14076 863428 18 1758
14098 865951 19 1753
14120 863574 19 1738
14148 863494 25 1779
14170 866396 19 1866
14193 863311 20 1785
14214 862344 18 1716
14235 863720 19 1764
14258 863331 20 1850
14280 863446 18 1781
14303 864078 20 1807
14324 863044 18 1751
14350 862665 23 1726
14372 863052 18 1693
14393 863035 19 1771
14416 865962 20 1887
14437 863419 18 1692
14460 865192 20 1806
14481 863144 18 1810
14501 863238 17 1701
14522 863185 18 1737
14548 861841 23 1747
14573 865217 21 1686
14599 864999 23 1746
14621 865643 19 1796
14642 865533 18 1729
14665 863140 20 1845
14686 865622 18 1720
14709 864136 20 1759
14731 862832 19 1755
14758 866798 23 1800
14783 863562 21 1720
14807 865124 19 1763
14831 865649 20 1831
14851 862640 17 1716
14873 864943 19 1817
14897 864732 21 1802
14918 863594 19 1820
14941 864657 20 1765
14969 866853 25 1859
14991 862150 19 1815
15012 862437 18 1730
15034 864063 18 1766
15055 864991 18 1802
15079 866073 21 1870
15099 863379 18 1737
15122 863623 19 1805
15146 863486 21 1803
15172 865039 23 1781
15193 863971 18 1775
15213 863559 17 1740
15236 864982 20 1791
15259 864581 20 1814
15281 865921 19 1823
15304 864046 20 1871
15325 863353 18 1751
15349 864187 20 1774
15373 864129 21 1707
15394 862810 18 1688
15415 863499 18 1760
15435 864706 17 1727
15457 862611 18 1752
15478 863984 19 1861
15500 862372 18 1782
15522 862137 19 1767
15545 865059 20 1873
15572 867519 24 1844
15594 863241 19 1729
15616 861407 18 1719
15639 864730 20 1909
15662 866334 21 1893
15683 862071 18 1786
15704 863597 18 1788
15727 863648 19 1779
15748 862946 18 1745
15772 863828 21 1727
15796 864539 20 1811
15821 862902 21 1875
15846 864933 22 1894
15869 864278 19 1793
15890 863082 19 1761
15914 867455 20 1942
15934 863434 18 1779
15959 866487 22 1801
15985 864871 23 1813
16007 863947 19 1759
16031 863707 20 1794
16052 863900 18 1740
16072 865239 17 1694
16094 865771 19 1803
16117 863652 20 1766
16140 864672 20 1895
16163 863827 20 1754
16190 863299 24 1761
16211 861065 18 1720
16233 865038 19 1844
16254 866140 18 1811
16277 863894 21 1820
16297 865623 17 1756
16318 861837 17 1703
16340 864738 19 1809
16364 864896 21 1829
16392 864417 25 1887
16414 864916 19 1797
16436 864134 19 1662
16458 865466 19 1792
16479 862257 18 1721
16499 862172 18 1684
16523 865955 21 1899
16545 864314 18 1772
16566 863755 18 1710
16592 865362 23 1787
16613 863624 18 1776
16635 864053 19 1752
16658 865914 20 1804
16681 865156 19 1790
16704 861870 20 1724
16724 862083 18 1770
16744 864829 17 1716
16768 863237 21 1780
16793 864840 22 1784
16814 862428 18 1738
16837 864828 20 1786
16858 863716 19 1825
16881 863086 19 1754
16904 866173 20 1863
16925 862646 18 1814
16945 864606 17 1699
16968 862385 20 1761
16994 866587 23 1807
17017 864026 19 1822
17038 864153 19 1832
17061 864558 19 1819
17083 864274 19 1832
17105 863005 19 1751
17126 864550 18 1744
17147 860613 18 1697
17168 864674 18 1714
17194 863977 22 1757
17218 862552 21 1812
17242 863361 21 1755
17263 865066 18 1793
17285 865133 19 1789
17306 862282 18 1806
17328 863057 19 1804
17349 863584 18 1782
17371 861928 19 1754
17398 863232 23 1734
17420 863749 19 1806
17442 864435 18 1845
17465 866413 20 1798
17487 867244 19 1828
17508 864118 17 1766
17528 863626 17 1712
17549 863857 18 1763
17570 863264 18 1755
17597 863720 24 1762
17622 863063 21 1716
17644 864466 19 1827
17667 861650 20 1796
17690 865261 20 1761
17712 864332 19 1771
17734 865185 19 1795
17756 862115 20 1729
17776 861582 16 1680
17800 863261 20 1805
17823 864949 20 1814
17845 865416 18 1848
17866 863290 19 1759
17887 863654 18 1729
17908 865549 18 1765
17931 861188 20 1789
17953 864630 19 1774
17974 866544 19 1847
17999 864097 22 1850
18021 862343 18 1693
18045 863165 20 1820
18067 861713 20 1817
18091 867692 21 1837
18113 863587 19 1821
18134 861998 18 1728
18154 865903 17 1749
18176 864362 20 1860
18204 862583 25 1712
18229 865681 21 1781
18253 866103 21 1815
18276 863532 20 1862
18300 864896 20 1853
18321 861869 18 1772
18342 862035 18 1721
18364 864925 20 1780
18391 864849 23 1879
18416 862719 22 1796
18436 864960 17 1719
18458 863286 19 1825
18479 859210 17 1705
18502 862741 20 1800
18525 864151 20 1880
18546 860881 18 1715
18568 863785 20 1770
18590 862433 19 1686
18618 865029 24 1856
18639 863716 18 1792
18663 867546 21 1837
18685 862104 19 1815
18706 862692 17 1776
18727 864053 19 1772
18750 862690 19 1714
18770 860411 18 1660
18791 864795 18 1741
18823 865345 29 1811
18851 866094 25 1823
18873 865624 18 1823
18893 862382 18 1703
18915 862699 19 1758
18936 862748 18 1761
18959 863384 20 1844
18981 863934 19 1813
19003 865504 19 1809
19027 862772 21 1661
19050 862480 19 1743
19072 864090 20 1773
19095 862845 19 1786
19117 863135 19 1833
19139 864216 20 1814
19160 861321 18 1715
19181 862888 18 1730
19205 862685 21 1796
19231 864638 24 1746
19252 864265 18 1784
19274 866643 19 1797
19298 864712 21 1792
19319 863100 18 1730
19339 862524 18 1667
19361 862716 19 1739
19384 866101 19 1856
19407 864824 20 1826
19431 864608 21 1840
19454 863599 19 1782
19475 862228 18 1668
19498 864117 20 1759
19522 867929 21 1932
19543 863943 18 1756
19566 863396 20 1774
19588 862259 19 1852
19610 863240 20 1759
19639 865105 25 1887
19660 863989 18 1758
19681 865473 19 1773
19705 864298 20 1803
19727 866104 19 1805
19749 864399 18 1834
19770 864828 18 1772
19791 862813 18 1729
19816 866772 22 1771
19842 864402 24 1750
19864 864276 19 1771
19887 865112 20 1871
19908 862595 18 1775
19930 863193 19 1782
19952 863403 19 1791
19974 865880 19 1761
19996 866189 18 1785
20020 865575 22 1835
20051 867085 28 1953
20074 864543 20 1815
20095 863249 18 1676
20117 863466 19 1797
20137 862543 18 1714
20160 861661 20 1706
20183 861809 20 1775
20205 862848 19 1827
20232 866583 24 1809
20257 864772 21 1817
20279 862180 19 1781
20303 865918 21 1806
20324 861102 18 1711
20347 862598 19 1838
20367 865399 18 1746
20390 863120 19 1765
20411 862914 18 1762
20433 863942 20 1780
20459 863954 21 1747
20483 864377 21 1824
20507 861718 22 1825
20530 864409 20 1875
20551 863449 18 1787
20572 863459 18 1776
20594 862110 19 1766
20617 865385 20 1852
20641 862157 21 1781
20664 862796 19 1729
20688 864914 21 1869
20711 864616 20 1806
20731 861909 17 1698
20753 866876 19 1790
20774 863138 18 1750
20797 864136 20 1840
20819 863850 19 1800
20841 862405 19 1792
20867 862360 23 1747
20892 865486 22 1859
20914 865056 19 1755
20936 864639 19 1822
20959 865307 20 1832
20979 863793 17 1786
21000 862804 18 1752
21023 861157 20 1893
21049 864840 24 1873
21073 861389 20 1802
21096 863384 20 1810
21119 863682 20 1846
21140 863918 18 1769
21162 863596 19 1791
21184 862137 19 1839
21204 860876 18 1709
21225 865617 18 1771
21251 862839 23 1818
21274 865199 19 1749
21294 863062 17 1720
21317 864065 20 1849
21338 865361 18 1739
21361 865020 20 1814
21382 864616 18 1746
21404 861249 19 1790
21424 864047 17 1672
21451 865619 24 1833
21478 864495 23 1769
21504 867317 23 1884
21524 863614 17 1745
21546 860813 18 1664
21567 864001 19 1815
21590 865032 20 1757
21614 865103 21 1890
21635 863662 17 1649
21658 864705 20 1737
21683 865398 20 1841
21704 866222 18 1800
21726 864288 19 1762
21748 864611 19 1849
21774 863819 22 1829
21794 862652 18 1765
21816 862632 19 1896
21836 862559 17 1752
21862 864571 23 1792
21885 864145 18 1789
21907 863821 19 1825
21929 864228 19 1814
21951 865649 19 1698
21974 864258 19 1769
21995 863765 18 1670
22015 862331 17 1696
22036 862066 18 1719
22059 864096 21 1795
22084 865001 22 1799
22108 861980 21 1766
22133 864292 21 1752
22157 864387 21 1819
22178 863218 18 1818
22199 863775 18 1756
22219 861546 17 1714
22242 862970 19 1792
22271 864064 26 1851
22297 863937 22 1784
22322 865499 21 1727
22344 866562 19 1823
22366 864709 19 1737
22389 865491 19 1785
22411 860832 19 1753
22432 862909 18 1773
22455 864789 20 1779
22481 860561 24 1785
22504 864046 19 1772
22526 866939 20 1885
22551 863595 21 1790
22574 863216 20 1826
22595 864639 19 1794
22616 864484 18 1736
22637 863600 18 1790
22661 865418 20 1808
22687 862125 24 1793
22711 864293 20 1800
22731 864799 18 1807
22756 865447 21 1871
22778 863861 20 1836
22802 863134 20 1866
22824 863912 19 1814
22844 861206 18 1713
22871 864728 23 1830
22895 864782 20 1753
22917 865060 19 1840
22939 863739 19 1830
22962 863981 20 1735
22984 864052 19 1780
23008 864833 21 1843
23029 863506 18 1790
23053 866074 21 1923
23077 862342 22 1765
23102 862898 20 1779
23124 865340 19 1754
23146 864675 19 1739
23167 862255 18 1733
23190 865395 20 1768
23213 864272 20 1810
23235 864913 19 1820
23254 861368 17 1728
23276 865506 18 1700
23300 865253 21 1790
23321 863466 18 1765
23342 863323 18 1769
23367 866444 22 1823
23390 865454 21 1805
23413 866687 20 1857
23433 860940 17 1682
23454 862541 17 1759
23482 864298 26 1923
23507 862744 20 1713
23531 864903 22 1868
23553 865822 19 1845
23575 864977 19 1766
23597 864490 19 1817
23620 864481 20 1849
23641 864487 19 1773
23663 864743 18 1705
23684 863020 19 1717
23710 866086 22 1797
23733 863313 20 1883
23755 863188 19 1766
23776 862723 17 1786
23797 864100 18 1761
23819 862283 19 1752
23842 863813 20 1743
23863 863477 18 1778
23886 864528 21 1796
23912 865440 22 1850
23933 864179 18 1795
23954 862414 17 1703
23977 865935 21 1838
23998 863545 18 1708
24019 863852 18 1762
24040 860233 18 1764
24061 863989 18 1806
24086 864526 23 1836
24118 863497 27 1811
24139 865279 19 1820
24161 862671 19 1752
24183 862358 18 1761
24205 864459 19 1883
24228 862721 20 1772
24249 864563 18 1757
24270 864258 18 1753
24295 863317 22 1735
24320 862548 21 1757
24343 864045 20 1853
24367 862878 21 1806
24390 864405 19 1784
24414 862525 21 1814
24436 863232 20 1853
24457 862420 18 1771
24477 861534 17 1634
24503 861689 22 1738
24526 865557 20 1796
24548 862961 19 1855
24569 863134 18 1815
24589 862976 18 1697
24610 863286 18 1705
24633 864535 20 1820
24654 862496 19 1726
24676 863758 19 1824
24701 862813 22 1871
24727 864556 22 1814
24750 865371 20 1792
24771 862387 18 1692
24792 864510 18 1764
24813 865483 18 1820
24835 863896 18 1740
24858 863536 21 1851
24880 864515 19 1745
24904 865063 21 1791
24930 866398 21 1799
24955 865195 22 1837
24977 862540 19 1805
24999 865007 19 1789
25021 864570 19 1764
25042 860930 19 1734
25065 865463 19 1845
25088 865269 21 1807
25113 861810 21 1794
25134 863251 17 1669
25155 863942 18 1769
25176 861305 18 1752
25200 864280 21 1821
25221 865547 18 1792
25244 864768 20 1818
25264 865527 17 1713
25286 861379 19 1733
25307 862322 19 1685
25338 862890 27 1831
25359 864767 18 1775
25381 863055 19 1772
25403 864182 19 1876
25427 864520 20 1806
25448 863669 18 1803
25470 864662 19 1746
25492 864292 19 1770
25514 862430 19 1658
25538 862572 20 1780
25560 864823 19 1765
25583 862531 20 1807
25606 865772 20 1756
25626 863582 18 1750
25648 865363 19 1778
25670 865760 18 1722
25692 866222 20 1803
25714 864643 19 1700
25739 864423 21 1833
25759 860260 18 1664
25781 864226 19 1752
25802 862094 17 1704
25823 863239 18 1818
25843 863588 17 1691
25864 864190 18 1853
25887 865436 20 1865
25913 866054 22 1859
25938 863083 22 1766
25960 863383 19 1763
25982 866064 19 1826
26005 861922 20 1720
26026 864918 19 1839
26049 863095 19 1807
26071 863936 19 1774
26092 863505 19 1773
26116 864077 21 1812
26142 864972 23 1802
26162 864816 17 1757
26183 862140 18 1728
26206 865591 19 1838
26228 864181 19 1751
26249 864742 18 1709
26271 866719 19 1850
26291 861995 18 1751
26315 864631 21 1813
26338 861868 20 1624
26362 862316 20 1781
26384 864206 19 1704
26404 861039 17 1736
26425 863803 18 1770
26448 863018 20 1818
26470 864711 19 1772
26492 863713 19 1790
26514 862175 19 1757
26541 865886 23 1817
26562 863159 18 1758
26581 861027 16 1648
26603 864188 19 1800
26626 863085 20 1789
26647 860607 18 1709
26670 864895 20 1754
26692 863008 19 1793
26716 864472 21 1811
26744 864876 24 1838
26769 866990 21 1842
26791 864335 19 1795
26814 862812 20 1843
26834 864069 17 1726
26853 862142 16 1609
26876 863070 19 1833
26896 862039 17 1693
26918 864844 19 1730
26944 863082 23 1763
26966 863588 18 1762
26988 862762 19 1742
27010 866851 20 1853
27031 863504 18 1756
27053 863249 19 1783
27077 863237 21 1850
27098 862907 18 1739
27124 865358 24 1873
27150 861978 22 1715
27172 866149 19 1788
27194 864896 19 1758
27217 865970 20 1885
27240 862989 20 1845
27261 864994 18 1757
27282 864876 18 1785
27303 863040 17 1665
27327 864658 22 1825
27354 864570 23 1796
27377 865189 20 1811
27399 865492 19 1808
27423 862494 21 1783
27445 863405 19 1786
27467 862450 19 1755
27489 863909 19 1775
27511 863018 19 1774
27534 864309 20 1760
27560 860829 24 1790
27583 864938 19 1768
27604 863553 18 1755
27627 865028 20 1857
27648 862879 19 1789
27670 865802 19 1786
27691 861277 18 1725
27714 863741 20 1739
27738 866188 21 1866
27764 861905 23 1761
27793 864106 25 1819
27815 864168 19 1895
27839 865554 21 1849
27860 860242 18 1658
27881 862630 18 1792
27903 863653 19 1807
27924 864977 18 1775
27947 862955 19 1704
27975 861932 25 1768
27996 862953 18 1766
28018 863834 18 1761
28040 865115 19 1842
28062 867130 19 1805
28084 864598 18 1751
28106 865393 19 1823
28127 863835 18 1757
28149 865560 19 1784
28177 863016 25 1783
28200 865243 19 1744
28222 862482 19 1740
28246 864481 21 1803
28268 865565 20 1885
28290 862038 18 1771
28312 863325 19 1790
28338 865081 23 1940
28369 865777 28 1840
28392 863793 19 1782
28415 864099 19 1798
28436 865379 18 1777
28457 863153 18 1786
28477 864574 18 1747
28501 862869 20 1814
28522 862916 18 1771
28544 862183 19 1757
28571 863525 24 1813
28593 864168 18 1830
28614 863966 18 1777
28639 863044 22 1793
28660 863114 18 1720
28683 864729 19 1885
28704 861891 19 1814
28726 865378 19 1804
28749 864977 20 1811
28775 862795 22 1733
28796 863722 18 1733
28820 866323 21 1844
28845 865948 22 1799
28866 864288 18 1745
28886 863048 17 1738
28907 865154 18 1786
28929 863736 19 1710
28951 862976 19 1723
28978 865462 24 1758
29000 863884 19 1768
29023 864189 20 1828
29045 864646 19 1718
29067 863537 19 1778
29089 864126 19 1831
29110 861323 18 1694
29135 864272 22 1837
29160 866211 22 1811
29188 863512 25 1754
29209 864856 18 1804
29233 863444 21 1718
29254 864855 18 1764
29277 866074 20 1830
29299 863114 19 1785
29322 862841 20 1812
29344 865925 18 1861
29366 864316 19 1715
29390 863425 21 1671
29414 866633 21 1865
29435 865212 18 1766
29456 859671 18 1794
29476 862892 18 1626
29498 862885 19 1729
29520 864525 19 1798
29542 865092 18 1765
29564 864557 19 1742
29590 864895 22 1750
29613 863678 19 1784
29636 862816 20 1766
29657 865224 18 1768
29679 864469 19 1744
29700 862928 18 1677
29725 865119 21 1811
29745 862536 18 1735
29768 863295 19 1726
29792 863860 21 1768
29818 864335 22 1796
29841 861999 20 1772
29864 864544 20 1838
29887 864565 20 1739
29908 862775 18 1777
29928 863126 18 1709
29949 862869 18 1719
29972 860855 20 1798
29999 865710 24 1837
30022 862467 20 1773
30044 864160 19 1861
30066 863633 19 1764
30088 862977 19 1773
30111 864528 20 1842
30132 864789 19 1769
30153 864033 18 1795
30175 861730 18 1698
30200 864426 23 1828
30223 864535 20 1856
30247 864789 20 1828
30270 862565 19 1740
30291 861889 19 1800
30314 865908 19 1823
30336 865161 19 1765
30359 865553 20 1836
30382 861140 20 1742
30412 865082 27 1831
30437 864537 22 1841
30458 865733 18 1781
30479 859959 18 1714
30500 863359 19 1707
30524 863673 20 1783
30545 863312 19 1709
30567 863799 19 1783
30591 864475 21 1787
30618 866337 23 1790
30640 864749 18 1773
30662 864981 19 1775
30684 863228 19 1792
30707 865568 20 1818
30729 863791 19 1790
30751 865762 19 1815
30773 862626 18 1748
30794 864501 19 1730
30819 862558 21 1710
30843 865596 21 1769
30866 861064 20 1789
30887 863240 18 1789
30910 865247 20 1797
30931 865224 18 1752
30951 860453 17 1659
30972 862911 18 1769
30995 865675 20 1793
31019 861480 21 1706
31041 864005 19 1791
31064 866547 20 1818
31087 864836 20 1877
31108 864687 19 1777
31131 864379 20 1795
31154 865098 20 1782
31175 861860 18 1818
31198 863380 20 1761
31222 861493 20 1743
31244 865678 19 1753
31265 865762 18 1817
31287 861411 18 1699
31308 864266 19 1834
31331 864649 19 1819
31350 863569 17 1733
31371 866978 18 1849
31394 865680 20 1685
31420 864934 23 1782
31441 862776 18 1785
31463 866181 20 1838
31486 865459 19 1785
31508 862941 19 1748
31531 864307 20 1813
31551 865172 17 1741
31573 866342 19 1819
31597 864534 21 1789
31621 862589 22 1784
31644 866307 20 1829
31666 865634 19 1849
31689 866830 20 1820
31709 862431 17 1707
31729 863233 17 1700
31751 862429 18 1757
31772 864854 19 1782
31795 865541 19 1781
31822 864701 24 1782
31846 859529 19 1734
31869 865879 20 1838
31892 863281 20 1798
31914 863764 19 1715
31938 864808 21 1856
31959 863741 18 1811
31980 863412 17 1734
32004 864093 21 1771
32031 864024 24 1827
32053 865773 19 1846
32076 863673 20 1846
32097 864286 18 1718
32121 865038 20 1810
32141 863206 17 1739
32162 863424 18 1758
32184 865218 19 1763
32208 864468 21 1802
32235 864930 25 1798
32257 863804 19 1830
32283 866304 23 1874
32304 863386 18 1791
32325 864151 18 1837
32346 865175 18 1757
32368 862923 19 1740
32391 865096 20 1867
32413 862924 20 1746
32439 862700 22 1742
32461 865478 19 1764
32484 864087 20 1882
32508 865605 20 1818
32529 861521 18 1769
32551 864719 19 1793
32572 861535 18 1737
32595 864883 20 1816
32618 863243 20 1702
32642 862460 21 1735
32665 864975 19 1788
32689 864599 21 1764
32714 864608 21 1847
32734 860406 17 1722
32754 864616 17 1735
32776 861575 18 1703
32796 863280 17 1681
32817 864513 18 1705
32842 861539 21 1749
32863 861966 18 1781
32883 863184 17 1720
32904 864023 19 1697
32927 859981 19 1722
32949 865187 19 1803
32969 861826 17 1734
32990 864288 18 1802
33011 862883 19 1694
33041 865772 26 1813
33068 864713 23 1865
33090 861497 20 1733
33112 865718 19 1763
33134 863447 19 1690
33155 866012 18 1761
33178 864167 20 1784
33199 863922 18 1791
33223 866617 21 1855
33249 860153 23 1698
33272 863182 19 1712
33294 863864 19 1778
33316 862659 18 1775
33337 864432 19 1737
33358 864645 18 1789
33380 864769 18 1801
33403 865274 21 1888
33425 862597 19 1786
33452 863919 24 1818
33474 864706 19 1880
33498 861491 21 1798
33520 866392 19 1880
33543 863293 19 1854
33564 865223 18 1750
33586 860781 19 1747
33607 863635 18 1787
33630 863297 20 1725
33654 865204 21 1773
33677 863668 20 1813
33698 864403 17 1724
33718 862244 17 1740
33742 863732 21 1840
33764 863473 19 1798
33787 865927 20 1809
33809 863768 19 1794
33832 864346 20 1780
33857 862696 22 1748
33879 865420 19 1840
33901 864346 19 1855
33923 864716 18 1784
33944 866667 18 1767
33967 864366 20 1743
33988 865634 18 1773
34010 863107 19 1778
34033 862671 21 1749
34057 862853 21 1724
34079 863752 18 1750
34100 861606 17 1699
34124 862768 21 1832
34146 866904 19 1849
34167 864424 18 1729
34189 863433 19 1827
34213 864824 21 1851
34235 864050 20 1748
34260 862548 22 1728
34282 862577 18 1777
34303 862398 18 1787
34324 863904 18 1749
34343 859731 16 1583
34364 863560 18 1750
34385 862508 18 1737
34405 864925 17 1748
34427 863558 19 1771
34456 867455 26 1832
34484 862170 22 1871
34506 864723 19 1752
34528 861945 19 1759
34552 863347 21 1834
34575 867231 20 1840
34599 865221 21 1804
34619 861621 17 1653
34642 863315 20 1736
34666 863166 21 1741
34688 866288 19 1826
34710 862986 19 1783
34732 863249 19 1729
34754 863545 19 1807
34776 863841 18 1760
34797 864660 19 1774
34818 863751 18 1691
34841 863463 20 1744
34868 864822 24 1821
34890 863217 19 1816
34912 864050 19 1718
34934 863558 19 1778
34955 862767 18 1723
34976 862919 18 1696
34997 864901 18 1857
35019 865747 18 1775
35038 861615 17 1643
35062 864374 21 1751
35086 864374 20 1785
35108 864108 18 1776
35131 863969 21 1825
35154 861845 20 1798
35177 865874 20 1806
35198 863789 18 1813
35219 860807 18 1732
35238 863665 17 1674
35261 863592 19 1764
35287 864094 23 1731
35310 863260 19 1828
35334 864603 22 1828
35355 863053 18 1742
35377 863210 19 1731
35398 863831 18 1776
35421 862301 20 1797
35441 861510 17 1753
35462 863582 18 1717
35487 864933 22 1810
35507 861104 17 1658
35529 861550 19 1765
35550 866987 18 1793
35571 862296 18 1732
35592 861383 18 1786
35614 866269 19 1832
35635 863473 17 1721
35659 864345 21 1874
35685 864686 24 1753
35706 864174 18 1747
35729 862165 20 1759
35756 865192 23 1887
35776 864971 17 1756
35797 864948 18 1794
35819 866205 19 1810
35840 864159 18 1849
35864 864770 20 1797
35891 863640 24 1785
35912 864616 18 1782
35932 861929 17 1691
35954 861767 18 1759
35975 866936 18 1817
35995 864233 17 1721
36017 864232 19 1846
36038 862964 18 1814
36060 864079 19 1706
36087 865355 23 1779
36111 865585 20 1833
36134 864808 20 1810
36156 862446 19 1799
36178 865316 18 1824
36200 864675 19 1765
36220 862738 18 1698
36242 865361 19 1832
36269 865863 23 1903
36295 861559 23 1825
36318 864219 20 1868
36342 864800 20 1855
36363 862056 18 1773
36384 861163 18 1750
36404 861017 18 1679
36427 867191 20 1828
36450 863270 20 1780
36472 865786 19 1785
36499 864720 23 1825
36520 862311 19 1734
36545 862890 22 1779
36568 864710 20 1884
36590 863463 19 1836
36612 867005 19 1840
36634 865589 19 1780
36656 866389 19 1832
36679 864355 20 1843
36703 863610 21 1775
36725 865273 19 1731
36746 863444 18 1785
36768 864109 19 1806
36789 863247 18 1818
36812 865029 20 1830
36833 862757 18 1747
36855 863358 18 1753
36876 861519 19 1716
36901 865721 21 1763
36923 863885 19 1762
36945 862751 19 1803
36966 864075 18 1718
36989 864689 20 1811
37010 864265 18 1790
37032 863820 18 1775
37052 862919 17 1751
37072 864226 17 1725
37103 863412 27 1752
37128 864804 21 1820
37149 862572 18 1714
37170 863702 18 1752
37192 864838 18 1793
37212 863306 18 1705
37233 863875 18 1785
37255 865226 19 1805
37276 861224 18 1718
37300 863769 20 1774
37327 861758 23 1789
37351 864816 21 1770
37372 862900 18 1758
37394 864210 19 1694
37419 866498 22 1868
37439 861796 17 1679
37461 865308 19 1807
37484 862219 19 1728
37511 864949 24 1825
37533 860957 19 1657
37558 863872 21 1739
37579 863757 18 1715
37601 865291 19 1817
37624 865370 20 1833
37644 860526 17 1694
37664 862490 17 1702
37687 862938 20 1700
37715 864283 24 1818
37737 863082 19 1775
37760 864095 20 1846
37782 864892 19 1782
37802 861380 18 1695
37823 864167 17 1734
37843 863374 18 1801
37864 863561 18 1757
37889 862254 22 1871
37916 861708 23 1770
37937 859408 18 1771
37957 865609 18 1778
37978 863161 17 1686
38000 862328 19 1742
38021 865219 18 1847
38043 865676 19 1833
38064 864536 18 1826
38086 864538 19 1853
38111 861200 22 1742
38134 864538 19 1718
38153 863062 16 1682
38178 864289 21 1870
38199 864025 18 1763
38221 864498 19 1766
38245 863174 21 1872
38266 863057 18 1719
38287 863765 19 1748
38311 864995 21 1830
38341 865269 26 1842
38362 862209 18 1781
38386 864324 21 1868
38407 863963 18 1746
38430 861140 19 1738
38450 865092 18 1804
38474 867631 21 1831
38499 862631 21 1822
38526 866190 23 1832
38548 862105 19 1712
38571 862824 19 1844
38593 865775 20 1864
38619 865391 22 1856
38641 863992 19 1825
38663 862054 18 1790
38686 865080 21 1946
38712 864634 22 1857
38738 865070 23 1818
38760 862568 19 1746
38783 862964 19 1804
38804 861583 18 1769
38825 864702 18 1783
38847 864696 20 1778
38868 863018 18 1772
38889 866515 18 1772
38915 865461 23 1891
38940 862141 22 1680
38962 865717 19 1807
38987 866570 22 1813
39008 864631 18 1794
39030 865383 19 1736
39052 864566 19 1834
39075 864182 19 1815
39094 861482 17 1685
39118 861814 21 1786
39146 864967 24 1841
39167 863667 18 1751
39189 863690 19 1751
39211 864459 19 1825
39232 863389 18 1731
39254 863357 19 1724
39277 864908 20 1879
39301 864961 21 1803
39325 863552 21 1827
39349 862206 20 1755
39372 862067 20 1759
39394 862923 19 1752
39416 864898 18 1837
39437 863141 19 1767
39458 863571 18 1771
39481 865526 20 1803
39505 862896 21 1781
39528 864451 20 1767
39553 860225 21 1734
39577 865562 21 1817
39599 864893 19 1847
39621 864892 19 1735
39644 865828 20 1848
39666 863219 19 1782
39686 862659 17 1708
39707 864944 18 1811
39732 865669 22 1800
39765 863512 28 1842
39787 864437 19 1768
39809 861434 19 1775
39831 864441 19 1756
39852 861721 18 1684
39873 863825 18 1750
39893 863430 17 1667
39916 864515 20 1735
39940 863666 21 1690
39963 864084 19 1821
39986 863077 20 1814
40010 865076 21 1849
40030 861825 17 1684
40051 865485 18 1765
40074 865620 19 1820
40093 863341 16 1680
40114 864159 18 1697
40137 865005 19 1706
40161 863402 21 1791
40184 865408 20 1807
40204 862675 17 1767
40226 864166 19 1701
40246 862863 18 1734
40266 859748 17 1698
40288 865654 19 1839
40309 862323 18 1710
40334 863787 21 1816
40359 863164 22 1814
40381 863116 19 1825
40403 862421 18 1703
40424 864589 18 1749
40446 863479 19 1788
40465 860965 16 1636
40487 865732 20 1777
40511 861666 21 1839
40534 865653 20 1775
40560 864999 23 1820
40581 863967 19 1859
40604 863158 20 1768
40628 866454 20 1824
40649 858980 18 1720
40670 862830 18 1725
40691 859685 18 1642
40714 865012 20 1843
40737 864440 20 1755
40762 865332 23 1780
40784 864584 19 1770
40806 860763 19 1698
40828 863103 19 1805
40853 864909 22 1940
40879 865122 23 1906
40904 864947 22 1787
40926 861198 20 1764
40950 861679 20 1722
40974 863804 21 1804
40998 865215 20 1816
41020 862232 19 1750
41041 863999 18 1740
41064 866052 20 1786
41085 864688 19 1819
41106 863907 18 1740
41127 862607 18 1764
41158 864265 27 1840
41182 865417 21 1830
41204 862987 19 1829
41226 863077 19 1756
41249 865397 20 1889
41273 864056 21 1838
41294 864669 18 1779
41317 862606 20 1798
41342 867062 22 1831
41366 865634 21 1729
41390 864703 21 1799
41411 862503 18 1735
41432 862732 18 1738
41456 865877 21 1911
41481 865508 22 1839
41503 866275 19 1840
41526 865667 20 1880
41548 862327 19 1736
41574 862224 22 1705
41595 865348 18 1790
41618 862606 20 1765
41641 863333 19 1770
41662 862528 18 1730
41685 864398 20 1866
41707 863945 19 1771
41727 863290 18 1759
41748 863197 18 1705
41772 863167 21 1729
41795 862959 19 1752
41816 862713 18 1750
41840 864550 21 1879
41862 864037 19 1693
41887 865703 22 1796
41909 862975 20 1850
41930 864550 18 1769
41952 866654 19 1855
41979 868226 24 1922
42002 864707 19 1822
42021 862709 17 1687
42044 864941 20 1848
42065 862945 18 1753
42085 864090 17 1700
42105 865174 17 1724
42127 865028 19 1775
42149 863848 19 1699
42173 863445 21 1690
42196 864372 19 1740
42218 863783 19 1791
42241 864011 19 1705
42263 862793 19 1808
42285 864050 18 1809
42308 866178 20 1800
42330 863119 19 1850
42354 865627 21 1863
42382 864718 25 1773
42406 863217 20 1776
42428 864691 19 1785
42451 863371 20 1834
42474 862711 20 1826
42496 864479 18 1765
42517 865574 18 1708
42539 865305 19 1803
42560 860918 18 1643
42586 865306 23 1832
42610 863779 20 1819
42633 864651 21 1848
42656 865046 19 1717
42677 861620 18 1737
42698 862043 18 1780
42720 864416 19 1768
42741 863907 18 1795
42763 862863 19 1756
42789 864926 23 1820
42811 861502 18 1688
42836 862938 22 1807
42857 864155 18 1770
42879 863020 20 1798
42901 862489 19 1811
42923 861562 19 1753
42946 864353 20 1836
42968 865185 19 1759
42990 861382 19 1649
43012 863822 19 1766
43036 864815 20 1761
43056 863503 18 1779
43078 863822 18 1796
43101 865376 20 1844
43121 860184 17 1666
43142 861293 18 1668
43165 865852 20 1861
43195 865069 26 1882
43217 863784 19 1773
43237 861198 17 1669
43261 862164 21 1804
43283 864204 19 1849
43305 861272 18 1690
43326 862973 19 1767
43349 867017 20 1918
43374 864407 22 1735
43400 864548 22 1709
43421 865491 18 1814
43445 863281 21 1857
43469 866558 21 1801
43491 863165 19 1828
43512 863354 18 1758
43535 862649 20 1799
43555 860215 18 1669
43579 863661 21 1772
43610 866310 28 1886
43632 864887 19 1858
43656 863661 21 1845
43680 862683 21 1756
43700 865414 17 1712
43721 865528 18 1762
43742 863120 18 1783
43765 864991 20 1886
43787 863397 19 1768
43814 862947 24 1777
43835 863396 17 1686
43858 865709 20 1843
43879 862114 18 1749
43900 863001 19 1780
43923 863866 19 1800
43944 861385 18 1749
43965 862666 18 1792
43990 864366 22 1836
44016 863752 23 1813
44040 867169 21 1829
44064 864874 21 1784
44087 865277 20 1783
44107 862093 17 1731
44128 864092 19 1756
44149 863867 18 1673
44170 864114 18 1744
44193 863668 20 1777
44217 862461 21 1814
44240 862559 20 1810
44262 863995 18 1822
44286 863315 21 1860
44308 865549 19 1790
44328 862222 17 1703
44350 863309 19 1797
44371 863839 18 1775
44394 863497 21 1789
44420 863966 23 1746
44442 867003 19 1874
44464 865546 19 1819
44484 862875 17 1725
44506 864001 19 1746
44529 865806 20 1851
44552 864329 20 1774
44573 861025 18 1759
44594 861554 18 1720
44620 865585 23 1785
44640 864933 17 1769
44661 862637 18 1746
44685 864839 21 1781
44705 863540 17 1670
44727 864408 19 1821
44749 864270 19 1789
44770 861794 18 1774
44792 863977 19 1817
44818 864454 22 1831
44841 861337 19 1815
44867 864067 23 1797
44889 864655 19 1819
44912 863274 20 1792
44934 862719 19 1804
44956 861904 19 1765
44977 864163 18 1733
44998 864146 19 1744
45027 863128 25 1773
45052 863881 22 1705
45075 861953 20 1697
45099 863076 21 1801
45120 864235 18 1730
45141 862046 18 1717
45163 866465 20 1862
45185 864044 19 1838
45210 864158 22 1800
45235 863143 21 1769
45257 861179 18 1746
45280 866007 20 1856
45301 861646 18 1714
45324 864953 20 1816
45346 863884 19 1769
45368 863605 19 1758
45390 864688 19 1770
45414 863813 21 1780
45441 862222 23 1757
45464 865722 20 1795
45487 866730 20 1774
45508 863158 18 1760
45529 864677 18 1756
45550 863362 18 1773
45575 865922 22 1850
45597 861499 19 1806
45619 863550 19 1728
45643 864408 20 1705
45664 860697 18 1765
45688 865914 21 1796
45709 864879 18 1786
45730 866459 18 1817
45752 866167 19 1897
45773 863588 18 1744
45794 865437 18 1726
45817 864029 20 1811
45843 864746 23 1776
45864 864056 18 1754
45887 865845 21 1793
45909 864647 18 1763
45932 862159 20 1791
45953 864801 19 1840
45979 866857 23 1876
46003 864552 20 1760
46027 862638 22 1767
46051 864375 20 1793
46075 861152 20 1812
46097 865158 19 1830
46118 865579 18 1800
46140 863668 19 1800
46160 862919 17 1701
46183 867850 21 1894
46205 862580 19 1724
46228 863725 20 1750
46254 865241 22 1741
46276 862756 19 1757
46297 862955 18 1736
46318 864134 18 1694
46341 861902 20 1822
46362 865766 18 1729
46384 865528 19 1812
46404 862048 18 1820
46428 864441 21 1799
46455 864182 23 1759
46476 864747 18 1729
46499 864590 20 1768
46522 865857 20 1829
46544 864444 18 1758
46566 863155 19 1772
46587 862332 18 1652
46608 864873 18 1823
46631 866267 20 1846
46656 864471 22 1823
46680 866092 21 1856
46703 862036 21 1820
46725 862789 19 1829
46746 863872 18 1766
46766 862135 17 1744
46788 865610 19 1819
46810 863651 18 1807
46831 865096 19 1783
46857 864326 23 1768
46880 862603 20 1787
46902 863158 19 1769
46925 864886 21 1893
46948 864647 20 1825
46971 864097 20 1806
46993 866219 19 1835
47016 864176 21 1765
47044 865858 25 1924
47068 863084 20 1758
47092 863368 20 1793
47114 863201 19 1754
47136 866247 19 1740
47156 863900 18 1743
47178 862581 18 1736
47200 864338 19 1836
47222 865213 19 1757
47246 864664 21 1716
47270 865323 20 1825
47292 865207 20 1787
47314 864766 18 1808
47335 863627 19 1780
47358 864445 20 1857
47380 863729 19 1811
47400 863195 17 1719
47423 867251 20 1828
47448 865762 22 1805
47473 862164 20 1663
47495 864477 20 1782
47515 862582 17 1690
47536 861810 18 1756
47557 861375 17 1670
47579 862635 19 1803
47599 863907 17 1757
47621 861413 19 1801
47644 864152 19 1756
47671 862523 25 1754
47694 864969 19 1779
47715 860458 18 1731
47738 863784 20 1877
47759 862896 18 1680
47781 864491 19 1836
47801 862734 17 1775
47822 866784 17 1738
47846 864520 21 1888
47873 864582 24 1785
47896 865200 20 1784
47917 862849 18 1757
47938 862888 18 1699
47959 862927 18 1742
47980 863204 18 1791
48001 865462 18 1747
48024 863925 19 1774
48046 863125 19 1706
48070 863182 21 1722
48092 865400 19 1812
48113 864020 18 1745
48136 863156 20 1748
48158 866534 20 1810
48179 863671 18 1727
48202 863910 20 1841
48226 864358 21 1822
48251 861830 21 1750
48276 863717 22 1740
48295 862434 16 1703
48316 864330 18 1762
48336 863661 18 1775
48360 863119 19 1808
48381 864418 18 1820
48400 859804 17 1725
48423 866205 20 1890
48447 866367 21 1822
48475 861529 24 1800
48497 863807 18 1746
48520 863883 20 1824
48542 866626 19 1808
48564 863929 19 1803
48584 863692 18 1725
48605 861712 18 1715
48628 864005 19 1870
48648 865664 17 1746
48672 863282 20 1763
48696 861005 19 1788
48716 862757 17 1724
48737 862205 18 1737
48758 865470 18 1771
48779 861903 18 1640
48801 865141 18 1801
48823 864369 20 1792
48846 864359 20 1842
48871 865643 23 1843
48896 865430 21 1778
48919 864844 20 1826
48943 866755 21 1836
48967 864524 21 1778
48989 862271 19 1742
49010 863717 19 1773
49032 865236 19 1741
49055 864578 20 1790
49079 861602 21 1689
49106 863513 21 1835
49129 867065 20 1842
49153 863797 21 1783
49176 864687 20 1827
49198 863741 19 1729
49221 863728 20 1815
49243 863583 19 1765
49266 864044 20 1722
49293 864032 24 1775
49316 863827 20 1817
49337 862230 19 1774
49359 864381 18 1865
49380 867283 19 1799
49402 865170 18 1817
49424 865406 19 1847
49446 863879 19 1797
49469 863677 21 1811
49497 861554 25 1882
49519 863160 19 1793
49542 865060 20 1817
49564 865282 19 1829
49585 863479 18 1744
49606 864626 18 1773
49628 862996 19 1811
49651 863995 20 1814
49673 864526 19 1821
49698 863417 22 1698
49720 864542 19 1805
49741 861663 18 1762
49763 863840 19 1771
49784 862508 18 1759
49806 863557 19 1777
49828 864352 19 1855
49851 863908 20 1848
49876 864710 22 1783
49902 864210 23 1808
49931 862041 21 1784
49952 862962 18 1780
49974 865025 19 1837
49995 862513 18 1800
50015 862958 17 1684
50035 862064 17 1651
50056 865574 18 1784
50079 864753 20 1843
50105 865171 23 1835
50126 863892 18 1793
50146 862399 17 1647
50168 863836 19 1747
50190 863890 19 1831
50209 863990 17 1651
50231 864087 19 1806
50252 865215 18 1805
50274 864960 19 1811
50305 862711 27 1752
50330 864561 21 1802
50353 865589 20 1785
50373 863117 17 1746
50394 863734 19 1774
50416 862876 18 1784
50438 865495 20 1855
50459 863704 18 1816
50483 865741 20 1782
50511 865660 25 1864
50532 862225 18 1767
50555 864721 19 1803
50576 863996 18 1777
50600 864399 21 1859
50621 862943 18 1794
50644 863973 20 1813
50668 866142 21 1824
50690 861567 18 1698
50719 864572 26 1871
50742 864166 20 1838
50765 863369 20 1785
50787 863350 19 1815
50808 863697 18 1800
50829 864403 17 1719
50850 864016 18 1739
50872 862720 19 1828
50896 861871 20 1744
50923 865184 24 1843
50945 863832 19 1785
50967 863775 19 1767
50988 862758 17 1694
51009 862178 18 1755
51032 864699 20 1904
51054 860261 19 1725
51075 861226 18 1720
51098 863540 20 1860
51123 863011 22 1818
51144 863441 18 1739
51167 865657 20 1786
51188 861203 18 1697
51210 862810 20 1787
51231 863212 18 1753
51254 864463 20 1746
51313 864955 23 1780
51335 862895 19 1745
51356 863293 18 1720
51378 864689 19 1739
51400 864177 18 1801
51421 862183 18 1810
51443 864004 19 1763
51464 861182 18 1726
51485 862819 18 1744
51506 861667 18 1681
51535 862570 26 1761
51559 864418 22 1772
51585 863538 23 1856
51610 863379 21 1782
51630 862110 17 1670
51653 863451 20 1804
51675 861190 18 1747
51697 865054 19 1802
51724 863746 24 1813
51746 866727 19 1768
51768 860221 18 1737
51788 862128 18 1748
51809 864019 18 1676
51831 864735 19 1806
51853 863687 19 1821
51875 862756 18 1749
51897 867005 20 1807
51924 864942 24 1780
51945 863273 17 1705
51966 862170 18 1738
51991 864136 22 1798
52013 862580 19 1798
52033 859371 17 1714
52054 866029 19 1744
52076 862259 18 1723
52096 861977 17 1720
52118 862362 19 1739
52144 864745 22 1822
52168 865833 21 1774
52191 863584 21 1708
52215 867223 21 1916
52236 862086 18 1745
52256 863589 17 1626
52277 863261 18 1784
52299 863795 19 1819
52320 863223 18 1690
52349 863737 25 1831
52374 864203 22 1775
52397 862242 19 1794
52418 863307 18 1798
52439 862986 19 1757
52461 866511 18 1736
52485 866002 20 1862
52506 862265 18 1748
52531 866364 22 1813
52555 862879 20 1783
52580 864017 21 1808
52601 862163 18 1755
52622 862655 17 1707
52642 862513 18 1782
52665 864228 20 1805
52687 864914 18 1823
52707 862592 17 1707
52733 867254 23 1758
52757 867128 21 1714
52778 865191 18 1786
52799 861462 19 1736
52820 863760 17 1791
52842 862696 19 1765
52866 862640 21 1815
52886 863501 17 1721
52908 863045 19 1740
52934 865682 23 1834
52960 866758 21 1833
52983 864592 20 1809
53005 863173 19 1799
53028 863099 20 1786
53051 865568 20 1879
53074 864899 20 1848
53096 862788 19 1852
53118 865152 20 1765
53144 862142 22 1723
53168 863313 20 1791
53190 863582 19 1840
53212 865581 19 1753
53235 864413 19 1821
53256 864793 18 1715
53278 862089 19 1801
53301 866083 20 1851
53321 864875 17 1707
53347 861648 22 1704
53371 864690 20 1821
53393 862082 19 1810
53417 864060 21 1849
53437 863451 18 1750
53460 864747 20 1812
53481 861774 18 1679
53504 865630 20 1784
53528 866309 21 1847
53553 863987 22 1703
53574 862713 18 1705
53599 866597 22 1846
53621 865923 19 1829
53645 863841 21 1762
53666 863834 18 1746
53687 862657 18 1821
53709 864863 19 1729
53732 864662 19 1782
53757 862323 22 1717
53780 864026 19 1733
53800 862415 17 1681
53822 862729 19 1789
53844 862572 18 1734
53867 865894 20 1875
53889 864553 19 1813
53910 862907 18 1717
53933 865134 20 1811
53960 861468 23 1803
53982 864081 18 1767
54003 862157 19 1746
54025 860305 19 1704
54048 864910 19 1787
54070 861603 20 1782
54091 863862 18 1763
54114 864687 20 1877
54136 864729 19 1723
54162 860832 22 1742
54186 863415 20 1756
54206 863270 17 1700
54228 863898 19 1884
54251 863860 20 1785
54272 861863 18 1739
54293 863419 19 1768
54317 867586 21 1887
54343 864931 22 1768
54371 864738 25 1782
54392 861994 18 1685
54417 865792 22 1865
54438 864025 18 1778
54461 862408 19 1792
54482 862821 18 1807
54504 863942 19 1861
54524 862395 18 1725
54547 863012 20 1801
54573 863345 23 1739
54595 865058 19 1749
54617 863397 19 1807
54640 862834 19 1781
54661 863348 18 1733
54681 864075 17 1722
54703 863132 19 1787
54724 864132 18 1756
54748 865579 21 1849
54773 861677 21 1702
54797 863737 21 1822
54819 864514 20 1834
54841 864454 19 1795
54864 863457 20 1800
54884 864633 18 1818
54906 863335 19 1823
54930 864201 21 1829
54953 864928 20 1799
54977 861546 21 1706
54998 863754 18 1716
55019 862957 19 1741
55042 864009 20 1812
55063 863012 18 1774
55085 865099 19 1889
55107 864144 19 1834
55127 861757 17 1741
55148 864700 18 1804
55175 864997 23 1862
55197 866251 19 1778
55221 865337 20 1779
55243 864510 19 1766
55264 864178 18 1762
55286 864863 19 1836
55307 865162 18 1820
55330 863409 20 1867
55350 862436 18 1787
55375 863741 21 1778
55398 864860 19 1763
55418 860948 17 1738
55439 862999 18 1693
55460 863692 17 1718
55480 862616 18 1740
55502 864021 19 1826
55524 863741 19 1807
55544 862052 17 1770
55568 861602 21 1750
55596 864822 24 1821
55619 862427 20 1784
55641 865876 20 1805
55665 864274 20 1789
55685 864418 18 1786
55705 861360 17 1710
55727 862401 18 1730
55748 864635 19 1771
55775 866065 24 1863
55803 863552 24 1842
55826 864644 20 1835
55851 864302 22 1768
55875 863816 21 1843
55898 864167 19 1813
55918 863233 17 1764
55940 864311 19 1807
55961 863021 18 1774
55989 863232 24 1760
56012 862574 20 1771
56036 865129 21 1848
56062 862955 22 1792
56082 863674 17 1692
56105 864822 20 1821
56126 865445 19 1765
56147 864791 18 1787
56172 861574 21 1807
56197 863324 22 1745
56219 864517 19 1768
56242 862901 20 1812
56268 865303 23 1844
56293 864739 22 1813
56316 861933 20 1839
56340 865467 20 1855
56362 866049 20 1821
56385 864688 19 1769
56411 863984 22 1779
56432 865889 19 1836
56455 865976 20 1802
56477 863281 19 1807
56498 863009 19 1815
56520 864990 18 1835
56540 859672 17 1646
56562 865117 20 1889
56588 865897 22 1838
56614 865950 22 1856
56637 866049 20 1817
56659 864547 19 1819
56680 864241 18 1805
56703 863832 20 1782
56726 864633 20 1828
56749 865832 20 1837
56771 864430 19 1803
56798 864930 23 1753
56824 865852 22 1790
56846 864365 18 1836
56869 863749 20 1855
56890 863358 18 1709
56912 863769 19 1829
56933 865174 18 1770
56954 864021 19 1813
56975 861966 17 1704
57003 862618 25 1771
57027 862637 20 1794
57048 866003 19 1777
57069 861099 18 1725
57092 865505 20 1880
57114 864075 19 1789
57135 863650 19 1792
57156 863635 18 1733
57178 864089 18 1804
57206 865375 25 1793
57231 861473 21 1813
57253 862739 19 1808
57278 864402 22 1823
57299 864553 18 1826
57322 863288 19 1844
57344 863798 19 1779
57363 862594 16 1633
57388 865798 22 1871
57415 863829 23 1768
57436 863738 18 1752
57457 862470 18 1709
57480 865056 20 1878
57500 864344 18 1763
57523 863901 20 1831
57546 865370 19 1848
57570 863216 21 1771
57593 862858 21 1766
57622 864631 25 1844
57644 864889 20 1798
57666 865862 18 1754
57688 863797 19 1753
57708 864284 17 1729
57728 860883 17 1670
57749 860480 18 1800
57771 864353 19 1775
57791 862168 17 1637
57820 862088 25 1785
57843 863915 20 1776
57866 862252 19 1752
57888 863889 19 1742
57910 862170 19 1774
57931 864353 18 1838
57953 863856 19 1792
57975 866783 19 1824
57998 865054 21 1861
58023 862913 22 1709
58048 865660 21 1794
58069 864004 19 1722
58090 863269 18 1725
58111 864163 18 1765
58134 863270 20 1836
58157 865844 19 1822
58178 866210 19 1815
58201 863528 19 1753
58232 865989 28 1852
58256 864882 20 1811
58278 864409 20 1856
58299 864175 18 1804
58321 864742 19 1808
58342 862227 18 1722
58365 861067 20 1784
58386 863952 18 1745
58409 862700 21 1824
58433 865759 21 1728
58454 861919 18 1805
58476 864148 19 1801
58498 863376 19 1752
58520 865020 19 1796
58543 866330 20 1838
58564 863358 18 1729
58584 864289 18 1775
58607 862192 19 1751
58635 865237 24 1863
58656 863678 18 1812
58678 863697 19 1740
58699 862594 18 1796
58720 865094 18 1800
58744 864767 21 1840
58766 863456 19 1726
58786 858982 17 1630
58808 863823 19 1740
58836 865626 25 1833
58859 864553 19 1788
58882 865090 20 1860
58905 862572 19 1727
58930 866083 21 1908
58950 864490 17 1705
58971 863531 18 1759
58993 865418 19 1790
59016 864093 21 1850
59041 864634 22 1751
59064 863992 19 1847
59088 865580 21 1792
59109 864954 18 1786
59132 863627 20 1787
59153 862509 19 1746
59176 863906 20 1833
59198 861162 19 1812
59221 864933 20 1758
59250 862788 26 1821
59271 863993 18 1746
59293 864873 19 1831
59317 863956 21 1827
59339 864133 19 1758
59359 861684 18 1690
59383 865524 21 1749
59405 863244 18 1698
59429 864116 22 1796
59459 863422 26 1782
59481 864363 19 1773
59504 861884 20 1694
59526 864110 19 1771
59547 862192 18 1760
59569 863211 19 1772
59593 863752 21 1827
59615 866389 19 1851
59646 864536 27 1798
59668 863893 19 1751
59690 862026 19 1746
59713 866080 20 1829
59735 863790 19 1829
59756 865646 18 1796
59778 863596 19 1761
59799 860400 18 1787
59822 863895 20 1785
59848 864369 22 1850
59870 863393 19 1788
59891 864063 18 1762
59913 865356 18 1755
59935 865553 19 1843
59957 865147 20 1844
59979 862518 19 1821
60003 862896 21 1729
60024 863992 18 1750
60047 862270 20 1773
60075 864248 23 1799
60098 862774 21 1704
60123 866729 22 1828
60144 861703 18 1719
60166 862702 19 1784
60187 862879 18 1750
60208 861974 18 1760
60232 865734 21 1859
60254 860902 19 1702
60280 864792 22 1839
60304 863877 22 1746
60326 863645 19 1753
60348 863883 18 1688
60369 864274 18 1761
60391 866135 19 1814
60414 863286 20 1804
60436 863594 19 1703
60461 862048 22 1715
60486 864708 22 1928
60510 864255 21 1895
60531 863865 18 1754
60553 866116 19 1840
60578 866184 22 1865
60601 866165 20 1879
60625 865216 20 1843
60650 864195 22 1773
60675 861502 21 1785
60696 864109 18 1763
60718 864173 19 1826
60741 865161 21 1905
60764 866496 20 1875
60786 863031 20 1833
60813 869131 23 1891
60834 865844 19 1713
60865 862120 27 1832
60889 863744 19 1756
60909 863567 18 1778
60936 864605 24 1815
60957 864126 18 1706
60980 863874 20 1844
61002 862586 19 1778
61025 865775 20 1836
61049 864599 21 1793
61077 864420 25 1868
61101 863156 21 1801
61124 863858 20 1878
61146 863284 19 1746
61168 865399 19 1818
61188 865523 18 1741
61209 863767 18 1815
61232 861917 19 1714
61255 864746 20 1719
61280 865614 22 1798
61301 861222 18 1744
61322 862848 19 1771
61347 863550 21 1774
61368 864062 18 1725
61388 861744 17 1707
61410 862944 19 1770
61432 865568 19 1855
61455 863987 20 1796
61478 862975 20 1693
61501 864120 20 1795
61523 863418 19 1800
61546 864152 20 1832
61569 864648 20 1807
61590 863535 18 1786
61611 862848 19 1767
61631 860732 17 1683
61654 863446 20 1763
61678 861846 21 1752
61701 862629 19 1867
61721 862119 17 1704
61743 865655 19 1813
61766 864424 20 1803
61788 861474 18 1818
61809 863965 18 1792
61833 866165 21 1896
61857 862448 21 1782
61881 864149 21 1793
61903 863516 18 1805
61925 862743 19 1764
61947 862132 19 1720
61970 864624 19 1747
61992 864942 19 1781
62014 861581 19 1760
62035 864450 18 1770
62058 863366 20 1823
62086 863892 25 1824
62108 865420 18 1732
62131 863240 20 1851
62153 863364 19 1788
62173 863031 17 1738
62197 864002 21 1893
62219 863567 19 1804
62240 864131 18 1796
62262 863315 19 1793
62288 863365 23 1784
62310 865384 19 1818
62332 862250 19 1800
62354 864420 19 1836
62375 864089 18 1730
62397 861725 19 1805
62421 865471 21 1853
62442 863327 18 1728
62463 864520 18 1743
62494 867642 27 1880
62517 864689 20 1844
62538 862472 18 1726
62561 866616 19 1759
62581 863590 17 1684
62603 864113 19 1729
62625 865328 19 1771
62647 863890 19 1777
62671 863982 21 1738
62697 864654 22 1775
62722 866599 22 1852
62743 864155 18 1788
62766 864707 20 1776
62792 864466 23 1833
62813 865170 18 1796
62834 861152 17 1720
62854 862614 17 1733
62877 865825 20 1842
62904 863190 24 1776
62926 864504 19 1779
62951 865397 22 1884
62973 866270 19 1834
62995 863573 19 1820
63016 862875 19 1801
63038 865649 19 1810
63057 861129 16 1641
63081 863778 21 1802
63106 864178 21 1744
63130 863075 21 1820
63151 864535 18 1733
63172 864002 18 1715
63193 863162 18 1805
63216 862197 20 1840
63237 865590 19 1779
63258 864060 18 1664
63281 863105 20 1788
63307 865580 23 1811
63332 864517 22 1859
63352 862647 17 1733
63373 861118 19 1684
63394 862600 17 1703
63414 863800 18 1670
63436 864517 19 1760
63456 863549 17 1678
63480 865026 21 1850
63505 863024 22 1683
63529 861960 21 1702
63550 862726 18 1744
63573 864601 20 1817
63594 863953 18 1825
63615 863467 18 1745
63637 866519 19 1797
63658 864341 17 1743
63681 863206 20 1789
63708 860821 23 1744
63729 859471 17 1705
63749 866620 18 1690
63771 862889 19 1812
63793 862994 19 1817
63817 863281 21 1806
63839 861875 19 1770
63861 865725 19 1821
63884 865526 20 1846
63911 863507 23 1798
63931 861613 17 1700
63954 863717 20 1803
63977 862707 20 1764
63998 862970 18 1743
64020 864522 19 1766
64042 863197 19 1770
64062 864022 17 1790
64083 863317 18 1755
64106 860693 20 1686
64127 860984 18 1643
64148 864309 18 1739
64172 864866 20 1740
64193 865259 18 1763
64215 863313 19 1740
64236 864435 18 1784
64260 862998 20 1824
64281 861986 18 1713
64306 865902 22 1819
64332 863490 22 1727
64354 862471 19 1786
64375 866501 18 1785
64397 863861 19 1795
64418 863596 18 1747
64439 861914 18 1676
64459 862828 18 1739
64482 862794 19 1777
64505 865711 20 1841
64530 860803 22 1717
64552 860973 19 1786
64575 866581 20 1842
64599 865041 21 1769
64620 864317 18 1775
64642 865859 19 1817
64665 865209 20 1872
64687 864607 19 1812
64712 864412 22 1811
64739 864058 22 1761
64762 863807 20 1801
64786 865029 21 1816
64808 866210 19 1839
64829 865286 18 1752
64849 864141 18 1748
64872 861948 19 1814
64896 863951 21 1839
64920 866742 21 1814
64947 865144 23 1816
64968 858325 18 1673
64991 864918 20 1904
65014 862363 20 1719
65035 862354 18 1748
65056 863921 18 1708
65077 863867 18 1686
65101 864288 21 1833
65128 865689 24 1795
65150 862342 18 1743
65171 863969 18 1719
65194 863840 19 1765
65215 862713 19 1795
65237 864625 18 1772
65261 863707 21 1836
65282 864410 17 1749
65303 863638 18 1734
65329 861854 23 1821
65353 863108 20 1847
65375 864204 19 1788
65397 863549 19 1784
65419 864086 19 1800
65440 862556 18 1775
65461 865228 18 1764
65482 861912 18 1774
65505 866153 20 1834
65532 864040 24 1801
65556 864964 21 1860
65577 864123 17 1739
65599 864806 19 1781
65621 863942 19 1826
65642 860679 18 1774
65663 862605 19 1788
65685 862918 18 1746
65706 865360 19 1844
65730 862746 20 1788
65753 862552 19 1705
65775 863089 20 1799
65798 864334 19 1757
65820 866849 19 1835
65844 863610 21 1794
65864 864175 17 1751
65885 864074 18 1733
65906 862940 18 1716
65929 865706 20 1755
65955 864884 22 1823
65976 864625 18 1769
65997 861100 17 1735
66018 865001 19 1839
66040 865057 18 1797
66061 863034 18 1783
66082 864786 19 1831
66104 860596 19 1718
66128 863356 21 1734
66156 863588 25 1777
66178 862344 19 1785
66200 864016 19 1691
66223 866494 20 1896
66244 864955 19 1775
66267 864308 20 1835
66288 864950 18 1793
66309 860872 17 1714
66332 864742 20 1787
66357 866087 22 1848
66379 865982 20 1854
66400 864615 18 1782
66421 861837 19 1721
66443 864848 19 1847
66465 863665 19 1826
66485 866248 18 1745
66506 864539 18 1692
66532 865361 23 1801
66558 863522 23 1750
66580 867657 18 1746
66601 863929 18 1783
66623 865957 19 1785
66644 862857 18 1695
66667 866547 20 2015
66688 863148 19 1805
66712 864079 21 1841
66736 866052 21 1849
66762 864522 23 1731
66783 863928 18 1791
66806 863621 20 1762
66829 867029 20 1880
66854 865275 22 1925
66879 864157 22 1922
66903 863461 21 1857
66924 865044 18 1761
66946 859190 19 1690
66971 863299 21 1759
66991 862860 17 1721
67014 863118 20 1840
67038 861959 21 1789
67063 863694 22 1877
67083 865061 18 1772
67105 861938 19 1787
67126 863213 18 1734
67149 862749 20 1735
67178 865241 25 1838
67203 862682 21 1775
67229 866093 23 1919
67249 862446 17 1776
67270 863470 18 1746
67292 866366 19 1862
67315 862355 20 1765
67339 862727 21 1795
67368 863369 26 1682
67392 865848 20 1829
67414 862588 19 1811
67437 863183 19 1760
67456 861314 16 1631
67481 866572 22 1854
67507 865429 23 1927
67529 863231 19 1832
67553 864024 21 1816
67580 864271 24 1809
67606 863475 23 1783
67629 863591 20 1711
67652 863766 20 1764
67675 862702 19 1731
67696 866525 18 1802
67719 863685 20 1811
67741 863022 19 1769
67764 863239 20 1775
67789 864358 21 1743
67813 866521 21 1831
67837 863623 21 1791
67860 862738 19 1781
67881 865321 19 1785
67904 863376 19 1806
67928 864717 21 1865
67948 862753 17 1714
67975 866498 23 1836
67997 860944 19 1797
68019 865002 19 1757
68042 864547 19 1783
68063 864146 18 1807
68083 862037 17 1651
68104 863208 19 1834
68126 862644 19 1809
68146 864082 17 1716
68168 861049 20 1765
68195 865899 23 1816
68218 864804 20 1852
68241 863268 20 1771
68265 864629 20 1866
68286 863316 18 1720
68307 864764 18 1780
68328 865246 19 1817
68350 862031 19 1754
68378 864879 25 1919
68401 862556 19 1745
68422 863142 19 1796
68443 865173 18 1781
68466 865370 20 1790
68488 864735 18 1752
68510 864390 19 1760
68531 867214 19 1819
68552 865552 18 1804
68577 862916 22 1785
68609 865128 27 1818
68631 864995 20 1786
68655 865557 20 1833
68677 863497 19 1737
68700 864972 19 1775
68724 864711 21 1809
68745 861951 17 1711
68767 863957 20 1744
68794 860322 23 1700
68816 863815 19 1807
68841 864207 21 1753
68864 864574 20 1803
68886 866147 19 1824
68909 860842 20 1783
68928 861271 17 1687
68949 862002 18 1754
68974 866913 22 1820
68998 862600 21 1791
69019 863059 18 1735
69039 863188 17 1745
69063 865458 21 1880
69084 864971 18 1847
69107 862447 20 1801
69129 863872 20 1803
69150 863743 18 1719
69175 863464 21 1788
69200 863547 23 1729
69222 863917 18 1747
69243 861352 19 1738
69264 862277 18 1732
69286 866699 19 1829
69309 863980 20 1827
69329 864920 17 1703
69351 865035 20 1830
69373 861633 19 1693
69397 863536 21 1708
69421 864895 20 1836
69442 864298 18 1797
69466 864739 21 1842
69487 860848 18 1734
69510 864740 20 1787
69532 866418 19 1816
69553 864159 18 1710
69576 864886 20 1761
69602 864476 23 1822
69623 864028 18 1787
69644 861558 18 1759
69666 864468 19 1826
69688 867507 20 1925
69712 865314 21 1892
69734 863957 18 1755
69755 864675 18 1747
69778 863010 20 1804
69801 862822 20 1682
69824 863576 19 1724
69845 864127 18 1708
69868 863414 20 1704
69889 862806 18 1740
69911 864778 19 1848
69933 862998 19 1797
69956 863691 20 1786
69978 861860 18 1742
70008 863590 27 1784
70033 863583 20 1809
70055 863100 19 1746
70079 862849 20 1808
70100 862475 18 1788
70122 863874 19 1811
70144 862880 19 1769
70167 863428 20 1765
70189 864367 19 1821
70215 865130 23 1846
70239 863995 20 1826
70261 863944 19 1814
70280 862608 17 1678
70302 863274 19 1740
70324 863862 18 1756
70345 860000 19 1794
70367 864255 19 1836
70388 862592 18 1721
70415 863431 23 1721
70438 864528 20 1782
70459 861912 18 1759
70480 863951 18 1737
70501 865302 19 1793
70524 863765 20 1786
70545 864591 18 1781
70568 862580 20 1856
70589 864306 19 1758
70615 863384 23 1762
70639 862294 21 1832
70660 863099 18 1755
70683 863717 20 1783
70705 863090 19 1790
70727 862205 18 1730
70749 866271 19 1807
70770 861936 18 1664
70792 865312 19 1766
70818 864338 23 1851
70839 861492 18 1683
70861 863809 19 1779
70882 863207 18 1732
70904 863977 19 1734
70925 863500 18 1758
70946 862507 18 1784
70967 862155 18 1744
70990 865497 21 1791
71015 863775 22 1750
71042 864026 23 1832
71062 863384 17 1690
71086 864509 21 1790
71107 862623 18 1696
71129 865041 20 1845
71150 864976 18 1746
71170 863591 17 1660
71193 865766 20 1807
71216 863308 20 1793
71245 865268 24 1883
71268 863481 20 1765
71289 863871 18 1684
71314 865115 21 1789
71334 861501 17 1699
71359 866477 22 1869
71382 865062 20 1857
71404 864275 19 1757
71432 865504 24 1782
71456 864103 21 1795
71478 865614 19 1789
71502 865614 21 1797
71525 866091 20 1818
71548 865118 21 1873
71570 863648 18 1802
71594 864660 21 1861
71617 864089 21 1737
71643 864889 22 1799
71666 863731 20 1839
71687 864702 19 1750
71709 863826 18 1768
71731 865253 19 1826
71751 866107 18 1804
71773 865403 19 1847
71796 861707 19 1805
71818 863866 19 1789
71844 862350 23 1840
71865 862919 18 1747
71888 865536 20 1851
71910 864692 19 1824
71931 864113 19 1784
71955 864644 20 1809
71977 863442 19 1717
71999 865350 19 1845
72021 863520 19 1793
72047 864203 23 1729
72072 866807 22 1805
72094 863708 20 1856
72117 863886 20 1840
72138 863728 18 1750
72159 863006 18 1724
72181 864579 19 1827
72202 864200 19 1726
72227 864171 21 1841
72255 865167 26 1875
72278 863849 20 1756
72302 863041 21 1736
72324 863777 19 1758
72345 865937 18 1738
72365 864027 17 1745
72386 862878 18 1765
72409 864836 19 1732
72431 862005 19 1722
72456 862645 22 1743
72477 863512 18 1757
72499 864032 19 1744
72520 865646 18 1781
72542 862298 18 1779
72563 863889 19 1783
72585 865949 19 1857
72605 865463 18 1770
72629 865114 21 1776
72659 865491 26 1805
72683 865747 21 1799
72705 864611 18 1733
72727 863339 19 1739
72747 864244 17 1740
72769 863409 19 1761
72791 862510 19 1771
72812 860803 18 1747
72834 861853 19 1730
72861 865185 24 1818
72882 863061 18 1755
72904 862256 19 1736
72925 861223 18 1693
72945 865104 17 1715
72965 864942 17 1772
72988 863047 20 1836
73011 863599 20 1755
73033 862722 20 1722
73058 863583 21 1721
73079 865222 18 1783
73100 863318 19 1837
73124 861234 21 1730
73146 863013 19 1767
73167 863777 17 1723
73191 864811 22 1795
73214 863147 20 1805
73236 861807 19 1719
73262 865601 23 1829
73284 865467 19 1862
73305 864941 18 1727
73327 865315 18 1831
73349 863512 20 1810
73371 864700 18 1737
73394 864625 20 1787
73415 863575 18 1740
73438 859274 20 1753
73464 865376 23 1812
73487 865107 20 1887
73508 864251 18 1740
73531 864456 20 1849
73554 865485 20 1885
73576 862171 19 1759
73598 865296 19 1729
73626 863196 24 1713
73651 862101 21 1748
73678 863089 22 1755
73711 863362 30 1764
73738 861255 22 1672
73765 864415 24 1740
73792 864180 23 1754
73815 861925 20 1779
73842 863439 24 1721
73869 862250 23 1720
73897 862913 24 1772
73920 863858 19 1794
73947 866071 24 1843
73970 865011 20 1801
73995 861764 22 1759
74017 864123 19 1753
74039 866562 19 1764
74071 865205 27 1874
74100 863240 26 1798
74132 865768 28 1817
74158 863706 22 1787
74181 862379 20 1786
74209 866601 25 1904
74231 863632 19 1702
74255 863711 21 1768
74283 864221 23 1764
74307 865008 21 1725
74331 862631 21 1775
74358 864021 23 1842
74384 863919 22 1823
74409 862052 22 1724
74436 862473 23 1779
74458 864247 19 1776
74487 866880 26 1824
74508 864086 19 1772
74530 861623 18 1754
74552 864445 20 1829
74573 865334 17 1761
74597 864308 21 1863
74620 865178 20 1837
74640 861545 17 1743
74662 863000 19 1716
74687 861915 22 1806
74711 863309 21 1788
74732 865842 19 1778
74756 865886 20 1878
74781 864219 22 1861
74803 862236 19 1746
74823 862304 17 1738
74845 864766 19 1814
74869 862873 21 1775
74897 865615 23 1824
74919 864384 19 1713
74941 862670 19 1758
74961 865287 18 1751
74983 863017 18 1780
75003 861377 18 1703
75026 864815 19 1870
75047 864682 18 1747
75070 863463 20 1767
75096 864489 22 1684
75118 863222 19 1747
75145 864454 23 1806
75166 864119 18 1742
75190 864064 21 1851
75211 864417 18 1725
75232 863097 18 1719
75255 863613 20 1797
75282 862895 24 1773
75310 865539 25 1827
75333 864013 20 1787
75356 866202 20 1789
75378 863599 19 1800
75402 864783 20 1840
75423 864042 18 1776
75443 864360 17 1662
75467 863593 21 1862
75492 863031 22 1805
75514 864553 19 1785
75539 865203 22 1797
75560 862769 18 1751
75582 863647 19 1791
75604 864372 19 1810
75625 864334 18 1758
75647 865893 19 1822
75672 864146 22 1750
75699 864957 24 1855
75720 865116 18 1781
75741 865565 18 1811
75764 861828 20 1765
75784 863590 17 1737
75805 862668 19 1845
75826 866136 18 1825
75848 866014 18 1751
75867 860859 16 1686
75891 862321 20 1689
75914 863320 19 1763
75934 863628 17 1698
75958 863351 20 1810
75981 864182 21 1821
76005 862154 20 1764
76026 862873 19 1842
76048 863276 19 1779
76070 861603 18 1713
76098 863927 25 1838
76120 863768 19 1795
76142 864237 19 1787
76165 862992 20 1830
76192 865688 24 1869
76214 866578 19 1809
76235 864376 19 1731
76256 862578 17 1694
76278 863939 19 1823
76301 862243 20 1699
76326 864036 22 1747
76350 866895 20 1819
76375 862614 22 1780
76396 863078 18 1778
76417 864478 17 1729
76439 863737 20 1777
76462 866580 19 1803
76485 863737 21 1792
76515 863202 26 1720
76541 865357 22 1793
76561 861879 18 1713
76582 864036 18 1749
76607 865004 21 1848
76627 861312 18 1773
76647 863226 17 1735
76668 862511 18 1747
76692 862967 21 1796
76720 862537 25 1804
76741 864586 18 1754
76764 863943 20 1743
76784 862987 18 1779
76807 865678 20 1861
76828 861999 18 1643
76848 861930 17 1771
76871 866581 20 1877
76895 864823 21 1867
76920 864550 22 1795
76942 864428 19 1815
76966 865371 20 1809
76989 864937 20 1827
77011 862665 19 1911
77033 863323 18 1790
77054 863483 18 1781
77075 866948 19 1748
77098 863141 20 1861
77127 864632 26 1852
77150 864948 20 1830
77174 863230 20 1815
77195 864861 19 1839
77217 863544 18 1742
77237 863552 18 1744
77258 862219 18 1743
77282 865211 21 1812
77305 863230 20 1787
77331 862429 22 1740
77353 863330 18 1787
77373 861428 17 1709
77396 863265 20 1876
77418 862824 19 1759
77440 865351 19 1859
77461 865026 18 1742
77483 861899 19 1768
77507 864370 21 1849
77531 859745 21 1753
77552 861056 18 1759
77573 864079 17 1773
77595 864530 19 1810
77618 863976 20 1797
77640 864293 19 1760
77662 862759 19 1772
77686 863637 21 1823
77708 862801 19 1713
77733 863764 23 1780
77755 865410 19 1775
77777 859828 19 1695
77798 863868 18 1701
77819 863322 18 1719
77841 862089 19 1692
77862 864262 18 1709
77883 862641 19 1773
77908 864520 22 1824
77937 864516 25 1782
77963 864579 23 1843
77985 863989 19 1852
78006 860914 18 1757
78028 866910 19 1797
78049 864545 18 1778
78069 863899 17 1708
78093 864956 20 1780
78117 865865 21 1840
78142 865305 21 1827
78164 861759 19 1858
78187 865319 20 1836
78208 862538 18 1722
78233 866205 22 1835
78255 864859 18 1789
78275 861222 17 1776
78295 862103 18 1704
78318 864766 19 1785
78347 865926 26 1885
78371 865371 21 1883
78393 863783 19 1781
78416 864560 20 1760
78437 863202 18 1784
78458 866683 18 1819
78480 860540 19 1755
78504 864448 21 1802
78531 864933 24 1858
78555 865046 20 1790
78575 862797 17 1739
78596 863751 18 1699
78619 867222 20 1885
78643 864240 21 1877
78664 862804 18 1701
78687 865880 20 1773
78709 864895 19 1822
78733 863564 21 1792
78756 863361 19 1749
78778 863067 19 1805
78802 863512 21 1811
78823 865204 18 1743
78845 864734 18 1777
78866 862519 18 1715
78887 863500 18 1757
78909 864741 18 1785
78933 864417 21 1658
78957 864570 20 1798
78979 860817 19 1797
79002 860891 20 1791
79023 863703 18 1812
79045 862710 18 1771
79067 865634 20 1900
79089 865323 18 1772
79110 864080 18 1722
79130 861862 18 1722
79158 861532 24 1714
79180 865014 19 1743
79204 865155 21 1922
79226 862878 19 1703
79248 863210 19 1774
79270 864798 19 1871
79292 866301 19 1789
79313 866318 18 1798
79337 862564 21 1731
79362 862276 22 1736
79385 866353 19 1904
79408 863503 21 1795
79432 866522 20 1901
79453 864611 19 1771
79476 864597 20 1837
79501 867135 22 1890
79523 865568 19 1818
79548 863943 21 1788
79570 864504 19 1770
79592 864215 19 1799
79615 861569 20 1810
79638 866087 20 1838
79659 865466 18 1766
79679 863793 17 1718
79699 861999 17 1725
79720 863837 18 1782
79741 864554 18 1695
79767 862757 23 1711
79789 863996 19 1761
79812 863141 19 1801
79833 863678 18 1801
79854 862158 19 1758
79877 863147 19 1850
79897 861334 18 1706
79920 862297 20 1795
79943 862912 20 1761
79969 860722 23 1722
79994 864739 22 1784
80017 864146 20 1826
80040 864828 20 1836
80062 865178 20 1787
80083 862239 18 1737
80108 863901 22 1831
80131 866227 20 1920
80158 864868 23 1809
80181 865828 20 1753
80203 863111 19 1755
80227 865595 21 1811
80249 864659 19 1808
80272 863677 20 1798
80294 864871 19 1807
80315 862511 18 1699
80337 862179 19 1784
80365 862926 24 1784
80387 865763 18 1761
80410 867655 20 1869
80433 862438 20 1827
80455 863938 18 1762
80476 861682 18 1772
80497 864330 18 1773
80519 864680 19 1694
80540 864558 18 1751
80566 864264 22 1823
80593 866396 24 1822
80617 863950 21 1785
80638 862841 18 1687
80657 862985 17 1716
80677 862338 17 1712
80699 865021 20 1804
80721 864335 18 1762
80741 861763 17 1699
80767 864017 22 1763
80789 862263 19 1714
80811 865353 19 1840
80833 864155 19 1779
80855 862812 20 1827
80876 863505 18 1764
80897 864621 18 1767
80918 863222 18 1783
80940 861919 19 1750
80962 863307 19 1751
80987 865575 21 1865
81009 863313 19 1831
81032 865834 19 1858
81055 866924 20 1829
81077 864954 19 1811
81100 864910 21 1811
81122 863360 19 1797
81144 864683 19 1863
81167 865528 20 1761
81192 863172 21 1709
81214 864905 18 1850
81236 865930 19 1748
81258 864455 19 1682
81279 864207 18 1737
81299 863716 17 1691
81321 865400 18 1824
81341 864456 18 1790
81364 864281 20 1811
81389 864036 21 1832
81410 865710 18 1794
81431 862596 19 1798
81452 864064 18 1693
81476 866647 21 1870
81499 865075 20 1704
81520 864336 18 1764
81541 864903 18 1807
81568 865552 24 1837
81594 862687 23 1707
81614 861456 18 1743
81638 861163 20 1765
81659 861217 19 1787
81679 862036 17 1716
81701 864366 19 1794
81723 863875 19 1851
81745 864337 19 1742
81770 865320 22 1885
81798 865265 26 1751
81820 864896 19 1856
81843 863036 20 1827
81866 865363 19 1835
81891 863172 22 1843
81912 865158 18 1733
81932 863603 18 1791
81954 864120 19 1816
81977 861291 20 1714
82002 864343 21 1791
82023 862377 18 1763
82044 864430 18 1769
82067 865026 20 1816
82092 864638 22 1821
82115 864029 20 1821
82136 864130 18 1811
82160 866429 21 1883
82183 865170 20 1762
82210 866898 23 1861
82235 863984 22 1864
82256 863143 18 1749
82279 864753 21 1862
82300 861307 18 1788
82322 864614 18 1785
82344 865634 19 1787
82366 864165 20 1868
82392 862580 23 1773
82415 862832 19 1797
82436 863112 18 1749
82458 864596 18 1749
82481 867697 21 1853
82503 865812 19 1840
82524 863298 18 1701
82544 863874 17 1692
82565 866181 18 1784
82589 864371 22 1783
82616 864043 23 1770
82637 864724 18 1776
82659 862723 19 1762
82681 863299 19 1790
82702 863697 18 1723
82722 863210 17 1724
82747 865044 21 1835
82768 864730 19 1739
82792 863326 20 1762
82817 861540 22 1751
82841 863131 21 1857
82865 860009 20 1814
82885 863328 17 1721
82907 864526 20 1806
82930 866469 20 1843
82951 864687 18 1782
82972 860772 18 1724
82995 862653 20 1734
83022 864810 23 1851
83047 864899 22 1696
83071 865004 21 1840
83092 864596 18 1740
83114 863102 20 1780
83136 864898 19 1795
83158 863699 19 1789
83178 862654 18 1699
83207 862871 26 1715
83232 864836 21 1769
83254 864189 19 1799
83277 864578 20 1734
83299 862659 19 1720
83319 863075 17 1713
83341 863750 19 1823
83365 863713 21 1752
83387 860681 19 1755
83413 863523 22 1811
83434 861730 18 1786
83457 864912 19 1822
83480 862796 20 1812
83504 864453 20 1883
83527 864969 20 1799
83548 864408 18 1820
83569 864732 18 1810
83591 863227 19 1746
83616 864140 21 1800
83639 863271 21 1773
83662 862400 20 1826
83685 865213 20 1856
83706 863034 18 1724
83726 863866 18 1688
83748 864478 19 1830
83771 867006 20 1753
83791 861612 17 1695
83818 865217 23 1826
83841 866454 20 1839
83866 866222 22 1850
83888 864195 19 1755
83910 865561 19 1827
83932 863659 19 1737
83953 864214 18 1739
83974 864977 19 1856
84000 863128 22 1756
84026 864660 23 1759
84047 861741 18 1844
84067 859696 17 1693
84088 863999 18 1691
84110 865418 19 1807
84135 868294 22 1928
84157 863492 19 1713
84179 864222 20 1766
84203 864937 21 1940
84229 863961 23 1790
84250 865190 18 1778
84273 864186 20 1765
84295 863090 19 1848
84315 863807 17 1738
84336 864043 18 1758
84357 862281 18 1819
84378 861795 17 1745
84398 861805 17 1723
84429 865754 27 1798
84453 861777 20 1771
84473 863213 17 1729
84495 863618 19 1819
84515 862046 17 1710
84536 863341 18 1808
84558 861778 19 1822
84580 862545 19 1840
84604 865626 21 1812
84635 863528 26 1808
84656 864874 19 1830
84678 863792 19 1813
84702 865129 21 1807
84723 862650 18 1664
84744 864364 18 1784
84766 863411 19 1828
84788 864870 19 1873
84809 862906 18 1660
84834 862822 22 1814
84858 866201 21 1859
84878 863092 17 1721
84900 864398 19 1752
84921 862951 19 1788
84944 862874 20 1820
84965 862782 18 1762
84987 863050 19 1784
85010 867302 20 1817
